Sensor,s_0
1533506854,173.0
1533507924,1228.0
1533508935,1241.0
1533509928,1236.0
1533508819,1183.0
1533506907,1259.0
1533507929,1238.0
1533508970,1215.0
1533509996,1142.0
1533510988,1240.0
1533512894,1217.0
1533510369,1163.0
1533511632,1193.0
1533512722,1182.0
1533510305,1135.0
1533511336,1244.0
1533512378,1246.0
1533513416,1201.0
1533514425,1199.0
1533515423,1241.0
1533516433,1240.0
1533516439,1240.0
1533516444,1240.0
1533516449,1240.0
1533516455,1240.0
1533516460,1240.0
1533516466,1240.0
1533516471,1240.0
1533516477,1240.0
1533516482,1240.0
1533516487,1240.0
1533516493,1240.0
1533516499,1241.0
1533516505,1241.0
1533516511,1241.0
1533516516,1241.0
1533516522,1241.0
1533516528,1240.0
1533516534,1240.0
1533516539,1240.0
1533516545,1239.0
1533516551,1239.0
1533516556,1238.0
1533516562,1238.0
1533516567,1238.0
1533516572,1238.0
1533516578,1238.0
1533516583,1239.0
1533516589,1239.0
1533516595,1239.0
1533516601,1239.0
1533516607,1239.0
1533516612,1239.0
1533516617,1240.0
1533516623,1241.0
1533516629,1242.0
1533516635,1242.0
1533516640,1241.0
1533516646,1240.0
1533516651,1237.0
1533516657,1234.0
1533516662,1233.0
1533516668,1231.0
1533516674,1226.0
1533516679,1221.0
1533516685,1219.0
1533516691,1216.0
1533516696,1214.0
1533516702,1213.0
1533516708,1212.0
1533516713,1212.0
1533516719,1210.0
1533516724,1209.0
1533516730,1208.0
1533516735,1206.0
1533516741,1204.0
1533516746,1203.0
1533516752,1201.0
1533516758,1198.0
1533516764,1193.0
1533516770,1190.0
1533516776,1188.0
1533516781,1186.0
1533516787,1184.0
1533516792,1182.0
1533516797,1179.0
1533516802,1177.0
1533516808,1175.0
1533511342,1244.0
1533511347,1243.0
1533511352,1244.0
1533511358,1242.0
1533511364,1241.0
1533511370,1238.0
1533511376,1235.0
1533511382,1246.0
1533511388,1243.0
1533511394,1239.0
1533511400,1236.0
1533511406,1232.0
1533511412,1229.0
1533511418,1225.0
1533511424,1221.0
1533511430,1220.0
1533511436,1217.0
1533511448,1215.0
1533511454,1214.0
1533511460,1212.0
1533511466,1210.0
1533511472,1206.0
1533511478,1203.0
1533511484,1203.0
1533511490,1200.0
1533511496,1198.0
1533511501,1197.0
1533511507,1197.0
1533511513,1197.0
1533511518,1196.0
1533511524,1191.0
1533511530,1187.0
1533511536,1185.0
1533511541,1185.0
1533511547,1184.0
1533511552,1182.0
1533511558,1179.0
1533511564,1175.0
1533511570,1172.0
1533511575,1169.0
1533511580,1166.0
1533511586,1163.0
1533511592,1161.0
1533511598,1161.0
1533511603,1162.0
1533511609,1162.0
1533511615,1161.0
1533511621,1160.0
1533511627,1159.0
1533511633,1159.0
1533511639,1158.0
1533511645,1157.0
1533511650,1155.0
1533511656,1154.0
1533511662,1153.0
1533511668,1153.0
1533511674,1153.0
1533511680,1153.0
1533511686,1153.0
1533511692,1153.0
1533511698,1153.0
1533511704,1153.0
1533511710,1153.0
1533511716,1153.0
1533511721,1153.0
1533511727,1153.0
1533511739,1153.0
1533511745,1153.0
1533511750,1153.0
1533511756,1154.0
1533511762,1154.0
1533511768,1154.0
1533511774,1154.0
1533511780,1154.0
1533511785,1154.0
1533511791,1154.0
1533511796,1154.0
1533511802,1154.0
1533511808,1154.0
1533511814,1155.0
1533511819,1155.0
1533511825,1156.0
1533511831,1157.0
1533511836,1158.0
1533511842,1158.0
1533511848,1158.0
1533511854,1159.0
1533511866,1161.0
1533512384,1259.0
1533512390,1259.0
1533512396,1259.0
1533512402,1260.0
1533512408,1260.0
1533512414,1260.0
1533512420,1260.0
1533512426,1260.0
1533512432,1260.0
1533512438,1260.0
1533512444,1260.0
1533512450,1260.0
1533512456,1261.0
1533512462,1262.0
1533512468,1262.0
1533512474,1262.0
1533512480,1262.0
1533512486,1262.0
1533512492,1262.0
1533512498,1260.0
1533512504,1259.0
1533512510,1259.0
1533512516,1259.0
1533512522,1258.0
1533512528,1257.0
1533512534,1258.0
1533512540,1257.0
1533512545,1255.0
1533512550,1253.0
1533512556,1251.0
1533512562,1249.0
1533512568,1246.0
1533512573,1243.0
1533512579,1239.0
1533512585,1234.0
1533512590,1232.0
1533512596,1228.0
1533512601,1224.0
1533512606,1223.0
1533512611,1221.0
1533512616,1220.0
1533512622,1217.0
1533512627,1215.0
1533512633,1214.0
1533512638,1212.0
1533512643,1210.0
1533512648,1208.0
1533512654,1205.0
1533512660,1202.0
1533512666,1199.0
1533512672,1197.0
1533512678,1195.0
1533512684,1193.0
1533512690,1192.0
1533512696,1190.0
1533512702,1189.0
1533512708,1187.0
1533512714,1183.0
1533512720,1182.0
1533512726,1181.0
1533512732,1180.0
1533512738,1179.0
1533512744,1177.0
1533512749,1176.0
1533512755,1174.0
1533512761,1173.0
1533512766,1173.0
1533512772,1173.0
1533512778,1172.0
1533512783,1171.0
1533512789,1171.0
1533512795,1172.0
1533512800,1171.0
1533512806,1170.0
1533512812,1170.0
1533512817,1168.0
1533512822,1167.0
1533512833,1166.0
1533512838,1164.0
1533512844,1161.0
1533512850,1160.0
1533512856,1159.0
1533512861,1160.0
1533512867,1160.0
1533512872,1161.0
1533512878,1160.0
1533512884,1159.0
1533512890,1158.0
1533513422,1214.0
1533513427,1214.0
1533513433,1214.0
1533513439,1214.0
1533513444,1214.0
1533513450,1214.0
1533513455,1216.0
1533513461,1217.0
1533513467,1218.0
1533513472,1220.0
1533513478,1221.0
1533513484,1222.0
1533513489,1223.0
1533513495,1225.0
1533513500,1226.0
1533513506,1227.0
1533513512,1229.0
1533513517,1230.0
1533513522,1231.0
1533513528,1233.0
1533513534,1233.0
1533513539,1234.0
1533513545,1235.0
1533513551,1236.0
1533513556,1236.0
1533513562,1238.0
1533513568,1240.0
1533513573,1241.0
1533513578,1242.0
1533513584,1244.0
1533513590,1246.0
1533513596,1248.0
1533513604,1178.0
1533513609,1178.0
1533513614,1178.0
1533513620,1178.0
1533513625,1178.0
1533513631,1178.0
1533513637,1179.0
1533513643,1179.0
1533513649,1179.0
1533513654,1179.0
1533513660,1179.0
1533513665,1179.0
1533513671,1179.0
1533513676,1179.0
1533513681,1179.0
1533513687,1179.0
1533513693,1179.0
1533513698,1179.0
1533513703,1179.0
1533513709,1179.0
1533513715,1179.0
1533513721,1179.0
1533513727,1181.0
1533513733,1181.0
1533513738,1181.0
1533513744,1181.0
1533513750,1180.0
1533513756,1180.0
1533513762,1179.0
1533513767,1179.0
1533513773,1179.0
1533513778,1178.0
1533513784,1178.0
1533513789,1180.0
1533513794,1181.0
1533513800,1181.0
1533513805,1182.0
1533513811,1184.0
1533513816,1186.0
1533513822,1189.0
1533513827,1190.0
1533513833,1189.0
1533513838,1190.0
1533513844,1190.0
1533513850,1190.0
1533513856,1191.0
1533513862,1191.0
1533513868,1191.0
1533513874,1192.0
1533513880,1192.0
1533513886,1192.0
1533513891,1193.0
1533513897,1194.0
1533513903,1196.0
1533513908,1197.0
1533513914,1201.0
1533514430,1209.0
1533514436,1207.0
1533514442,1204.0
1533514448,1200.0
1533514454,1197.0
1533514460,1196.0
1533514465,1196.0
1533514471,1194.0
1533514476,1192.0
1533514481,1191.0
1533514486,1190.0
1533514492,1188.0
1533514498,1187.0
1533514504,1187.0
1533514510,1185.0
1533514515,1184.0
1533514520,1184.0
1533514525,1184.0
1533514531,1183.0
1533514536,1182.0
1533514541,1182.0
1533514546,1182.0
1533514552,1181.0
1533514558,1180.0
1533514563,1179.0
1533514568,1179.0
1533514573,1179.0
1533514579,1179.0
1533514584,1179.0
1533514590,1179.0
1533514596,1179.0
1533514602,1179.0
1533514608,1179.0
1533514613,1179.0
1533514619,1179.0
1533514625,1179.0
1533514631,1179.0
1533514637,1179.0
1533514643,1179.0
1533514648,1179.0
1533514654,1179.0
1533514659,1179.0
1533514665,1179.0
1533514670,1179.0
1533514676,1179.0
1533514681,1179.0
1533514687,1179.0
1533514693,1179.0
1533514698,1179.0
1533514704,1179.0
1533514709,1179.0
1533514715,1179.0
1533514721,1179.0
1533514726,1179.0
1533514732,1179.0
1533514738,1179.0
1533514744,1179.0
1533514749,1179.0
1533514755,1179.0
1533514760,1179.0
1533514766,1179.0
1533514772,1179.0
1533514778,1179.0
1533514784,1179.0
1533514790,1179.0
1533514796,1179.0
1533514802,1179.0
1533514808,1178.0
1533514814,1178.0
1533514819,1178.0
1533514825,1178.0
1533514831,1178.0
1533514836,1178.0
1533514842,1178.0
1533514847,1178.0
1533514852,1178.0
1533514858,1178.0
1533514863,1178.0
1533514868,1178.0
1533514874,1178.0
1533514880,1178.0
1533514886,1178.0
1533514891,1178.0
1533514897,1178.0
1533514902,1178.0
1533514907,1178.0
1533514913,1178.0
1533514919,1178.0
1533515428,1254.0
1533515434,1254.0
1533515440,1254.0
1533515446,1256.0
1533515451,1257.0
1533515457,1258.0
1533515463,1259.0
1533515469,1259.0
1533515475,1259.0
1533515480,1259.0
1533515486,1257.0
1533515491,1258.0
1533515496,1259.0
1533515502,1259.0
1533515507,1256.0
1533515513,1251.0
1533515519,1247.0
1533515524,1243.0
1533515529,1239.0
1533515534,1235.0
1533515539,1232.0
1533515545,1227.0
1533515551,1220.0
1533515556,1214.0
1533515561,1210.0
1533515567,1204.0
1533515573,1201.0
1533515579,1198.0
1533515585,1193.0
1533515590,1190.0
1533515596,1186.0
1533515602,1183.0
1533515608,1182.0
1533515614,1181.0
1533515619,1181.0
1533515624,1179.0
1533515630,1177.0
1533515636,1175.0
1533515641,1174.0
1533515646,1174.0
1533515652,1173.0
1533515658,1172.0
1533515663,1172.0
1533515674,1175.0
1533515680,1175.0
1533515686,1175.0
1533515692,1174.0
1533515698,1174.0
1533515704,1174.0
1533515710,1174.0
1533515716,1175.0
1533515722,1176.0
1533515727,1176.0
1533515733,1176.0
1533515738,1176.0
1533515745,1176.0
1533515750,1176.0
1533515755,1176.0
1533515761,1176.0
1533515766,1176.0
1533515771,1176.0
1533515777,1176.0
1533515782,1176.0
1533515787,1176.0
1533515792,1176.0
1533515798,1176.0
1533515804,1176.0
1533515810,1176.0
1533515815,1176.0
1533515820,1176.0
1533515826,1176.0
1533515831,1176.0
1533515837,1176.0
1533515842,1176.0
1533515848,1176.0
1533515853,1176.0
1533515859,1176.0
1533515864,1176.0
1533515870,1176.0
1533515876,1176.0
1533515882,1176.0
1533515887,1176.0
1533515893,1176.0
1533515898,1176.0
1533515904,1176.0
1533515910,1176.0
1533515916,1176.0
1533515921,1176.0
1533517195,1177.0
1533513607,1199.0
1533513613,1200.0
1533513619,1201.0
1533513624,1201.0
1533513630,1202.0
1533513635,1202.0
1533513641,1200.0
1533513646,1200.0
1533513652,1200.0
1533513658,1200.0
1533513664,1200.0
1533513670,1200.0
1533513676,1200.0
1533513682,1200.0
1533513688,1200.0
1533513694,1200.0
1533513700,1200.0
1533513706,1200.0
1533513712,1200.0
1533513718,1200.0
1533513723,1200.0
1533513728,1200.0
1533513733,1200.0
1533513739,1200.0
1533513745,1200.0
1533513750,1200.0
1533513756,1200.0
1533513761,1200.0
1533513766,1200.0
1533513772,1200.0
1533513777,1200.0
1533513783,1200.0
1533513788,1200.0
1533513800,1200.0
1533513806,1200.0
1533513812,1200.0
1533513817,1200.0
1533513823,1200.0
1533513829,1200.0
1533513834,1200.0
1533513839,1200.0
1533513845,1200.0
1533513851,1200.0
1533513857,1200.0
1533513863,1200.0
1533513869,1200.0
1533513875,1200.0
1533513881,1200.0
1533513887,1200.0
1533513892,1200.0
1533513898,1200.0
1533513903,1200.0
1533513909,1200.0
1533513915,1200.0
1533513921,1200.0
1533513926,1200.0
1533513931,1200.0
1533513937,1200.0
1533513943,1200.0
1533513948,1200.0
1533513954,1200.0
1533513959,1200.0
1533513965,1200.0
1533513971,1200.0
1533513977,1200.0
1533513982,1200.0
1533513988,1200.0
1533513994,1200.0
1533514000,1200.0
1533514006,1200.0
1533514011,1200.0
1533514016,1200.0
1533514022,1200.0
1533514028,1200.0
1533514033,1200.0
1533514039,1200.0
1533514045,1200.0
1533514056,1200.0
1533514062,1200.0
1533514068,1200.0
1533514074,1200.0
1533514079,1200.0
1533514085,1199.0
1533514091,1199.0
1533514097,1200.0
1533514103,1200.0
1533514109,1200.0
1533514114,1200.0
1533514120,1200.0
1533514126,1200.0
1533514132,1200.0
1533514137,1199.0
1533514142,1199.0
1533514154,1199.0
1533514160,1199.0
1533514165,1199.0
1533514170,1199.0
1533514176,1199.0
1533514182,1199.0
1533514188,1199.0
1533514193,1199.0
1533514198,1199.0
1533514204,1199.0
1533514210,1199.0
1533514216,1199.0
1533514221,1199.0
1533514227,1199.0
1533514233,1199.0
1533514239,1199.0
1533514245,1199.0
1533514250,1199.0
1533514256,1199.0
1533514262,1199.0
1533514267,1199.0
1533514274,1199.0
1533514279,1199.0
1533514285,1199.0
1533514290,1199.0
1533514296,1199.0
1533514302,1199.0
1533514307,1199.0
1533514313,1199.0
1533514319,1199.0
1533514325,1199.0
1533514330,1199.0
1533514335,1199.0
1533514341,1199.0
1533514346,1199.0
1533514352,1199.0
1533514357,1199.0
1533514363,1199.0
1533514368,1199.0
1533514374,1199.0
1533514380,1199.0
1533514385,1199.0
1533514390,1199.0
1533514396,1199.0
1533514401,1199.0
1533514406,1199.0
1533514412,1199.0
1533514418,1199.0
1533514423,1199.0
1533514429,1199.0
1533514435,1199.0
1533514440,1199.0
1533514446,1199.0
1533514452,1199.0
1533514457,1199.0
1533514463,1199.0
1533514475,1199.0
1533514480,1199.0
1533514486,1199.0
1533514492,1199.0
1533514498,1199.0
1533514504,1199.0
1533514509,1199.0
1533514514,1199.0
1533514520,1200.0
1533514526,1200.0
1533514538,1199.0
1533514543,1198.0
1533514548,1197.0
1533514554,1197.0
1533514559,1196.0
1533514565,1196.0
1533514570,1196.0
1533514575,1195.0
1533514581,1194.0
1533514586,1193.0
1533514592,1192.0
1533514597,1192.0
1533514603,1193.0
1533514608,1194.0
1533514614,1194.0
1533514620,1196.0
1533514625,1197.0
1533514631,1196.0
1533514637,1195.0
1533514643,1194.0
1533514649,1193.0
1533514655,1193.0
1533514660,1195.0
1533514666,1194.0
1533514671,1193.0
1533514676,1192.0
1533514682,1193.0
1533514688,1193.0
1533514699,1195.0
1533514704,1197.0
1533514709,1197.0
1533514715,1198.0
1533514721,1198.0
1533514727,1196.0
1533514732,1196.0
1533514737,1195.0
1533514742,1193.0
1533514748,1191.0
1533514754,1190.0
1533514759,1191.0
1533514765,1190.0
1533514771,1188.0
1533514776,1189.0
1533514781,1190.0
1533514787,1188.0
1533514793,1189.0
1533514799,1191.0
1533514804,1192.0
1533514809,1194.0
1533514815,1195.0
1533514821,1196.0
1533514826,1197.0
1533514832,1199.0
1533514837,1199.0
1533514843,1201.0
1533514848,1202.0
1533514854,1202.0
1533514859,1203.0
1533514864,1205.0
1533514870,1205.0
1533514876,1206.0
1533514882,1207.0
1533514887,1208.0
1533514893,1209.0
1533514899,1212.0
1533514905,1214.0
1533514911,1216.0
1533514917,1218.0
1533514952,1223.0
1533514958,1225.0
1533514964,1225.0
1533514969,1227.0
1533514975,1226.0
1533514980,1226.0
1533514986,1228.0
1533514992,1231.0
1533514997,1232.0
1533515002,1232.0
1533515007,1234.0
1533515013,1233.0
1533515019,1231.0
1533515024,1230.0
1533515030,1228.0
1533515035,1228.0
1533515040,1228.0
1533515051,1228.0
1533515057,1228.0
1533515063,1228.0
1533515068,1228.0
1533515074,1227.0
1533515080,1226.0
1533515085,1225.0
1533515091,1224.0
1533515097,1222.0
1533515102,1220.0
1533515108,1219.0
1533515113,1218.0
1533515119,1218.0
1533515124,1218.0
1533515130,1219.0
1533515135,1219.0
1533515141,1219.0
1533515146,1218.0
1533515152,1217.0
1533515157,1215.0
1533515162,1213.0
1533515167,1211.0
1533515173,1208.0
1533515178,1206.0
1533515184,1202.0
1533515190,1198.0
1533515196,1195.0
1533515202,1189.0
1533515208,1187.0
1533515214,1192.0
1533515220,1193.0
1533515226,1192.0
1533515232,1193.0
1533515238,1193.0
1533515243,1192.0
1533515249,1191.0
1533515255,1191.0
1533515260,1191.0
1533515266,1191.0
1533515271,1193.0
1533515305,1201.0
1533515310,1202.0
1533515316,1202.0
1533515322,1202.0
1533515327,1203.0
1533515333,1205.0
1533515339,1206.0
1533515344,1207.0
1533515350,1208.0
1533515355,1209.0
1533515361,1211.0
1533515367,1212.0
1533515373,1213.0
1533515379,1214.0
1533515385,1215.0
1533515391,1215.0
1533515397,1216.0
1533515403,1216.0
1533515408,1216.0
1533515413,1215.0
1533515419,1214.0
1533515424,1213.0
1533515430,1212.0
1533515435,1210.0
1533515441,1208.0
1533515447,1204.0
1533515453,1203.0
1533515458,1203.0
1533515464,1202.0
1533515470,1202.0
1533515475,1202.0
1533515481,1202.0
1533515487,1202.0
1533515493,1202.0
1533515498,1202.0
1533515504,1202.0
1533515510,1202.0
1533515515,1202.0
1533515521,1202.0
1533515527,1202.0
1533515532,1202.0
1533515537,1202.0
1533515542,1202.0
1533515548,1202.0
1533515553,1202.0
1533515558,1202.0
1533515564,1202.0
1533515569,1202.0
1533515575,1202.0
1533515581,1202.0
1533515587,1202.0
1533515593,1202.0
1533515599,1202.0
1533515604,1202.0
1533515610,1202.0
1533515615,1202.0
1533515621,1202.0
1533515627,1202.0
1533515633,1202.0
1533515639,1202.0
1533515645,1202.0
1533515650,1202.0
1533515656,1202.0
1533515662,1202.0
1533515668,1202.0
1533515674,1202.0
1533515679,1202.0
1533515684,1202.0
1533515690,1202.0
1533515696,1202.0
1533515701,1202.0
1533515707,1202.0
1533515712,1202.0
1533515717,1202.0
1533515722,1202.0
1533515728,1202.0
1533515734,1202.0
1533515740,1202.0
1533515746,1202.0
1533515752,1202.0
1533515757,1202.0
1533515762,1202.0
1533515768,1202.0
1533515774,1202.0
1533515780,1202.0
1533515791,1202.0
1533515797,1202.0
1533515803,1202.0
1533515808,1202.0
1533515814,1202.0
1533515819,1202.0
1533515825,1202.0
1533515830,1202.0
1533515835,1202.0
1533515841,1202.0
1533515846,1202.0
1533515852,1202.0
1533515857,1202.0
1533515863,1202.0
1533515868,1202.0
1533515874,1202.0
1533515879,1202.0
1533515885,1202.0
1533515890,1202.0
1533515896,1202.0
1533515902,1202.0
1533515908,1202.0
1533515913,1202.0
1533515919,1202.0
1533515925,1202.0
1533515930,1202.0
1533515936,1202.0
1533515942,1202.0
1533515948,1202.0
1533515953,1202.0
1533515959,1202.0
1533515964,1202.0
1533515970,1201.0
1533515975,1201.0
1533515981,1194.0
1533515986,1194.0
1533515991,1194.0
1533515996,1195.0
1533516002,1195.0
1533516008,1196.0
1533516014,1195.0
1533516019,1194.0
1533516024,1193.0
1533516029,1192.0
1533516035,1191.0
1533516040,1190.0
1533516046,1189.0
1533516051,1188.0
1533516057,1188.0
1533516063,1189.0
1533516068,1189.0
1533516110,1185.0
1533516115,1184.0
1533516121,1184.0
1533516127,1182.0
1533516132,1181.0
1533516138,1179.0
1533516144,1179.0
1533516150,1178.0
1533516155,1178.0
1533516161,1177.0
1533516166,1177.0
1533516172,1176.0
1533516178,1176.0
1533516184,1173.0
1533516190,1175.0
1533516196,1178.0
1533516202,1176.0
1533516208,1176.0
1533516214,1176.0
1533516219,1174.0
1533516224,1175.0
1533516229,1173.0
1533516234,1174.0
1533516239,1172.0
1533516245,1169.0
1533516250,1169.0
1533516255,1169.0
1533516260,1168.0
1533516266,1168.0
1533516271,1169.0
1533516276,1174.0
1533516282,1178.0
1533516288,1180.0
1533516293,1181.0
1533516298,1183.0
1533516304,1187.0
1533516310,1190.0
1533516315,1192.0
1533516321,1194.0
1533516326,1197.0
1533516332,1200.0
1533516338,1204.0
1533516344,1207.0
1533516350,1210.0
1533516355,1213.0
1533516360,1215.0
1533516365,1217.0
1533516370,1220.0
1533516376,1224.0
1533516382,1226.0
1533516387,1227.0
1533516392,1229.0
1533516398,1232.0
1533516404,1235.0
1533516410,1239.0
1533516415,1242.0
1533516421,1246.0
1533516426,1247.0
1533516431,1249.0
1533516437,1251.0
1533516442,1253.0
1533516448,1254.0
1533516454,1256.0
1533516460,1257.0
1533516465,1257.0
1533516470,1255.0
1533516476,1252.0
1533516482,1249.0
1533516488,1247.0
1533516524,1233.0
1533516530,1229.0
1533516536,1227.0
1533516542,1225.0
1533516548,1224.0
1533516553,1223.0
1533516559,1223.0
1533516564,1223.0
1533516570,1223.0
1533516575,1223.0
1533516581,1223.0
1533516592,1223.0
1533516597,1223.0
1533516602,1223.0
1533516608,1223.0
1533516613,1223.0
1533516619,1223.0
1533516624,1223.0
1533516630,1222.0
1533516635,1221.0
1533516641,1220.0
1533516646,1216.0
1533516652,1211.0
1533516657,1211.0
1533516663,1209.0
1533516668,1209.0
1533516674,1208.0
1533516680,1209.0
1533516685,1208.0
1533516691,1207.0
1533516697,1208.0
1533516702,1207.0
1533516708,1207.0
1533516713,1206.0
1533516719,1206.0
1533516725,1206.0
1533516731,1205.0
1533516736,1205.0
1533516742,1202.0
1533516753,1201.0
1533516758,1201.0
1533516764,1200.0
1533516769,1201.0
1533516775,1200.0
1533516780,1198.0
1533516786,1196.0
1533516791,1195.0
1533516797,1195.0
1533516803,1194.0
1533516808,1194.0
1533516814,1194.0
1533516820,1194.0
1533516826,1194.0
1533516831,1194.0
1533516837,1194.0
1533516842,1194.0
1533516847,1194.0
1533516853,1192.0
1533516858,1189.0
1533516864,1188.0
1533516869,1187.0
1533516875,1186.0
1533516881,1186.0
1533516886,1188.0
1533516892,1190.0
1533516897,1190.0
1533516902,1191.0
1533516908,1192.0
1533516913,1191.0
1533516918,1190.0
1533516924,1189.0
1533516930,1189.0
1533516936,1189.0
1533516942,1191.0
1533516948,1191.0
1533516954,1192.0
1533516960,1190.0
1533516966,1190.0
1533517007,1193.0
1533517013,1192.0
1533517019,1192.0
1533517024,1192.0
1533517030,1192.0
1533517035,1192.0
1533517041,1194.0
1533517047,1194.0
1533517053,1193.0
1533517059,1192.0
1533517065,1192.0
1533517071,1192.0
1533517076,1192.0
1533517082,1192.0
1533517087,1192.0
1533517093,1192.0
1533517099,1192.0
1533517104,1192.0
1533517110,1192.0
1533517115,1192.0
1533517121,1192.0
1533517126,1192.0
1533517132,1192.0
1533517138,1192.0
1533517144,1192.0
1533517149,1192.0
1533517155,1192.0
1533517161,1192.0
1533517167,1190.0
1533517173,1189.0
1533517178,1188.0
1533517184,1188.0
1533517190,1188.0
1533517196,1188.0
1533513602,1243.0
1533513608,1244.0
1533513614,1246.0
1533513620,1248.0
1533513626,1250.0
1533513632,1251.0
1533513638,1253.0
1533513644,1254.0
1533513650,1255.0
1533513656,1256.0
1533513662,1256.0
1533513668,1256.0
1533513674,1257.0
1533513680,1257.0
1533513686,1256.0
1533506860,179.0
1533506865,179.0
1533506870,178.0
1533506876,177.0
1533506882,177.0
1533506888,176.0
1533506894,175.0
1533506900,170.0
1533506905,185.0
1533506910,225.0
1533506915,250.0
1533506921,274.0
1533506927,293.0
1533506932,296.0
1533506937,406.0
1533506943,514.0
1533506949,609.0
1533506954,660.0
1533506960,778.0
1533506965,809.0
1533506971,856.0
1533506977,856.0
1533506982,904.0
1533506988,958.0
1533506993,991.0
1533506999,1018.0
1533507005,1036.0
1533507010,1050.0
1533507016,1069.0
1533507022,1079.0
1533507028,1093.0
1533507033,1103.0
1533507039,1114.0
1533507044,1122.0
1533507049,1129.0
1533507055,1141.0
1533507060,1148.0
1533507065,1150.0
1533507071,1162.0
1533507076,1165.0
1533507081,1175.0
1533507087,1187.0
1533507093,1205.0
1533507098,1212.0
1533507103,1217.0
1533507109,1222.0
1533507115,1227.0
1533507121,1231.0
1533507126,1232.0
1533507132,1233.0
1533507138,1233.0
1533507144,1233.0
1533507149,1233.0
1533507154,1233.0
1533507160,1235.0
1533507165,1235.0
1533507171,1235.0
1533507177,1235.0
1533507182,1235.0
1533507194,1233.0
1533507200,1232.0
1533507205,1231.0
1533507210,1230.0
1533507216,1230.0
1533507222,1229.0
1533507227,1229.0
1533507233,1229.0
1533507239,1229.0
1533507245,1229.0
1533507250,1229.0
1533507256,1229.0
1533507262,1228.0
1533507267,1228.0
1533507273,1228.0
1533507278,1228.0
1533507284,1228.0
1533507290,1228.0
1533507296,1228.0
1533507301,1228.0
1533507307,1228.0
1533507313,1228.0
1533507319,1228.0
1533507325,1227.0
1533507330,1227.0
1533507336,1227.0
1533507341,1227.0
1533507347,1227.0
1533507352,1227.0
1533507930,1234.0
1533507936,1234.0
1533507942,1233.0
1533507947,1233.0
1533507953,1231.0
1533507959,1227.0
1533507965,1222.0
1533507970,1219.0
1533507975,1215.0
1533507981,1211.0
1533507986,1207.0
1533507991,1201.0
1533507996,1196.0
1533508008,1187.0
1533508014,1183.0
1533508020,1181.0
1533508026,1179.0
1533508031,1177.0
1533508037,1175.0
1533508043,1174.0
1533508049,1174.0
1533508055,1174.0
1533508060,1173.0
1533508065,1172.0
1533508071,1172.0
1533508076,1172.0
1533508082,1171.0
1533508088,1170.0
1533508094,1169.0
1533508100,1169.0
1533508105,1168.0
1533508111,1167.0
1533508117,1167.0
1533508129,1167.0
1533508135,1167.0
1533508140,1167.0
1533508146,1167.0
1533508152,1165.0
1533508157,1163.0
1533508162,1161.0
1533508168,1158.0
1533508173,1155.0
1533508179,1154.0
1533508185,1154.0
1533508190,1154.0
1533508195,1154.0
1533508201,1154.0
1533508207,1154.0
1533508213,1154.0
1533508219,1153.0
1533508225,1153.0
1533508231,1153.0
1533508237,1154.0
1533508243,1154.0
1533508248,1154.0
1533508254,1154.0
1533508259,1154.0
1533508265,1154.0
1533508271,1154.0
1533508277,1154.0
1533508283,1154.0
1533508289,1154.0
1533508295,1154.0
1533508301,1154.0
1533508307,1154.0
1533508313,1154.0
1533508318,1154.0
1533508324,1154.0
1533508329,1154.0
1533508334,1154.0
1533508339,1154.0
1533508345,1154.0
1533508350,1154.0
1533508355,1154.0
1533508361,1154.0
1533508367,1154.0
1533508373,1154.0
1533508379,1154.0
1533508384,1154.0
1533508390,1154.0
1533508395,1154.0
1533508401,1154.0
1533508406,1155.0
1533508412,1155.0
1533508417,1154.0
1533508423,1155.0
1533508428,1156.0
1533508434,1159.0
1533508941,1247.0
1533508946,1246.0
1533508951,1245.0
1533508957,1244.0
1533508963,1244.0
1533508968,1241.0
1533508974,1236.0
1533508980,1233.0
1533508986,1229.0
1533508992,1224.0
1533508998,1220.0
1533509003,1218.0
1533509008,1216.0
1533509014,1213.0
1533509020,1208.0
1533509025,1204.0
1533509031,1201.0
1533509036,1199.0
1533509042,1198.0
1533509047,1196.0
1533509053,1192.0
1533509058,1188.0
1533509064,1184.0
1533509070,1181.0
1533509075,1179.0
1533509081,1176.0
1533509086,1174.0
1533509091,1173.0
1533509097,1170.0
1533509103,1169.0
1533509108,1167.0
1533509114,1166.0
1533509120,1167.0
1533509125,1167.0
1533509130,1164.0
1533509136,1163.0
1533509142,1163.0
1533509148,1164.0
1533509154,1163.0
1533509160,1164.0
1533509166,1163.0
1533509171,1161.0
1533509176,1160.0
1533509181,1159.0
1533509187,1159.0
1533509192,1160.0
1533509198,1161.0
1533509204,1161.0
1533509209,1162.0
1533509215,1162.0
1533509221,1163.0
1533509226,1164.0
1533509231,1164.0
1533509237,1165.0
1533509243,1165.0
1533509249,1165.0
1533509254,1165.0
1533509260,1165.0
1533509265,1165.0
1533509270,1165.0
1533509276,1165.0
1533509281,1167.0
1533509287,1167.0
1533509293,1167.0
1533509299,1167.0
1533509305,1167.0
1533509310,1167.0
1533509315,1167.0
1533509320,1167.0
1533509326,1167.0
1533509331,1167.0
1533509337,1167.0
1533509342,1167.0
1533509348,1167.0
1533509353,1167.0
1533509359,1167.0
1533509365,1167.0
1533509371,1167.0
1533509377,1167.0
1533509382,1167.0
1533509388,1167.0
1533509393,1167.0
1533509399,1167.0
1533509405,1167.0
1533509410,1167.0
1533509415,1167.0
1533509421,1167.0
1533509427,1167.0
1533509933,1244.0
1533509939,1245.0
1533509945,1247.0
1533509951,1246.0
1533509956,1246.0
1533509962,1245.0
1533509968,1245.0
1533509973,1245.0
1533509978,1245.0
1533509983,1245.0
1533509989,1245.0
1533509995,1245.0
1533507186,179.0
1533507192,179.0
1533507197,179.0
1533507203,179.0
1533507209,179.0
1533507214,179.0
1533507219,179.0
1533507225,179.0
1533507230,180.0
1533507236,181.0
1533507241,184.0
1533507253,189.0
1533507258,190.0
1533507263,191.0
1533507269,192.0
1533507275,147.0
1533507280,411.0
1533507286,523.0
1533507292,827.0
1533507298,935.0
1533507304,1067.0
1533507309,1109.0
1533507315,1129.0
1533507320,1164.0
1533507326,1185.0
1533507332,1199.0
1533507337,1207.0
1533507343,1213.0
1533507348,1220.0
1533507353,1241.0
1533507359,1260.0
1533507365,1268.0
1533507370,1274.0
1533507382,1280.0
1533507388,1279.0
1533507394,1280.0
1533507400,1280.0
1533507405,1280.0
1533507410,1278.0
1533507415,1277.0
1533507421,1277.0
1533507427,1277.0
1533507432,1275.0
1533507438,1271.0
1533507444,1263.0
1533507450,1261.0
1533507455,1260.0
1533507461,1262.0
1533507467,1269.0
1533507472,1268.0
1533507478,1268.0
1533507484,1265.0
1533507490,1262.0
1533507496,1259.0
1533507502,1261.0
1533507508,1261.0
1533507513,1258.0
1533507519,1260.0
1533507524,1264.0
1533507530,1266.0
1533507535,1269.0
1533507541,1272.0
1533507546,1270.0
1533507551,1269.0
1533507557,1267.0
1533507562,1272.0
1533507568,1275.0
1533507573,1277.0
1533507578,1278.0
1533507583,1281.0
1533507588,1282.0
1533507594,1281.0
1533507600,1278.0
1533507605,1278.0
1533507611,1274.0
1533507617,1270.0
1533508824,1189.0
1533508830,1189.0
1533508836,1189.0
1533508842,1189.0
1533508847,1189.0
1533508853,1187.0
1533508859,1186.0
1533508864,1185.0
1533508869,1184.0
1533508875,1185.0
1533508880,1189.0
1533508885,1191.0
1533508891,1191.0
1533508897,1191.0
1533508902,1191.0
1533508907,1191.0
1533508913,1191.0
1533508919,1191.0
1533508925,1191.0
1533508931,1191.0
1533508936,1191.0
1533508941,1191.0
1533508947,1191.0
1533508953,1191.0
1533508959,1191.0
1533508964,1191.0
1533508969,1191.0
1533508975,1191.0
1533508981,1191.0
1533508987,1191.0
1533508993,1191.0
1533508998,1191.0
1533509004,1191.0
1533509010,1191.0
1533509016,1191.0
1533509022,1191.0
1533509028,1191.0
1533509034,1191.0
1533509039,1191.0
1533509045,1191.0
1533509050,1191.0
1533509056,1191.0
1533509061,1191.0
1533509067,1191.0
1533509073,1191.0
1533509079,1191.0
1533509085,1191.0
1533509091,1191.0
1533509097,1191.0
1533509102,1191.0
1533509108,1191.0
1533509113,1191.0
1533509119,1191.0
1533509125,1191.0
1533509131,1191.0
1533509136,1191.0
1533509142,1191.0
1533509148,1191.0
1533509154,1191.0
1533509160,1191.0
1533509166,1191.0
1533509171,1191.0
1533509177,1191.0
1533509182,1191.0
1533509188,1191.0
1533509194,1191.0
1533509200,1191.0
1533509206,1191.0
1533509211,1191.0
1533509217,1191.0
1533509223,1191.0
1533509229,1191.0
1533509235,1191.0
1533509240,1191.0
1533509245,1191.0
1533509251,1191.0
1533509257,1191.0
1533509263,1191.0
1533509269,1191.0
1533509274,1191.0
1533509279,1191.0
1533509285,1191.0
1533509291,1191.0
1533509297,1191.0
1533509303,1191.0
1533509309,1191.0
1533509315,1191.0
1533509320,1191.0
1533506912,1266.0
1533506918,1267.0
1533506923,1267.0
1533506929,1267.0
1533506935,1267.0
1533506941,1267.0
1533506947,1267.0
1533506953,1267.0
1533506958,1267.0
1533506964,1267.0
1533506970,1267.0
1533506976,1267.0
1533506982,1267.0
1533506988,1267.0
1533506993,1267.0
1533507004,1267.0
1533507009,1267.0
1533507015,1267.0
1533507020,1267.0
1533507026,1267.0
1533507031,1267.0
1533507037,1267.0
1533507042,1267.0
1533507047,1267.0
1533507053,1267.0
1533507059,1267.0
1533507065,1274.0
1533507070,1274.0
1533507076,1274.0
1533507082,1274.0
1533507088,1274.0
1533507094,1274.0
1533507100,1274.0
1533507105,1274.0
1533507111,1274.0
1533507116,1274.0
1533507121,1275.0
1533507132,1275.0
1533507138,1277.0
1533507143,1278.0
1533507148,1278.0
1533507153,1279.0
1533507159,1279.0
1533507164,1279.0
1533507170,1280.0
1533507176,1280.0
1533507182,1280.0
1533507188,1280.0
1533507194,1280.0
1533507199,1280.0
1533507204,1280.0
1533507210,1284.0
1533507215,1285.0
1533507221,1287.0
1533507227,1289.0
1533507233,1289.0
1533507239,1291.0
1533507245,1292.0
1533507250,1293.0
1533507256,1295.0
1533507262,1296.0
1533507268,1296.0
1533507274,1297.0
1533507280,1299.0
1533507286,1300.0
1533507291,1300.0
1533507296,1303.0
1533507302,1306.0
1533507308,1304.0
1533507314,1298.0
1533507320,1298.0
1533507326,1297.0
1533507332,1297.0
1533507338,1297.0
1533507344,1296.0
1533507350,1295.0
1533507356,1293.0
1533507362,1292.0
1533507367,1290.0
1533507373,1289.0
1533507379,1287.0
1533507384,1285.0
1533507390,1283.0
1533507395,1280.0
1533507401,1276.0
1533507406,1275.0
1533507412,1273.0
1533507418,1271.0
1533507935,1251.0
1533507940,1251.0
1533507946,1251.0
1533507951,1251.0
1533507957,1251.0
1533507962,1251.0
1533507968,1251.0
1533507973,1251.0
1533507979,1251.0
1533507984,1251.0
1533507990,1251.0
1533507996,1251.0
1533508002,1252.0
1533508007,1251.0
1533508013,1251.0
1533508019,1251.0
1533508025,1250.0
1533508036,1247.0
1533508041,1246.0
1533508046,1245.0
1533508052,1244.0
1533508058,1242.0
1533508063,1240.0
1533508069,1237.0
1533508075,1234.0
1533508080,1232.0
1533508086,1230.0
1533508091,1229.0
1533508097,1226.0
1533508102,1223.0
1533508108,1219.0
1533508113,1216.0
1533508119,1211.0
1533508124,1207.0
1533508130,1207.0
1533508135,1200.0
1533508141,1197.0
1533508147,1196.0
1533508153,1195.0
1533508158,1195.0
1533508164,1194.0
1533508169,1193.0
1533508174,1191.0
1533508179,1189.0
1533508184,1188.0
1533508190,1187.0
1533508196,1186.0
1533508202,1185.0
1533508208,1184.0
1533508213,1184.0
1533508219,1181.0
1533508225,1179.0
1533508231,1177.0
1533508237,1176.0
1533508242,1175.0
1533508248,1173.0
1533508254,1172.0
1533508260,1170.0
1533508266,1169.0
1533508272,1166.0
1533508278,1163.0
1533508284,1161.0
1533508289,1160.0
1533508295,1157.0
1533508301,1155.0
1533508306,1155.0
1533508312,1155.0
1533508317,1155.0
1533508323,1155.0
1533508328,1156.0
1533508334,1156.0
1533508340,1156.0
1533508346,1156.0
1533508358,1155.0
1533508364,1154.0
1533508369,1153.0
1533508375,1152.0
1533508380,1152.0
1533508385,1152.0
1533508391,1152.0
1533508397,1152.0
1533508403,1152.0
1533508408,1152.0
1533508413,1152.0
1533508419,1152.0
1533508425,1152.0
1533508430,1152.0
1533508436,1152.0
1533508976,1228.0
1533508982,1229.0
1533508988,1230.0
1533508993,1230.0
1533508999,1232.0
1533509005,1232.0
1533509011,1233.0
1533509016,1234.0
1533509022,1235.0
1533509027,1237.0
1533509032,1238.0
1533509038,1240.0
1533509044,1243.0
1533509050,1244.0
1533509056,1246.0
1533509062,1247.0
1533509067,1248.0
1533509072,1248.0
1533509078,1250.0
1533509084,1251.0
1533509090,1251.0
1533509095,1253.0
1533509101,1255.0
1533509107,1256.0
1533509113,1257.0
1533509119,1257.0
1533509124,1258.0
1533509129,1259.0
1533509135,1259.0
1533509141,1259.0
1533509147,1258.0
1533509153,1257.0
1533509158,1257.0
1533509164,1256.0
1533509169,1256.0
1533509174,1256.0
1533509180,1256.0
1533509186,1256.0
1533509191,1256.0
1533509197,1256.0
1533509202,1256.0
1533509208,1257.0
1533509214,1259.0
1533509219,1258.0
1533509225,1258.0
1533509231,1257.0
1533509237,1257.0
1533509243,1258.0
1533509248,1258.0
1533509254,1258.0
1533509260,1258.0
1533509265,1258.0
1533509270,1258.0
1533509276,1258.0
1533509281,1258.0
1533509287,1258.0
1533509292,1258.0
1533509298,1258.0
1533509304,1259.0
1533509309,1258.0
1533509314,1258.0
1533509319,1258.0
1533509324,1259.0
1533509330,1260.0
1533509336,1261.0
1533509342,1261.0
1533509348,1262.0
1533509354,1262.0
1533509360,1262.0
1533509366,1262.0
1533509372,1262.0
1533509378,1261.0
1533509384,1259.0
1533509390,1258.0
1533509396,1257.0
1533509402,1256.0
1533509408,1255.0
1533509414,1254.0
1533509420,1252.0
1533509426,1250.0
1533509432,1246.0
1533509437,1244.0
1533509442,1242.0
1533509447,1240.0
1533509453,1237.0
1533509459,1233.0
1533509464,1231.0
1533509470,1230.0
1533510001,1252.0
1533510007,1252.0
1533510012,1252.0
1533510017,1252.0
1533510023,1252.0
1533510028,1253.0
1533510034,1253.0
1533510040,1253.0
1533510045,1253.0
1533510050,1253.0
1533510056,1251.0
1533510061,1251.0
1533510066,1250.0
1533510072,1249.0
1533510078,1249.0
1533510083,1248.0
1533510089,1247.0
1533510095,1245.0
1533510101,1243.0
1533510107,1239.0
1533510113,1236.0
1533510119,1232.0
1533510124,1229.0
1533510130,1226.0
1533510136,1224.0
1533510141,1222.0
1533510147,1218.0
1533510153,1215.0
1533510158,1210.0
1533510164,1207.0
1533510169,1205.0
1533510175,1201.0
1533510181,1196.0
1533510186,1192.0
1533510192,1190.0
1533510197,1189.0
1533510203,1188.0
1533510208,1187.0
1533510213,1186.0
1533510219,1184.0
1533510224,1181.0
1533510230,1178.0
1533510235,1176.0
1533510241,1176.0
1533510247,1174.0
1533510253,1173.0
1533510258,1173.0
1533510264,1172.0
1533510270,1173.0
1533510275,1173.0
1533510280,1173.0
1533510286,1173.0
1533510291,1173.0
1533510297,1173.0
1533510302,1173.0
1533510307,1175.0
1533510313,1178.0
1533510318,1179.0
1533510324,1179.0
1533510329,1179.0
1533510335,1179.0
1533510340,1179.0
1533510345,1179.0
1533510351,1179.0
1533510356,1179.0
1533510362,1179.0
1533510367,1179.0
1533510372,1179.0
1533510377,1179.0
1533510383,1179.0
1533510389,1179.0
1533510395,1179.0
1533510401,1179.0
1533510407,1179.0
1533510412,1179.0
1533510417,1179.0
1533510422,1179.0
1533510428,1179.0
1533510434,1179.0
1533510439,1179.0
1533510445,1179.0
1533510451,1179.0
1533510456,1179.0
1533510462,1179.0
1533510467,1179.0
1533510473,1179.0
1533510478,1179.0
1533510484,1179.0
1533510993,1252.0
1533510998,1250.0
1533511004,1249.0
1533511010,1248.0
1533511015,1248.0
1533511021,1248.0
1533511026,1248.0
1533511037,1248.0
1533511042,1248.0
1533511048,1248.0
1533511053,1248.0
1533511059,1250.0
1533511064,1250.0
1533511069,1251.0
1533511074,1252.0
1533511079,1253.0
1533511084,1253.0
1533511090,1257.0
1533511095,1257.0
1533511101,1257.0
1533511106,1256.0
1533511112,1258.0
1533511117,1261.0
1533511122,1264.0
1533511127,1263.0
1533511132,1270.0
1533511137,1271.0
1533511142,1272.0
1533511148,1274.0
1533511153,1277.0
1533511159,1277.0
1533511165,1277.0
1533511171,1277.0
1533511176,1277.0
1533511710,1229.0
1533511716,1223.0
1533511721,1233.0
1533511727,1223.0
1533511735,1255.0
1533511740,1252.0
1533511746,1245.0
1533511751,1242.0
1533511757,1238.0
1533511762,1240.0
1533511768,1240.0
1533511774,1241.0
1533512149,184.0
1533512158,683.0
1533512163,1189.0
1533512169,1190.0
1533512174,1189.0
1533512179,1194.0
1533512185,1189.0
1533512190,1183.0
1533512196,1177.0
1533512201,1175.0
1533512207,1171.0
1533512212,1183.0
1533512218,1192.0
1533512223,1196.0
1533512229,1200.0
1533512235,1200.0
1533512240,1200.0
1533512245,1200.0
1533512251,1200.0
1533512257,1200.0
1533512262,1200.0
1533512268,1200.0
1533512273,1198.0
1533512278,1196.0
1533512283,1194.0
1533512289,1192.0
1533512294,1191.0
1533512300,1190.0
1533512305,1190.0
1533512311,1190.0
1533512316,1190.0
1533512321,1189.0
1533512327,1188.0
1533512333,1188.0
1533512339,1189.0
1533512344,1190.0
1533512350,1190.0
1533512355,1190.0
1533512361,1190.0
1533512366,1190.0
1533512371,1190.0
1533512377,1190.0
1533512899,1231.0
1533512905,1232.0
1533512911,1233.0
1533512916,1234.0
1533512921,1233.0
1533512927,1235.0
1533512932,1235.0
1533512938,1238.0
1533512943,1238.0
1533512948,1237.0
1533512954,1237.0
1533512960,1239.0
1533512966,1240.0
1533512972,1243.0
1533512978,1246.0
1533512983,1248.0
1533512988,1249.0
1533512994,1249.0
1533512999,1249.0
1533513005,1249.0
1533513010,1249.0
1533513015,1250.0
1533513021,1250.0
1533513026,1251.0
1533513032,1250.0
1533513037,1250.0
1533513043,1251.0
1533513049,1251.0
1533513054,1251.0
1533513060,1251.0
1533513066,1251.0
1533513071,1252.0
1533513077,1252.0
1533513083,1252.0
1533513089,1252.0
1533513094,1252.0
1533513100,1252.0
1533513105,1252.0
1533513111,1252.0
1533513116,1252.0
1533513122,1253.0
1533513128,1252.0
1533513133,1252.0
1533513138,1252.0
1533513144,1253.0
1533513150,1253.0
1533513155,1253.0
1533513161,1253.0
1533513166,1253.0
1533513172,1252.0
1533513177,1253.0
1533513183,1254.0
1533513188,1254.0
1533513194,1253.0
1533513199,1252.0
1533513205,1250.0
1533513211,1248.0
1533513217,1247.0
1533513222,1246.0
1533513228,1243.0
1533513233,1241.0
1533513239,1237.0
1533513244,1232.0
1533513249,1227.0
1533513255,1223.0
1533513261,1218.0
1533513267,1213.0
1533513273,1208.0
1533513279,1204.0
1533513284,1201.0
1533513290,1198.0
1533513295,1196.0
1533513301,1195.0
1533513307,1192.0
1533513313,1191.0
1533513319,1190.0
1533513324,1191.0
1533513330,1191.0
1533513336,1190.0
1533513342,1188.0
1533513347,1187.0
1533513353,1186.0
1533513358,1185.0
1533513364,1185.0
1533513370,1183.0
1533513375,1182.0
1533513380,1182.0
1533513385,1181.0
1533510374,1176.0
1533510380,1177.0
1533510386,1176.0
1533510391,1177.0
1533510396,1177.0
1533510401,1176.0
1533510407,1179.0
1533510413,1183.0
1533510486,1188.0
1533510491,1189.0
1533510497,1189.0
1533510502,1185.0
1533510508,1185.0
1533510514,1184.0
1533510520,1182.0
1533510526,1184.0
1533510532,1187.0
1533510538,1189.0
1533510543,1190.0
1533510549,1192.0
1533510554,1192.0
1533510560,1191.0
1533510565,1190.0
1533510571,1192.0
1533510577,1191.0
1533510582,1191.0
1533510588,1191.0
1533510594,1191.0
1533510600,1191.0
1533510606,1191.0
1533510612,1191.0
1533510617,1191.0
1533510623,1191.0
1533510629,1191.0
1533510635,1191.0
1533510641,1191.0
1533510646,1191.0
1533510652,1191.0
1533510658,1191.0
1533510663,1191.0
1533510668,1191.0
1533510674,1191.0
1533510680,1191.0
1533510686,1191.0
1533510691,1191.0
1533510697,1191.0
1533510702,1191.0
1533510714,1191.0
1533510719,1191.0
1533510725,1191.0
1533510731,1191.0
1533510736,1191.0
1533510742,1191.0
1533510748,1191.0
1533510753,1191.0
1533510759,1191.0
1533510765,1191.0
1533510771,1191.0
1533510776,1191.0
1533510781,1191.0
1533510787,1191.0
1533510793,1191.0
1533510799,1191.0
1533510805,1191.0
1533510810,1191.0
1533510816,1191.0
1533510822,1191.0
1533510828,1191.0
1533510834,1191.0
1533510840,1191.0
1533510846,1191.0
1533510852,1191.0
1533510858,1191.0
1533510864,1191.0
1533510874,1191.0
1533510879,1191.0
1533510884,1191.0
1533510890,1191.0
1533510896,1191.0
1533510907,1191.0
1533510913,1191.0
1533510919,1191.0
1533510924,1191.0
1533510930,1191.0
1533510936,1191.0
1533510942,1191.0
1533510948,1191.0
1533510953,1190.0
1533511637,1208.0
1533511643,1208.0
1533511649,1208.0
1533511655,1208.0
1533511661,1207.0
1533511666,1206.0
1533511671,1205.0
1533511677,1205.0
1533511682,1205.0
1533511687,1205.0
1533511692,1205.0
1533511698,1205.0
1533511704,1205.0
1533511709,1203.0
1533511715,1202.0
1533511721,1201.0
1533511727,1198.0
1533511733,1197.0
1533511807,1199.0
1533511812,1201.0
1533511818,1202.0
1533511824,1202.0
1533511830,1202.0
1533511835,1203.0
1533511840,1202.0
1533511846,1202.0
1533511851,1202.0
1533511857,1201.0
1533511862,1199.0
1533511868,1198.0
1533511873,1197.0
1533511879,1195.0
1533511884,1195.0
1533511889,1195.0
1533511895,1195.0
1533511900,1195.0
1533511906,1195.0
1533511912,1195.0
1533511918,1195.0
1533511924,1195.0
1533511929,1195.0
1533511935,1195.0
1533511940,1195.0
1533511946,1195.0
1533511952,1195.0
1533511957,1195.0
1533511963,1195.0
1533511969,1195.0
1533511975,1195.0
1533511981,1195.0
1533511987,1195.0
1533511993,1195.0
1533511998,1195.0
1533512003,1195.0
1533512009,1195.0
1533512014,1195.0
1533512020,1195.0
1533512025,1195.0
1533512031,1195.0
1533512036,1195.0
1533512042,1195.0
1533512048,1195.0
1533512054,1195.0
1533512060,1195.0
1533512066,1195.0
1533512071,1195.0
1533512077,1195.0
1533512082,1195.0
1533512088,1195.0
1533512094,1195.0
1533512099,1195.0
1533512104,1195.0
1533512110,1195.0
1533512115,1195.0
1533512121,1195.0
1533512127,1195.0
1533512132,1195.0
1533512138,1195.0
1533512144,1195.0
1533512150,1195.0
1533512156,1195.0
1533512162,1195.0
1533512168,1195.0
1533512174,1195.0
1533512180,1195.0
1533512185,1195.0
1533512191,1195.0
1533512197,1195.0
1533512727,1197.0
1533512733,1197.0
1533512738,1197.0
1533512743,1197.0
1533512749,1194.0
1533512755,1194.0
1533512760,1195.0
1533512765,1194.0
1533512801,1193.0
1533512807,1193.0
1533512813,1194.0
1533512818,1194.0
1533512824,1194.0
1533512829,1195.0
1533512835,1195.0
1533512841,1196.0
1533512846,1198.0
1533512851,1197.0
1533512857,1197.0
1533512868,1194.0
1533512873,1194.0
1533512878,1193.0
1533512884,1194.0
1533512889,1195.0
1533512900,1194.0
1533512906,1192.0
1533512911,1189.0
1533512917,1187.0
1533512922,1186.0
1533512960,1192.0
1533512966,1194.0
1533512972,1196.0
1533512978,1196.0
1533512984,1197.0
1533512990,1198.0
1533512996,1197.0
1533513002,1197.0
1533513008,1194.0
1533513014,1191.0
1533513019,1190.0
1533513025,1191.0
1533513030,1193.0
1533513036,1195.0
1533513041,1196.0
1533513047,1197.0
1533513052,1198.0
1533513058,1200.0
1533513063,1201.0
1533513068,1202.0
1533513074,1201.0
1533513080,1202.0
1533513086,1203.0
1533513121,1215.0
1533513127,1217.0
1533513132,1220.0
1533513138,1222.0
1533513144,1222.0
1533513149,1221.0
1533513155,1222.0
1533513161,1222.0
1533513167,1223.0
1533513173,1224.0
1533513179,1225.0
1533513189,1225.0
1533513195,1225.0
1533513200,1227.0
1533513206,1229.0
1533513212,1229.0
1533513217,1229.0
1533513223,1230.0
1533513229,1230.0
1533513235,1230.0
1533513241,1230.0
1533513246,1230.0
1533513252,1230.0
1533513257,1230.0
1533513263,1230.0
1533513268,1230.0
1533513273,1229.0
1533513279,1228.0
1533513285,1225.0
1533513291,1223.0
1533513296,1224.0
1533513302,1224.0
1533513307,1225.0
1533513347,1212.0
1533513353,1210.0
1533513359,1211.0
1533510310,1150.0
1533510316,1150.0
1533510322,1150.0
1533510328,1150.0
1533510333,1150.0
1533510338,1150.0
1533510344,1150.0
1533510350,1150.0
1533510356,1150.0
1533510362,1150.0
1533510368,1150.0
1533510374,1150.0
1533510385,1149.0
1533510391,1149.0
1533510397,1149.0
1533510402,1149.0
1533510408,1149.0
1533510413,1149.0
1533510419,1149.0
1533510425,1149.0
1533510430,1149.0
1533510436,1149.0
1533510442,1149.0
1533510447,1149.0
1533510452,1149.0
1533510458,1150.0
1533510464,1150.0
1533510470,1150.0
1533510476,1150.0
1533510482,1150.0
1533510488,1150.0
1533510494,1150.0
1533510500,1150.0
1533510506,1150.0
1533510514,1150.0
1533510520,1151.0
1533510525,1151.0
1533510530,1152.0
1533510536,1153.0
1533510548,1152.0
1533510554,1154.0
1533510560,1156.0
1533510566,1157.0
1533510572,1157.0
1533510578,1158.0
1533510584,1159.0
1533510590,1160.0
1533510595,1161.0
1533510601,1162.0
1533510613,1166.0
1533510619,1167.0
1533510624,1168.0
1533510630,1170.0
1533510636,1171.0
1533510641,1173.0
1533510646,1173.0
1533510651,1176.0
1533510656,1178.0
1533510662,1179.0
1533510668,1180.0
1533510674,1181.0
1533510679,1181.0
1533510685,1182.0
1533510691,1183.0
1533510696,1184.0
1533510702,1186.0
1533510707,1187.0
1533510713,1189.0
1533510719,1190.0
1533510725,1191.0
1533510731,1192.0
1533510736,1192.0
1533510741,1192.0
1533510747,1194.0
1533510752,1194.0
1533510758,1194.0
1533510764,1195.0
1533510770,1197.0
1533510776,1199.0
1533510781,1200.0
1533510786,1202.0
1533510791,1203.0
1533510797,1204.0
1533510802,1205.0
1533510808,1207.0
1533510814,1208.0
1533510820,1209.0
1533510826,1210.0
1533517268,1195.0
1533517274,1198.0
1533517280,1200.0
1533517286,1201.0
1533517292,1202.0
1533517297,1204.0
1533517303,1206.0
1533517309,1208.0
1533517315,1210.0
1533517320,1212.0
1533517326,1215.0
1533517332,1217.0
1533517338,1219.0
1533517343,1220.0
1533517349,1222.0
1533517354,1223.0
1533517359,1223.0
1533517365,1226.0
1533517371,1228.0
1533517377,1230.0
1533517382,1232.0
1533517388,1234.0
1533517393,1235.0
1533517399,1237.0
1533517405,1239.0
1533517410,1241.0
1533517415,1243.0
1533517420,1245.0
1533517426,1247.0
1533517431,1247.0
1533517437,1245.0
1533517442,1245.0
1533517448,1245.0
1533517454,1247.0
1533517460,1248.0
1533517466,1249.0
1533517472,1250.0
1533517478,1249.0
1533517484,1249.0
1533517490,1249.0
1533517496,1249.0
1533517502,1252.0
1533517508,1253.0
1533517514,1254.0
1533517519,1256.0
1533517524,1256.0
1533517530,1257.0
1533517535,1257.0
1533517541,1258.0
1533517546,1258.0
1533517552,1259.0
1533517557,1259.0
1533517562,1261.0
1533517568,1260.0
1533517574,1260.0
1533517580,1259.0
1533517586,1260.0
1533517592,1259.0
1533517597,1259.0
1533517603,1260.0
1533517608,1260.0
1533517614,1260.0
1533517620,1260.0
1533517626,1260.0
1533517632,1260.0
1533517638,1260.0
1533517644,1259.0
1533517649,1259.0
1533517655,1260.0
1533517661,1260.0
1533517666,1261.0
1533517672,1261.0
1533517678,1261.0
1533517684,1261.0
1533517689,1261.0
1533517694,1259.0
1533517700,1258.0
1533517706,1257.0
1533517712,1256.0
1533517718,1257.0
1533517724,1255.0
1533517730,1252.0
1533517736,1248.0
1533517742,1245.0
1533517748,1243.0
1533517753,1243.0
1533517759,1235.0
1533517764,1233.0
1533517770,1229.0
1533517775,1227.0
1533517781,1225.0
1533517787,1221.0
1533517793,1216.0
1533517799,1212.0
1533517805,1209.0
1533517810,1207.0
1533517816,1206.0
1533517821,1204.0
1533517826,1202.0
1533517832,1197.0
1533517838,1194.0
1533517844,1191.0
1533517850,1189.0
1533517856,1187.0
1533517862,1184.0
1533517868,1182.0
1533517874,1180.0
1533517880,1178.0
1533517886,1175.0
1533517892,1173.0
1533517897,1171.0
1533517903,1169.0
1533517909,1169.0
1533517915,1169.0
1533517921,1170.0
1533517927,1171.0
1533517932,1170.0
1533517937,1169.0
1533517943,1169.0
1533517949,1168.0
1533517954,1168.0
1533517960,1168.0
1533517966,1169.0
1533517978,1169.0
1533517983,1170.0
1533517988,1170.0
1533517994,1170.0
1533517999,1170.0
1533518005,1170.0
1533518011,1170.0
1533518017,1170.0
1533518023,1170.0
1533518028,1170.0
1533518034,1171.0
1533518039,1171.0
1533518044,1171.0
1533518050,1171.0
1533518056,1171.0
1533518061,1170.0
1533518066,1170.0
1533518072,1171.0
1533518078,1171.0
1533518083,1171.0
1533518089,1171.0
1533518095,1171.0
1533518101,1171.0
1533518106,1171.0
1533518111,1171.0
1533518116,1171.0
1533518122,1171.0
1533518127,1171.0
1533518132,1171.0
1533518138,1171.0
1533518144,1171.0
1533518150,1171.0
1533518156,1171.0
1533518162,1171.0
1533518168,1171.0
1533518174,1171.0
1533518180,1171.0
1533518186,1171.0
1533518192,1171.0
1533518198,1171.0
1533518204,1171.0
1533518210,1171.0
1533518216,1171.0
1533518222,1171.0
1533518228,1171.0
1533518234,1170.0
1533518240,1170.0
1533518245,1170.0
1533518251,1170.0
1533518256,1170.0
1533518262,1170.0
1533518267,1171.0
1533518273,1173.0
1533518279,1175.0
1533518285,1178.0
1533518291,1180.0
1533518297,1182.0
1533518302,1182.0
1533518307,1182.0
1533518312,1181.0
1533518318,1181.0
1533518323,1181.0
1533518328,1181.0
1533518333,1181.0
1533518339,1181.0
1533518345,1181.0
1533518350,1181.0
1533518356,1181.0
1533518361,1181.0
1533518366,1181.0
1533518372,1181.0
1533518378,1181.0
1533518384,1181.0
1533518390,1181.0
1533518396,1181.0
1533518402,1183.0
1533518408,1184.0
1533518413,1184.0
1533518419,1187.0
1533518425,1189.0
1533518431,1191.0
1533518437,1194.0
1533518442,1194.0
1533518448,1194.0
1533518453,1194.0
1533518458,1194.0
1533518464,1195.0
1533518470,1196.0
1533518476,1199.0
1533518482,1199.0
1533518487,1200.0
1533518492,1202.0
1533518498,1204.0
1533518504,1206.0
1533518510,1207.0
1533518515,1209.0
1533518521,1212.0
1533518526,1212.0
1533518532,1214.0
1533518537,1215.0
1533518543,1217.0
1533518549,1218.0
1533518555,1221.0
1533518561,1224.0
1533518567,1226.0
1533518573,1228.0
1533518583,1232.0
1533518588,1233.0
1533518593,1232.0
1533518599,1233.0
1533518605,1234.0
1533518610,1234.0
1533518616,1235.0
1533518621,1236.0
1533518626,1237.0
1533518632,1239.0
1533518637,1241.0
1533518643,1243.0
1533518648,1244.0
1533518654,1244.0
1533518660,1245.0
1533518666,1246.0
1533518672,1247.0
1533518678,1248.0
1533518684,1249.0
1533518690,1251.0
1533518696,1252.0
1533518702,1253.0
1533518708,1255.0
1533518714,1256.0
1533518719,1257.0
1533518725,1258.0
1533518730,1258.0
1533518736,1260.0
1533518742,1259.0
1533518747,1260.0
1533518753,1261.0
1533518758,1261.0
1533518764,1263.0
1533518770,1263.0
1533518775,1264.0
1533518780,1264.0
1533518786,1265.0
1533518792,1264.0
1533518798,1264.0
1533518804,1265.0
1533518810,1265.0
1533518816,1265.0
1533518821,1265.0
1533518827,1265.0
1533518832,1265.0
1533518838,1265.0
1533518843,1265.0
1533518849,1265.0
1533518854,1265.0
1533518860,1265.0
1533518865,1264.0
1533518870,1264.0
1533518876,1264.0
1533518887,1264.0
1533518892,1265.0
1533518898,1264.0
1533518904,1263.0
1533518910,1260.0
1533518915,1259.0
1533518921,1258.0
1533518927,1257.0
1533518933,1256.0
1533518939,1253.0
1533518945,1250.0
1533518951,1247.0
1533518957,1242.0
1533518962,1240.0
1533518967,1235.0
1533518972,1231.0
1533518978,1227.0
1533518984,1225.0
1533518989,1224.0
1533518995,1221.0
1533519000,1217.0
1533519006,1211.0
1533519011,1210.0
1533519017,1209.0
1533519022,1207.0
1533519028,1204.0
1533519033,1203.0
1533519038,1201.0
1533519044,1201.0
1533519050,1200.0
1533519056,1200.0
1533519062,1200.0
1533519068,1199.0
1533519074,1198.0
1533519080,1197.0
1533519085,1197.0
1533519091,1196.0
1533519097,1196.0
1533519102,1196.0
1533519107,1196.0
1533519113,1196.0
1533519119,1196.0
1533519125,1196.0
1533519130,1196.0
1533519136,1196.0
1533519142,1196.0
1533519148,1196.0
1533519154,1196.0
1533519160,1197.0
1533519166,1197.0
1533519171,1196.0
1533519176,1194.0
1533519182,1195.0
1533519187,1196.0
1533519193,1196.0
1533519199,1196.0
1533519204,1196.0
1533519210,1196.0
1533519216,1196.0
1533519222,1197.0
1533519228,1199.0
1533519233,1199.0
1533519239,1200.0
1533519250,1200.0
1533519256,1201.0
1533519261,1201.0
1533519267,1201.0
1533519272,1201.0
1533519278,1201.0
1533519284,1201.0
1533519290,1201.0
1533519296,1201.0
1533519302,1201.0
1533519308,1201.0
1533519313,1201.0
1533519319,1201.0
1533519324,1201.0
1533519330,1201.0
1533519335,1201.0
1533519341,1201.0
1533519347,1201.0
1533519352,1201.0
1533519357,1201.0
1533519362,1201.0
1533519367,1201.0
1533519373,1201.0
1533519379,1201.0
1533519384,1201.0
1533519390,1201.0
1533519396,1201.0
1533519401,1201.0
1533519406,1201.0
1533519411,1201.0
1533519417,1200.0
1533519422,1200.0
1533519428,1199.0
1533519434,1198.0
1533519440,1198.0
1533519446,1199.0
1533519452,1199.0
1533519457,1199.0
1533519463,1199.0
1533519468,1199.0
1533519474,1199.0
1533519480,1199.0
1533519485,1199.0
1533519491,1199.0
1533519496,1198.0
1533519502,1198.0
1533519507,1198.0
1533519512,1198.0
1533519518,1198.0
1533519524,1198.0
1533519530,1198.0
1533519536,1198.0
1533519542,1198.0
1533519547,1198.0
1533519553,1198.0
1533519558,1197.0
1533519564,1197.0
1533519569,1197.0
1533519574,1196.0
1533519580,1196.0
1533519585,1195.0
1533519590,1194.0
1533519596,1193.0
1533519602,1192.0
1533519608,1192.0
1533519614,1192.0
1533519620,1192.0
1533519625,1192.0
1533519630,1192.0
1533519636,1192.0
1533519641,1192.0
1533519647,1192.0
1533519653,1192.0
1533519658,1191.0
1533519664,1191.0
1533519670,1191.0
1533519676,1191.0
1533519681,1191.0
1533519686,1191.0
1533519692,1192.0
1533519698,1192.0
1533519704,1191.0
1533519710,1191.0
1533519716,1190.0
1533519722,1191.0
1533519728,1194.0
1533519734,1197.0
1533519740,1197.0
1533519746,1196.0
1533519752,1196.0
1533519757,1196.0
1533519762,1197.0
1533519767,1198.0
1533519773,1200.0
1533519778,1202.0
1533519784,1204.0
1533519790,1204.0
1533519796,1204.0
1533519802,1204.0
1533519808,1204.0
1533519814,1204.0
1533519819,1204.0
1533519825,1204.0
1533519830,1205.0
1533519836,1205.0
1533519842,1205.0
1533519848,1205.0
1533519854,1205.0
1533519860,1205.0
1533519865,1205.0
1533519871,1205.0
1533519877,1205.0
1533519883,1205.0
1533519888,1205.0
1533519893,1205.0
1533519898,1205.0
1533519904,1205.0
1533519910,1205.0
1533519916,1205.0
1533519922,1205.0
1533519928,1205.0
1533519934,1205.0
1533519939,1205.0
1533519945,1205.0
1533519951,1205.0
1533519956,1205.0
1533519962,1205.0
1533519968,1205.0
1533519974,1205.0
1533519979,1205.0
1533519984,1205.0
1533519990,1205.0
1533519995,1205.0
1533520001,1205.0
1533520007,1205.0
1533520013,1205.0
1533520018,1205.0
1533520023,1205.0
1533520028,1205.0
1533520034,1205.0
1533520040,1205.0
1533520046,1205.0
1533520052,1205.0
1533520058,1205.0
1533520064,1205.0
1533520070,1205.0
1533520076,1205.0
1533520082,1205.0
1533520088,1205.0
1533520094,1205.0
1533520100,1205.0
1533520106,1205.0
1533520112,1205.0
1533520118,1205.0
1533520124,1205.0
1533520130,1205.0
1533520136,1205.0
1533520141,1205.0
1533520147,1205.0
1533520153,1205.0
1533520159,1205.0
1533520165,1205.0
1533520170,1205.0
1533520175,1205.0
1533520181,1205.0
1533520187,1205.0
1533520193,1205.0
1533520198,1205.0
1533520203,1205.0
1533520209,1205.0
1533520215,1205.0
1533520221,1205.0
1533520226,1205.0
1533520232,1205.0
1533520238,1205.0
1533520244,1205.0
1533520250,1205.0
1533520256,1205.0
1533520262,1190.0
1533520267,1190.0
1533520273,1193.0
1533520278,1195.0
1533520285,1196.0
1533520290,1196.0
1533520295,1195.0
1533520300,1194.0
1533520306,1195.0
1533520312,1196.0
1533520318,1197.0
1533520323,1199.0
1533520329,1201.0
1533520334,1202.0
1533520340,1201.0
1533520346,1201.0
1533520352,1202.0
1533520358,1203.0
1533520364,1204.0
1533520369,1205.0
1533520374,1206.0
1533520379,1206.0
1533520385,1209.0
1533520391,1211.0
1533520396,1212.0
1533520402,1214.0
1533520408,1214.0
1533520413,1215.0
1533520419,1216.0
1533520424,1219.0
1533520430,1221.0
1533520436,1220.0
1533520442,1222.0
1533520448,1224.0
1533520454,1225.0
1533520460,1226.0
1533520466,1228.0
1533520472,1229.0
1533520478,1231.0
1533520484,1234.0
1533520490,1237.0
1533520496,1240.0
1533520502,1242.0
1533520508,1244.0
1533520514,1245.0
1533520519,1246.0
1533520525,1243.0
1533520530,1243.0
1533520536,1243.0
1533520541,1244.0
1533520547,1244.0
1533520552,1244.0
1533520558,1243.0
1533520563,1244.0
1533520568,1243.0
1533520574,1243.0
1533520579,1243.0
1533520585,1242.0
1533520591,1242.0
1533520597,1242.0
1533520602,1242.0
1533520607,1242.0
1533520612,1242.0
1533520617,1242.0
1533520623,1242.0
1533520628,1242.0
1533520634,1242.0
1533520639,1242.0
1533520645,1240.0
1533520651,1240.0
1533520656,1243.0
1533520662,1244.0
1533520667,1245.0
1533520672,1245.0
1533520678,1245.0
1533520683,1246.0
1533520688,1246.0
1533520694,1246.0
1533520700,1246.0
1533520706,1246.0
1533520712,1246.0
1533520718,1244.0
1533520724,1242.0
1533520730,1242.0
1533520736,1241.0
1533520742,1240.0
1533520748,1240.0
1533520754,1236.0
1533520766,1228.0
1533520772,1223.0
1533520778,1218.0
1533520784,1214.0
1533520790,1209.0
1533520796,1203.0
1533517203,1182.0
1533517208,1182.0
1533517214,1182.0
1533517220,1182.0
1533517226,1182.0
1533517236,1182.0
1533517242,1182.0
1533517247,1182.0
1533517252,1182.0
1533517258,1182.0
1533517268,1182.0
1533517274,1182.0
1533517279,1182.0
1533517285,1182.0
1533517290,1182.0
1533517296,1182.0
1533517302,1182.0
1533517307,1182.0
1533517312,1182.0
1533517317,1182.0
1533517323,1182.0
1533517329,1182.0
1533517334,1182.0
1533517340,1182.0
1533517345,1182.0
1533517351,1182.0
1533517357,1182.0
1533517362,1182.0
1533517368,1182.0
1533517373,1182.0
1533517379,1182.0
1533517384,1182.0
1533517389,1182.0
1533517395,1182.0
1533517401,1182.0
1533517406,1182.0
1533517412,1182.0
1533517418,1182.0
1533517429,1182.0
1533517435,1182.0
1533517441,1182.0
1533517447,1182.0
1533517452,1182.0
1533517457,1182.0
1533517463,1182.0
1533517468,1182.0
1533517474,1182.0
1533517480,1182.0
1533517486,1182.0
1533517491,1182.0
1533517497,1182.0
1533517503,1182.0
1533517508,1182.0
1533517514,1182.0
1533517525,1182.0
1533517530,1182.0
1533517536,1182.0
1533517542,1182.0
1533517547,1182.0
1533517552,1182.0
1533517558,1182.0
1533517564,1182.0
1533517570,1182.0
1533517576,1182.0
1533517582,1181.0
1533517588,1181.0
1533517594,1181.0
1533517599,1181.0
1533517605,1181.0
1533517610,1181.0
1533517616,1181.0
1533517622,1181.0
1533517628,1181.0
1533517634,1181.0
1533517639,1181.0
1533517645,1181.0
1533517651,1181.0
1533517656,1181.0
1533517661,1181.0
1533517666,1181.0
1533517671,1181.0
1533517677,1181.0
1533517682,1181.0
1533517688,1181.0
1533517694,1181.0
1533517700,1181.0
1533517706,1181.0
1533517711,1181.0
1533517717,1181.0
1533517722,1181.0
1533517728,1181.0
1533517734,1181.0
1533517740,1183.0
1533517745,1183.0
1533517751,1182.0
1533517757,1182.0
1533517762,1182.0
1533517768,1181.0
1533517774,1182.0
1533517779,1182.0
1533517785,1183.0
1533517790,1184.0
1533517796,1184.0
1533517802,1186.0
1533517807,1186.0
1533517813,1186.0
1533517819,1185.0
1533517825,1183.0
1533517831,1184.0
1533517836,1185.0
1533517842,1185.0
1533517847,1187.0
1533517852,1188.0
1533517857,1189.0
1533517863,1189.0
1533517868,1190.0
1533517879,1188.0
1533517884,1188.0
1533517889,1188.0
1533517895,1187.0
1533517901,1186.0
1533517906,1188.0
1533517912,1188.0
1533517917,1188.0
1533517923,1188.0
1533517928,1187.0
1533517934,1188.0
1533517940,1186.0
1533517945,1185.0
1533517951,1184.0
1533517957,1182.0
1533517963,1180.0
1533517969,1178.0
1533517974,1178.0
1533517980,1178.0
1533517985,1177.0
1533517990,1177.0
1533517996,1179.0
1533518008,1179.0
1533518014,1179.0
1533518020,1180.0
1533518025,1182.0
1533518031,1184.0
1533518036,1185.0
1533518042,1185.0
1533518047,1207.0
1533518053,1209.0
1533518059,1213.0
1533518064,1216.0
1533518070,1220.0
1533518076,1224.0
1533518082,1227.0
1533518087,1229.0
1533518093,1231.0
1533518099,1233.0
1533518105,1233.0
1533518111,1233.0
1533518116,1231.0
1533518121,1228.0
1533518127,1226.0
1533518133,1224.0
1533518139,1224.0
1533518145,1224.0
1533518150,1225.0
1533518156,1225.0
1533518162,1225.0
1533518168,1227.0
1533518174,1226.0
1533518180,1225.0
1533518185,1225.0
1533518191,1226.0
1533518231,1226.0
1533518236,1227.0
1533518242,1229.0
1533518248,1231.0
1533518253,1232.0
1533518265,1230.0
1533518270,1230.0
1533518276,1233.0
1533518282,1235.0
1533518288,1237.0
1533518294,1239.0
1533518300,1238.0
1533518305,1238.0
1533518311,1238.0
1533518316,1237.0
1533518321,1237.0
1533518327,1237.0
1533518333,1237.0
1533518339,1237.0
1533518345,1237.0
1533518350,1237.0
1533518356,1237.0
1533518361,1237.0
1533518367,1237.0
1533518372,1237.0
1533518378,1237.0
1533518384,1237.0
1533518390,1237.0
1533518395,1236.0
1533518401,1233.0
1533518407,1231.0
1533518413,1227.0
1533518419,1226.0
1533518424,1227.0
1533518430,1227.0
1533518436,1227.0
1533518442,1226.0
1533518447,1226.0
1533518453,1226.0
1533518458,1228.0
1533518463,1230.0
1533518469,1233.0
1533518475,1237.0
1533518481,1236.0
1533518520,1255.0
1533518525,1255.0
1533518531,1256.0
1533518537,1255.0
1533518542,1255.0
1533518548,1254.0
1533518553,1254.0
1533518559,1254.0
1533518564,1255.0
1533518570,1256.0
1533518576,1256.0
1533518649,1252.0
1533518654,1250.0
1533518659,1250.0
1533518665,1254.0
1533518670,1257.0
1533518676,1257.0
1533518681,1262.0
1533518687,1265.0
1533518692,1266.0
1533518698,1268.0
1533518703,1270.0
1533518709,1273.0
1533518809,1296.0
1533518814,1296.0
1533518820,1296.0
1533518826,1299.0
1533518832,1298.0
1533518837,1298.0
1533518842,1297.0
1533518848,1297.0
1533518854,1297.0
1533518859,1297.0
1533518865,1297.0
1533518870,1297.0
1533519362,1247.0
1533519371,1273.0
1533519377,1292.0
1533519382,1296.0
1533519387,1287.0
1533519393,1280.0
1533519398,1282.0
1533519403,1285.0
1533519409,1288.0
1533519415,1290.0
1533519421,1291.0
1533519427,1292.0
1533519433,1293.0
1533519439,1294.0
1533519444,1294.0
1533519450,1291.0
1533519455,1293.0
1533519461,1292.0
1533519467,1291.0
1533519472,1291.0
1533519478,1291.0
1533519483,1288.0
1533519488,1287.0
1533519493,1287.0
1533519499,1285.0
1533519504,1284.0
1533519510,1283.0
1533519515,1283.0
1533519521,1282.0
1533519527,1280.0
1533519533,1281.0
1533519539,1281.0
1533519545,1281.0
1533519550,1280.0
1533519556,1279.0
1533519561,1280.0
1533519566,1280.0
1533519571,1279.0
1533519577,1276.0
1533519583,1274.0
1533519589,1272.0
1533519595,1270.0
1533519601,1268.0
1533519607,1265.0
1533519613,1263.0
1533519619,1261.0
1533519624,1258.0
1533519630,1255.0
1533519635,1252.0
1533519640,1250.0
1533519646,1249.0
1533519651,1248.0
1533519657,1249.0
1533519662,1250.0
1533519667,1251.0
1533519673,1252.0
1533519678,1253.0
1533519684,1254.0
1533519689,1254.0
1533519695,1255.0
1533519700,1254.0
1533519706,1254.0
1533519712,1254.0
1533519717,1253.0
1533519722,1253.0
1533519727,1254.0
1533519733,1255.0
1533519739,1257.0
1533519745,1258.0
1533519751,1259.0
1533519791,1262.0
1533519796,1263.0
1533519802,1263.0
1533519807,1262.0
1533519813,1263.0
1533519825,1265.0
1533519831,1265.0
1533519836,1265.0
1533519841,1264.0
1533519847,1264.0
1533519852,1262.0
1533519858,1260.0
1533519864,1260.0
1533519870,1260.0
1533519876,1260.0
1533519881,1261.0
1533519886,1260.0
1533519892,1260.0
1533519897,1260.0
1533519903,1261.0
1533519908,1262.0
1533519913,1260.0
1533519919,1259.0
1533519925,1258.0
1533519931,1258.0
1533519937,1257.0
1533519943,1255.0
1533519949,1254.0
1533519955,1253.0
1533519960,1252.0
1533519966,1250.0
1533519972,1247.0
1533519978,1244.0
1533519983,1243.0
1533519989,1240.0
1533519995,1239.0
1533520000,1238.0
1533520005,1235.0
1533520010,1234.0
1533520016,1234.0
1533520022,1231.0
1533520027,1230.0
1533520033,1228.0
1533520039,1226.0
1533520045,1224.0
1533520051,1222.0
1533520056,1221.0
1533520062,1220.0
1533520067,1220.0
1533520072,1219.0
1533520078,1219.0
1533520084,1219.0
1533520089,1219.0
1533520095,1217.0
1533520100,1217.0
1533520111,1216.0
1533520117,1214.0
1533520123,1213.0
1533520129,1211.0
1533520135,1209.0
1533520141,1208.0
1533520147,1206.0
1533520153,1204.0
1533520158,1202.0
1533520164,1202.0
1533520169,1198.0
1533520174,1197.0
1533520180,1195.0
1533520186,1195.0
1533520192,1195.0
1533520197,1195.0
1533520203,1195.0
1533520209,1195.0
1533520215,1194.0
1533520220,1193.0
1533520225,1192.0
1533520231,1192.0
1533520237,1192.0
1533520243,1192.0
1533520249,1191.0
1533520255,1192.0
1533520260,1193.0
1533520265,1193.0
1533520271,1192.0
1533520277,1191.0
1533520283,1190.0
1533520288,1188.0
1533520294,1187.0
1533520305,1191.0
1533520311,1191.0
1533520317,1194.0
1533520323,1195.0
1533520328,1194.0
1533520333,1194.0
1533520339,1193.0
1533520345,1192.0
1533520351,1193.0
1533520357,1193.0
1533520362,1192.0
1533520367,1191.0
1533520373,1190.0
1533520378,1191.0
1533520383,1193.0
1533520389,1192.0
1533520395,1192.0
1533520400,1191.0
1533520405,1191.0
1533520411,1192.0
1533520417,1194.0
1533520423,1198.0
1533520434,1201.0
1533520439,1204.0
1533520444,1204.0
1533520450,1205.0
1533520455,1205.0
1533520466,1203.0
1533520472,1202.0
1533520477,1203.0
1533520482,1203.0
1533520488,1202.0
1533520498,1202.0
1533520503,1202.0
1533520509,1202.0
1533520514,1202.0
1533520519,1202.0
1533520531,1201.0
1533520537,1201.0
1533520542,1200.0
1533520548,1200.0
1533520553,1200.0
1533520559,1200.0
1533520564,1200.0
1533520570,1200.0
1533520576,1200.0
1533520582,1200.0
1533520588,1200.0
1533520594,1200.0
1533520600,1200.0
1533520606,1200.0
1533520612,1200.0
1533520624,1200.0
1533520629,1200.0
1533520635,1200.0
1533520640,1200.0
1533520646,1200.0
1533520651,1200.0
1533520657,1200.0
1533520663,1200.0
1533520669,1200.0
1533520675,1200.0
1533520681,1200.0
1533520687,1200.0
1533520693,1200.0
1533520698,1200.0
1533520704,1200.0
1533520709,1200.0
1533520715,1200.0
1533520720,1200.0
1533520725,1200.0
1533520730,1200.0
1533520735,1200.0
1533520741,1200.0
1533520747,1200.0
1533520753,1200.0
1533520760,1200.0
1533520765,1200.0
1533520771,1200.0
1533520777,1200.0
1533520783,1200.0
1533520788,1200.0
1533520794,1200.0
1533520799,1200.0
1533517204,1287.0
1533517209,1288.0
1533517214,1289.0
1533517220,1290.0
1533517225,1290.0
1533517230,1290.0
1533517235,1291.0
1533517241,1292.0
1533517246,1293.0
1533517252,1294.0
1533517258,1294.0
1533517263,1294.0
1533517269,1295.0
1533517275,1295.0
1533517280,1294.0
1533517285,1296.0
1533517291,1297.0
1533517297,1299.0
1533517303,1302.0
1533517308,1303.0
1533517313,1303.0
1533517319,1304.0
1533517325,1305.0
1533517336,1305.0
1533517341,1306.0
1533517346,1306.0
1533517351,1306.0
1533517357,1307.0
1533517363,1307.0
1533517368,1306.0
1533517373,1306.0
1533517379,1305.0
1533517385,1306.0
1533517391,1306.0
1533517397,1306.0
1533517402,1307.0
1533517408,1307.0
1533517414,1307.0
1533517420,1307.0
1533517426,1307.0
1533517432,1307.0
1533517438,1307.0
1533517443,1307.0
1533517449,1307.0
1533517454,1307.0
1533517460,1306.0
1533517465,1306.0
1533517470,1305.0
1533517476,1304.0
1533517482,1302.0
1533517487,1301.0
1533517493,1299.0
1533517498,1299.0
1533517504,1296.0
1533517510,1295.0
1533517515,1295.0
1533517521,1295.0
1533517526,1295.0
1533517531,1297.0
1533517537,1298.0
1533517543,1299.0
1533517548,1298.0
1533517554,1298.0
1533517560,1298.0
1533517566,1298.0
1533517572,1298.0
1533517577,1298.0
1533517582,1297.0
1533517588,1295.0
1533517593,1294.0
1533517598,1293.0
1533517604,1289.0
1533517610,1287.0
1533517616,1284.0
1533517622,1282.0
1533517628,1281.0
1533517634,1279.0
1533517640,1277.0
1533517646,1274.0
1533517657,1272.0
1533517662,1271.0
1533517668,1268.0
1533517674,1265.0
1533517680,1265.0
1533517685,1264.0
1533517691,1264.0
1533517696,1263.0
1533517702,1261.0
1533517708,1260.0
1533517714,1259.0
1533517720,1255.0
1533517726,1253.0
1533517731,1251.0
1533517736,1251.0
1533517742,1244.0
1533517748,1242.0
1533517754,1239.0
1533517760,1236.0
1533517766,1232.0
1533517772,1227.0
1533517778,1224.0
1533517784,1220.0
1533517790,1216.0
1533517796,1215.0
1533517802,1214.0
1533517808,1212.0
1533517820,1206.0
1533517825,1205.0
1533517831,1205.0
1533517836,1203.0
1533517842,1202.0
1533517847,1201.0
1533517853,1201.0
1533517858,1200.0
1533517864,1198.0
1533517869,1195.0
1533517874,1193.0
1533517880,1191.0
1533517886,1189.0
1533517892,1187.0
1533517898,1184.0
1533517904,1183.0
1533517916,1181.0
1533517922,1180.0
1533517928,1180.0
1533517934,1178.0
1533517940,1170.0
1533517946,1169.0
1533517952,1168.0
1533517958,1167.0
1533517964,1166.0
1533517970,1166.0
1533517976,1165.0
1533517981,1165.0
1533517987,1164.0
1533517992,1164.0
1533517998,1164.0
1533518004,1164.0
1533518009,1164.0
1533518016,1164.0
1533518022,1164.0
1533518027,1164.0
1533518033,1164.0
1533518038,1164.0
1533518044,1164.0
1533518050,1164.0
1533518056,1164.0
1533518061,1164.0
1533518066,1164.0
1533518072,1165.0
1533518077,1167.0
1533518082,1167.0
1533518088,1166.0
1533518093,1165.0
1533518098,1164.0
1533518104,1163.0
1533518109,1162.0
1533518114,1162.0
1533518120,1162.0
1533518126,1161.0
1533518132,1161.0
1533518138,1161.0
1533518144,1160.0
1533518150,1160.0
1533518156,1160.0
1533518162,1160.0
1533518168,1160.0
1533518174,1161.0
1533518180,1160.0
1533518185,1160.0
1533518191,1160.0
1533518197,1161.0
1533518202,1161.0
1533518208,1161.0
1533518214,1161.0
1533518220,1161.0
1533518225,1160.0
1533518237,1160.0
1533518242,1160.0
1533518248,1160.0
1533518254,1160.0
1533518260,1160.0
1533518265,1160.0
1533518271,1161.0
1533518277,1161.0
1533518282,1161.0
1533518288,1162.0
1533518294,1162.0
1533518299,1162.0
1533518305,1161.0
1533518310,1162.0
1533518317,1163.0
1533518322,1165.0
1533518327,1166.0
1533518333,1167.0
1533518338,1168.0
1533518343,1168.0
1533518348,1168.0
1533518354,1168.0
1533518360,1169.0
1533518366,1170.0
1533518372,1170.0
1533518378,1172.0
1533518383,1174.0
1533518389,1175.0
1533518395,1176.0
1533518401,1175.0
1533518407,1175.0
1533518413,1176.0
1533518418,1175.0
1533518429,1177.0
1533518435,1178.0
1533518441,1179.0
1533518447,1180.0
1533518453,1181.0
1533518459,1181.0
1533518465,1181.0
1533518471,1181.0
1533518477,1182.0
1533518483,1182.0
1533518495,1183.0
1533518501,1184.0
1533518507,1184.0
1533518513,1187.0
1533518518,1188.0
1533518523,1189.0
1533518528,1189.0
1533518534,1190.0
1533518539,1190.0
1533518545,1191.0
1533518550,1191.0
1533518556,1190.0
1533518561,1191.0
1533518567,1190.0
1533518573,1191.0
1533518579,1193.0
1533518584,1194.0
1533518590,1195.0
1533518596,1197.0
1533518601,1197.0
1533518606,1198.0
1533518612,1197.0
1533518623,1200.0
1533518629,1202.0
1533518635,1202.0
1533518640,1203.0
1533518645,1204.0
1533518651,1207.0
1533518656,1209.0
1533518662,1209.0
1533518668,1210.0
1533518673,1209.0
1533518678,1209.0
1533518684,1211.0
1533518690,1213.0
1533518696,1216.0
1533518702,1218.0
1533518708,1221.0
1533518719,1223.0
1533518724,1223.0
1533518730,1224.0
1533518735,1226.0
1533518741,1228.0
1533518747,1229.0
1533518752,1230.0
1533518758,1232.0
1533518763,1232.0
1533518768,1232.0
1533518774,1232.0
1533518780,1233.0
1533518786,1233.0
1533518792,1234.0
1533518798,1234.0
1533518804,1236.0
1533518809,1236.0
1533518815,1237.0
1533518820,1238.0
1533518826,1240.0
1533518831,1241.0
1533518837,1243.0
1533518843,1245.0
1533518848,1246.0
1533518853,1246.0
1533518859,1248.0
1533518865,1249.0
1533518870,1251.0
1533518876,1252.0
1533518882,1253.0
1533518888,1254.0
1533518894,1254.0
1533518899,1256.0
1533518905,1257.0
1533518911,1258.0
1533518917,1258.0
1533518922,1259.0
1533518927,1259.0
1533518933,1260.0
1533518938,1261.0
1533518944,1262.0
1533518950,1264.0
1533518956,1265.0
1533518962,1267.0
1533518968,1269.0
1533518973,1271.0
1533518979,1272.0
1533518984,1274.0
1533518990,1276.0
1533518996,1277.0
1533519002,1278.0
1533519008,1279.0
1533519014,1280.0
1533519020,1281.0
1533519026,1282.0
1533519032,1283.0
1533519038,1284.0
1533519044,1284.0
1533519050,1285.0
1533519056,1286.0
1533519062,1287.0
1533519067,1287.0
1533519073,1287.0
1533519078,1287.0
1533519083,1291.0
1533519089,1289.0
1533519095,1291.0
1533519100,1290.0
1533519105,1290.0
1533519110,1291.0
1533519116,1291.0
1533519122,1291.0
1533519128,1291.0
1533519134,1291.0
1533519139,1291.0
1533519145,1296.0
1533519150,1299.0
1533519156,1301.0
1533519161,1302.0
1533519166,1301.0
1533519172,1302.0
1533519177,1300.0
1533519182,1300.0
1533519188,1300.0
1533519194,1300.0
1533519199,1299.0
1533519205,1298.0
1533519211,1298.0
1533519217,1298.0
1533519222,1298.0
1533519228,1299.0
1533519233,1298.0
1533519239,1298.0
1533519245,1299.0
1533519251,1299.0
1533519257,1299.0
1533519263,1299.0
1533519269,1299.0
1533519275,1299.0
1533519281,1299.0
1533519287,1298.0
1533519297,1298.0
1533519303,1298.0
1533519308,1297.0
1533519314,1297.0
1533519320,1297.0
1533519325,1297.0
1533519331,1297.0
1533519337,1297.0
1533519343,1297.0
1533519349,1297.0
1533519355,1297.0
1533519360,1296.0
1533519366,1295.0
1533519371,1295.0
1533519377,1295.0
1533519383,1292.0
1533519389,1290.0
1533519395,1290.0
1533519401,1289.0
1533519407,1289.0
1533519413,1288.0
1533519418,1289.0
1533519423,1290.0
1533519429,1290.0
1533519434,1290.0
1533519440,1291.0
1533519446,1290.0
1533519452,1291.0
1533519458,1291.0
1533519464,1289.0
1533519470,1288.0
1533519476,1287.0
1533519482,1285.0
1533519488,1283.0
1533519494,1281.0
1533519500,1277.0
1533519506,1275.0
1533519512,1274.0
1533519522,1269.0
1533519528,1266.0
1533519533,1263.0
1533519539,1262.0
1533519544,1259.0
1533519550,1256.0
1533519555,1255.0
1533519560,1253.0
1533519566,1252.0
1533519572,1252.0
1533519578,1251.0
1533519584,1251.0
1533519590,1249.0
1533519596,1247.0
1533519602,1244.0
1533519608,1241.0
1533519614,1239.0
1533519620,1235.0
1533519626,1232.0
1533519632,1229.0
1533519637,1227.0
1533519643,1224.0
1533519649,1222.0
1533519655,1219.0
1533519660,1217.0
1533519666,1215.0
1533519671,1212.0
1533519677,1210.0
1533519683,1209.0
1533519689,1207.0
1533519695,1204.0
1533519701,1200.0
1533519707,1198.0
1533519718,1193.0
1533519730,1192.0
1533519736,1189.0
1533519742,1186.0
1533519754,1181.0
1533519760,1179.0
1533519766,1174.0
1533519771,1171.0
1533519776,1169.0
1533519782,1168.0
1533519788,1166.0
1533519794,1163.0
1533519800,1160.0
1533519806,1158.0
1533519812,1155.0
1533519818,1152.0
1533519823,1150.0
1533519828,1149.0
1533519833,1149.0
1533519839,1149.0
1533519844,1149.0
1533519850,1149.0
1533519856,1149.0
1533519862,1149.0
1533519867,1149.0
1533519873,1148.0
1533519878,1149.0
1533519884,1149.0
1533519890,1150.0
1533519896,1151.0
1533519902,1151.0
1533519908,1151.0
1533519913,1151.0
1533519919,1151.0
1533519925,1151.0
1533519930,1151.0
1533519936,1151.0
1533519942,1151.0
1533519948,1151.0
1533519953,1151.0
1533519959,1151.0
1533519965,1151.0
1533519971,1151.0
1533519977,1151.0
1533519983,1151.0
1533519989,1151.0
1533519994,1151.0
1533520000,1151.0
1533520006,1151.0
1533520012,1151.0
1533520017,1151.0
1533520023,1151.0
1533520028,1151.0
1533520034,1151.0
1533520040,1151.0
1533520046,1151.0
1533520052,1151.0
1533520057,1151.0
1533520062,1152.0
1533520068,1152.0
1533520073,1152.0
1533520079,1152.0
1533520085,1151.0
1533520091,1151.0
1533520096,1152.0
1533520102,1153.0
1533520108,1154.0
1533520113,1155.0
1533520119,1156.0
1533520124,1156.0
1533520130,1157.0
1533520135,1156.0
1533520141,1157.0
1533520147,1160.0
1533520152,1161.0
1533520158,1162.0
1533520168,1163.0
1533520174,1164.0
1533520179,1165.0
1533520184,1166.0
1533520190,1168.0
1533520202,1171.0
1533520208,1172.0
1533520214,1174.0
1533520219,1175.0
1533520225,1176.0
1533520230,1177.0
1533520236,1177.0
1533520241,1178.0
1533520246,1179.0
1533520251,1181.0
1533520256,1183.0
1533520262,1184.0
1533520268,1186.0
1533520274,1187.0
1533520280,1187.0
1533520286,1187.0
1533520292,1187.0
1533520298,1187.0
1533520304,1186.0
1533520310,1187.0
1533520316,1192.0
1533520322,1195.0
1533520328,1198.0
1533520334,1199.0
1533520339,1198.0
1533520345,1198.0
1533520350,1199.0
1533520355,1200.0
1533520361,1202.0
1533520366,1204.0
1533520372,1205.0
1533520378,1205.0
1533520383,1207.0
1533520388,1208.0
1533520394,1210.0
1533520400,1212.0
1533520406,1215.0
1533520412,1217.0
1533520417,1219.0
1533520423,1219.0
1533520429,1219.0
1533520435,1219.0
1533520440,1221.0
1533520446,1222.0
1533520451,1223.0
1533520456,1224.0
1533520461,1225.0
1533520467,1226.0
1533520472,1226.0
1533520478,1226.0
1533520484,1226.0
1533520490,1227.0
1533520496,1227.0
1533520501,1228.0
1533520506,1229.0
1533520512,1230.0
1533520518,1230.0
1533520524,1231.0
1533520530,1232.0
1533520535,1233.0
1533520541,1235.0
1533520547,1236.0
1533520552,1237.0
1533520558,1238.0
1533520564,1239.0
1533520570,1241.0
1533520575,1242.0
1533520580,1243.0
1533520586,1245.0
1533520592,1246.0
1533520597,1248.0
1533520603,1249.0
1533520609,1250.0
1533520615,1251.0
1533520620,1251.0
1533520626,1252.0
1533520632,1254.0
1533520637,1255.0
1533520643,1257.0
1533520649,1258.0
1533520655,1260.0
1533520660,1261.0
1533520666,1263.0
1533520672,1265.0
1533520683,1269.0
1533520688,1271.0
1533520694,1273.0
1533520700,1274.0
1533520706,1275.0
1533520712,1276.0
1533520717,1276.0
1533520723,1277.0
1533520729,1279.0
1533520734,1281.0
1533520740,1283.0
1533520746,1285.0
1533520752,1286.0
1533520757,1286.0
1533520763,1287.0
1533520768,1288.0
1533520773,1287.0
1533520779,1287.0
1533520785,1288.0
1533520790,1288.0
1533520796,1288.0
1533520802,1205.0
1533520808,1200.0
1533520814,1195.0
1533520820,1190.0
1533520826,1185.0
1533520832,1180.0
1533520838,1176.0
1533520844,1172.0
1533520850,1168.0
1533520855,1167.0
1533520861,1163.0
1533520866,1161.0
1533520872,1157.0
1533520877,1154.0
1533520883,1151.0
1533520888,1151.0
1533520894,1153.0
1533520899,1156.0
1533520905,1157.0
1533520911,1155.0
1533520917,1153.0
1533520923,1152.0
1533520929,1152.0
1533520935,1152.0
1533520941,1152.0
1533520946,1152.0
1533520952,1152.0
1533520958,1152.0
1533520964,1152.0
1533520970,1152.0
1533520975,1152.0
1533520981,1152.0
1533520986,1152.0
1533520992,1152.0
1533520997,1152.0
1533521007,1152.0
1533521012,1152.0
1533521018,1152.0
1533521024,1152.0
1533521030,1152.0
1533521036,1152.0
1533521041,1152.0
1533521046,1152.0
1533521051,1152.0
1533521056,1152.0
1533521062,1152.0
1533521068,1152.0
1533521074,1152.0
1533521080,1152.0
1533521086,1152.0
1533521091,1152.0
1533521096,1152.0
1533521102,1152.0
1533521107,1152.0
1533521113,1152.0
1533521118,1152.0
1533521130,1152.0
1533521135,1152.0
1533521140,1152.0
1533521146,1152.0
1533521151,1152.0
1533521156,1152.0
1533521162,1152.0
1533521168,1152.0
1533521174,1152.0
1533521180,1152.0
1533521185,1152.0
1533521191,1152.0
1533521196,1152.0
1533521202,1152.0
1533521208,1152.0
1533521213,1152.0
1533521219,1153.0
1533521225,1153.0
1533521231,1153.0
1533521236,1153.0
1533521242,1153.0
1533521248,1153.0
1533521253,1153.0
1533521259,1153.0
1533521265,1153.0
1533521270,1153.0
1533521276,1153.0
1533521282,1153.0
1533521288,1153.0
1533521293,1153.0
1533521299,1153.0
1533521305,1153.0
1533521310,1153.0
1533521316,1153.0
1533521322,1153.0
1533521327,1153.0
1533521333,1153.0
1533521339,1153.0
1533521345,1153.0
1533521351,1153.0
1533521357,1153.0
1533521363,1153.0
1533521369,1153.0
1533521375,1153.0
1533521381,1153.0
1533521387,1153.0
1533521393,1153.0
1533521399,1153.0
1533521405,1154.0
1533521411,1154.0
1533521417,1154.0
1533521423,1154.0
1533521429,1154.0
1533521434,1154.0
1533521439,1154.0
1533521445,1154.0
1533521450,1154.0
1533521456,1154.0
1533521462,1154.0
1533521468,1154.0
1533521473,1154.0
1533521479,1155.0
1533521485,1159.0
1533521491,1161.0
1533521496,1162.0
1533521501,1162.0
1533521506,1162.0
1533521512,1163.0
1533521518,1164.0
1533521523,1164.0
1533521528,1168.0
1533521533,1170.0
1533521539,1172.0
1533521544,1174.0
1533521549,1176.0
1533521555,1177.0
1533521561,1179.0
1533521567,1181.0
1533521572,1182.0
1533521578,1182.0
1533521584,1183.0
1533521590,1185.0
1533521596,1187.0
1533521601,1189.0
1533521606,1191.0
1533521612,1193.0
1533521618,1193.0
1533521624,1194.0
1533521630,1192.0
1533521636,1192.0
1533521642,1195.0
1533521648,1196.0
1533521653,1195.0
1533521659,1194.0
1533521664,1193.0
1533521670,1193.0
1533521676,1193.0
1533521682,1194.0
1533521688,1194.0
1533521693,1194.0
1533521699,1194.0
1533521705,1194.0
1533521711,1195.0
1533521716,1196.0
1533521722,1197.0
1533521728,1199.0
1533521733,1200.0
1533521738,1201.0
1533521744,1203.0
1533521750,1204.0
1533521756,1207.0
1533521762,1208.0
1533521768,1210.0
1533521774,1211.0
1533521780,1214.0
1533521786,1216.0
1533521792,1218.0
1533521798,1220.0
1533521804,1225.0
1533521810,1229.0
1533521816,1230.0
1533521822,1231.0
1533521828,1232.0
1533521833,1233.0
1533521839,1234.0
1533521845,1235.0
1533521851,1236.0
1533521857,1238.0
1533521863,1240.0
1533521869,1242.0
1533521874,1241.0
1533521879,1242.0
1533521885,1242.0
1533521891,1244.0
1533521897,1245.0
1533521902,1246.0
1533521908,1246.0
1533521913,1245.0
1533521919,1246.0
1533521924,1245.0
1533521930,1244.0
1533521936,1244.0
1533521942,1244.0
1533521947,1244.0
1533521953,1244.0
1533521959,1244.0
1533521965,1244.0
1533521970,1244.0
1533521976,1245.0
1533521982,1245.0
1533521987,1245.0
1533521993,1247.0
1533521998,1249.0
1533522003,1251.0
1533522009,1251.0
1533522015,1252.0
1533522021,1250.0
1533522027,1247.0
1533522032,1245.0
1533522038,1242.0
1533522043,1241.0
1533522049,1237.0
1533522054,1237.0
1533522060,1231.0
1533522066,1227.0
1533522072,1220.0
1533522078,1214.0
1533522084,1209.0
1533522089,1207.0
1533522095,1202.0
1533522101,1197.0
1533522106,1193.0
1533522111,1190.0
1533522117,1187.0
1533522123,1183.0
1533522128,1180.0
1533522133,1176.0
1533522138,1172.0
1533522144,1169.0
1533522149,1165.0
1533522155,1162.0
1533522160,1159.0
1533522166,1158.0
1533522171,1158.0
1533522176,1157.0
1533522182,1156.0
1533522187,1156.0
1533522193,1154.0
1533522198,1153.0
1533522204,1153.0
1533522210,1151.0
1533522216,1151.0
1533522221,1152.0
1533522226,1154.0
1533522231,1153.0
1533522236,1152.0
1533522241,1151.0
1533522247,1149.0
1533522253,1149.0
1533522258,1148.0
1533522264,1147.0
1533522269,1147.0
1533522280,1147.0
1533522286,1147.0
1533522291,1147.0
1533522297,1147.0
1533522303,1147.0
1533522308,1147.0
1533522314,1147.0
1533522320,1147.0
1533522325,1147.0
1533522331,1147.0
1533522336,1147.0
1533522341,1148.0
1533522347,1151.0
1533522353,1152.0
1533522358,1152.0
1533522364,1154.0
1533522370,1155.0
1533522376,1155.0
1533522381,1157.0
1533522387,1158.0
1533522392,1160.0
1533522398,1160.0
1533522404,1161.0
1533522410,1161.0
1533522416,1161.0
1533522422,1161.0
1533522428,1160.0
1533522433,1160.0
1533522439,1161.0
1533522444,1161.0
1533522450,1162.0
1533522455,1163.0
1533522461,1164.0
1533522466,1164.0
1533522472,1164.0
1533522477,1165.0
1533522483,1165.0
1533522488,1165.0
1533522494,1165.0
1533522500,1165.0
1533522506,1166.0
1533522512,1166.0
1533522524,1166.0
1533522530,1166.0
1533522536,1166.0
1533522541,1166.0
1533522547,1166.0
1533522553,1166.0
1533522558,1166.0
1533522563,1166.0
1533522569,1166.0
1533522575,1166.0
1533522581,1166.0
1533522587,1166.0
1533522593,1166.0
1533522599,1166.0
1533522605,1166.0
1533522610,1167.0
1533522615,1167.0
1533522620,1166.0
1533522625,1164.0
1533522631,1162.0
1533522636,1161.0
1533522641,1161.0
1533522647,1161.0
1533522653,1159.0
1533522659,1162.0
1533522665,1167.0
1533522671,1168.0
1533522676,1170.0
1533522681,1173.0
1533522686,1175.0
1533522692,1176.0
1533522698,1178.0
1533522704,1180.0
1533522710,1178.0
1533522716,1179.0
1533522722,1179.0
1533522728,1180.0
1533522733,1180.0
1533522738,1181.0
1533522744,1179.0
1533522750,1180.0
1533522755,1182.0
1533522766,1186.0
1533522771,1187.0
1533522777,1186.0
1533522783,1186.0
1533522789,1186.0
1533522795,1187.0
1533522801,1188.0
1533522807,1189.0
1533522812,1191.0
1533522818,1193.0
1533522824,1197.0
1533522830,1200.0
1533522836,1203.0
1533522842,1204.0
1533522847,1205.0
1533522853,1207.0
1533522859,1208.0
1533522865,1209.0
1533522870,1211.0
1533522876,1212.0
1533522882,1215.0
1533522888,1217.0
1533522893,1220.0
1533522899,1222.0
1533522904,1223.0
1533522909,1225.0
1533522915,1225.0
1533522921,1224.0
1533522927,1223.0
1533522932,1223.0
1533522938,1225.0
1533522943,1228.0
1533522949,1230.0
1533522955,1231.0
1533522960,1231.0
1533522966,1233.0
1533522971,1233.0
1533522977,1233.0
1533522982,1233.0
1533522987,1234.0
1533522993,1236.0
1533522999,1239.0
1533523004,1240.0
1533523010,1241.0
1533523015,1242.0
1533523020,1242.0
1533523025,1241.0
1533523031,1241.0
1533523037,1241.0
1533523042,1242.0
1533523047,1241.0
1533523053,1241.0
1533523059,1241.0
1533523065,1242.0
1533523070,1242.0
1533523076,1242.0
1533523082,1242.0
1533523087,1242.0
1533523093,1242.0
1533523098,1243.0
1533523103,1245.0
1533523109,1247.0
1533523114,1248.0
1533523120,1246.0
1533523126,1245.0
1533523131,1243.0
1533523137,1241.0
1533523142,1237.0
1533523148,1237.0
1533523154,1236.0
1533523160,1232.0
1533523165,1229.0
1533523171,1226.0
1533523177,1220.0
1533523182,1214.0
1533523188,1209.0
1533523194,1205.0
1533523200,1201.0
1533523205,1198.0
1533523211,1194.0
1533523217,1189.0
1533523223,1187.0
1533523228,1186.0
1533523234,1183.0
1533523239,1180.0
1533523244,1178.0
1533523250,1177.0
1533523256,1174.0
1533523261,1173.0
1533523266,1172.0
1533523272,1171.0
1533523278,1171.0
1533523283,1170.0
1533523289,1169.0
1533523294,1168.0
1533523299,1167.0
1533523304,1165.0
1533523310,1164.0
1533523316,1167.0
1533523321,1167.0
1533523327,1165.0
1533523333,1163.0
1533523338,1163.0
1533523343,1163.0
1533523349,1163.0
1533523355,1163.0
1533523361,1164.0
1533523367,1165.0
1533523373,1165.0
1533523379,1165.0
1533523385,1165.0
1533523390,1165.0
1533523396,1165.0
1533523402,1165.0
1533523408,1165.0
1533523414,1165.0
1533523420,1165.0
1533523426,1165.0
1533523431,1165.0
1533523436,1165.0
1533523442,1165.0
1533523447,1165.0
1533523452,1165.0
1533523458,1165.0
1533523464,1165.0
1533523469,1165.0
1533523475,1165.0
1533523480,1165.0
1533523486,1165.0
1533523492,1165.0
1533523498,1165.0
1533523504,1165.0
1533523510,1165.0
1533523516,1165.0
1533523522,1165.0
1533523528,1165.0
1533523534,1165.0
1533523540,1165.0
1533523545,1165.0
1533523551,1165.0
1533523557,1165.0
1533523562,1165.0
1533523567,1165.0
1533523573,1165.0
1533523579,1165.0
1533523585,1165.0
1533523590,1165.0
1533523596,1165.0
1533523602,1165.0
1533523607,1165.0
1533523613,1165.0
1533523619,1165.0
1533523624,1165.0
1533523630,1165.0
1533523636,1165.0
1533523642,1165.0
1533523648,1165.0
1533523654,1165.0
1533523660,1165.0
1533523666,1165.0
1533523672,1165.0
1533523678,1165.0
1533523684,1165.0
1533523690,1165.0
1533523695,1165.0
1533523700,1165.0
1533523706,1165.0
1533523712,1165.0
1533523718,1165.0
1533523724,1165.0
1533523736,1165.0
1533523742,1165.0
1533523748,1165.0
1533523754,1165.0
1533523760,1165.0
1533523766,1165.0
1533523772,1165.0
1533523778,1165.0
1533523784,1165.0
1533523790,1165.0
1533523796,1165.0
1533523802,1165.0
1533523808,1165.0
1533523814,1165.0
1533523819,1166.0
1533523825,1167.0
1533523831,1168.0
1533523836,1169.0
1533523841,1169.0
1533523847,1167.0
1533523853,1167.0
1533523858,1168.0
1533523864,1168.0
1533523869,1166.0
1533523874,1166.0
1533523880,1170.0
1533523886,1171.0
1533523891,1172.0
1533523897,1174.0
1533523903,1177.0
1533523909,1179.0
1533523914,1178.0
1533523919,1176.0
1533523925,1176.0
1533523931,1176.0
1533523937,1178.0
1533523943,1179.0
1533523948,1179.0
1533523954,1181.0
1533523959,1183.0
1533523964,1184.0
1533523970,1186.0
1533523976,1187.0
1533523982,1189.0
1533523988,1190.0
1533523994,1191.0
1533524000,1193.0
1533524006,1191.0
1533524012,1192.0
1533524018,1195.0
1533524024,1198.0
1533524030,1199.0
1533524036,1200.0
1533524041,1202.0
1533524047,1204.0
1533524052,1205.0
1533524058,1207.0
1533524064,1209.0
1533524069,1210.0
1533524075,1212.0
1533524081,1213.0
1533524086,1214.0
1533524092,1215.0
1533524098,1218.0
1533524104,1220.0
1533524110,1221.0
1533524116,1222.0
1533524121,1225.0
1533524127,1226.0
1533524132,1227.0
1533524138,1229.0
1533524143,1231.0
1533524148,1232.0
1533524154,1233.0
1533524159,1235.0
1533524165,1237.0
1533524170,1239.0
1533524176,1241.0
1533524181,1242.0
1533524186,1243.0
1533524192,1244.0
1533524198,1244.0
1533524204,1244.0
1533524209,1245.0
1533524214,1245.0
1533524220,1244.0
1533524225,1244.0
1533524231,1246.0
1533524236,1247.0
1533524242,1249.0
1533524248,1249.0
1533524253,1249.0
1533524259,1249.0
1533524264,1249.0
1533524269,1249.0
1533524274,1249.0
1533524280,1249.0
1533524285,1249.0
1533524291,1249.0
1533524297,1250.0
1533524303,1251.0
1533524309,1251.0
1533524314,1251.0
1533524319,1250.0
1533524324,1249.0
1533524330,1248.0
1533524336,1247.0
1533524342,1245.0
1533524347,1244.0
1533524353,1242.0
1533524359,1242.0
1533524364,1240.0
1533524369,1238.0
1533524374,1236.0
1533524380,1232.0
1533524386,1230.0
1533524392,1226.0
1533524398,1222.0
1533520805,1190.0
1533520811,1190.0
1533520816,1190.0
1533520822,1190.0
1533520828,1190.0
1533520834,1190.0
1533520840,1190.0
1533520846,1190.0
1533520852,1190.0
1533520858,1190.0
1533520864,1190.0
1533520870,1190.0
1533520876,1190.0
1533520882,1190.0
1533520887,1190.0
1533520893,1190.0
1533520899,1190.0
1533520905,1191.0
1533520915,1192.0
1533520921,1193.0
1533520927,1194.0
1533520933,1193.0
1533520939,1193.0
1533520944,1193.0
1533520949,1192.0
1533520955,1192.0
1533520960,1191.0
1533520965,1190.0
1533520971,1189.0
1533520976,1189.0
1533520981,1188.0
1533520987,1187.0
1533520993,1186.0
1533520998,1186.0
1533521004,1185.0
1533521010,1184.0
1533521015,1184.0
1533521021,1185.0
1533521027,1185.0
1533521032,1185.0
1533521038,1184.0
1533521044,1185.0
1533521049,1186.0
1533521055,1186.0
1533521060,1186.0
1533521065,1187.0
1533521071,1187.0
1533521077,1186.0
1533521082,1185.0
1533521088,1185.0
1533521094,1184.0
1533521099,1184.0
1533521105,1183.0
1533521111,1181.0
1533521117,1183.0
1533521123,1180.0
1533521129,1184.0
1533521135,1184.0
1533521140,1184.0
1533521146,1187.0
1533521152,1186.0
1533521158,1183.0
1533521163,1181.0
1533521173,1179.0
1533521179,1177.0
1533521185,1178.0
1533521191,1180.0
1533521197,1184.0
1533521203,1184.0
1533521209,1185.0
1533521215,1187.0
1533521221,1186.0
1533521227,1186.0
1533521238,1186.0
1533521243,1185.0
1533521249,1183.0
1533521255,1182.0
1533521261,1182.0
1533521267,1182.0
1533521273,1184.0
1533521278,1183.0
1533521284,1182.0
1533521289,1181.0
1533521295,1180.0
1533521301,1180.0
1533521306,1180.0
1533521312,1182.0
1533521317,1184.0
1533521323,1187.0
1533521365,1190.0
1533521371,1188.0
1533521377,1187.0
1533521383,1185.0
1533521389,1184.0
1533521395,1187.0
1533521401,1190.0
1533521407,1191.0
1533521413,1193.0
1533521418,1195.0
1533521424,1197.0
1533521430,1198.0
1533521435,1199.0
1533521441,1199.0
1533521446,1199.0
1533521452,1201.0
1533521458,1202.0
1533521497,1200.0
1533521503,1199.0
1533521509,1199.0
1533521515,1200.0
1533521520,1200.0
1533521526,1201.0
1533521532,1202.0
1533521537,1203.0
1533521543,1203.0
1533521548,1204.0
1533521554,1204.0
1533521560,1203.0
1533521566,1203.0
1533521571,1202.0
1533521577,1203.0
1533521583,1204.0
1533521588,1203.0
1533521593,1204.0
1533521599,1204.0
1533521604,1204.0
1533521609,1204.0
1533521615,1203.0
1533521620,1205.0
1533521626,1205.0
1533521631,1205.0
1533521636,1207.0
1533521642,1212.0
1533521647,1213.0
1533521653,1214.0
1533521659,1217.0
1533521665,1218.0
1533521671,1218.0
1533521676,1218.0
1533521681,1218.0
1533521687,1218.0
1533521692,1218.0
1533521698,1218.0
1533521703,1218.0
1533521709,1218.0
1533521714,1218.0
1533521719,1218.0
1533521724,1218.0
1533521730,1218.0
1533521736,1218.0
1533521742,1218.0
1533521753,1218.0
1533521758,1218.0
1533521764,1218.0
1533521770,1218.0
1533521776,1218.0
1533521781,1218.0
1533521787,1218.0
1533521793,1216.0
1533521799,1215.0
1533521805,1213.0
1533521811,1212.0
1533521817,1212.0
1533521822,1212.0
1533521828,1212.0
1533521833,1212.0
1533521839,1213.0
1533521844,1212.0
1533521850,1211.0
1533521856,1210.0
1533521862,1210.0
1533521867,1210.0
1533521872,1210.0
1533521877,1210.0
1533521882,1210.0
1533521887,1209.0
1533521893,1208.0
1533521899,1208.0
1533521905,1209.0
1533521911,1208.0
1533521916,1208.0
1533521922,1207.0
1533521928,1204.0
1533521934,1201.0
1533521939,1199.0
1533521945,1198.0
1533521950,1197.0
1533521956,1194.0
1533521962,1192.0
1533521968,1189.0
1533521973,1188.0
1533521978,1187.0
1533521984,1186.0
1533521990,1185.0
1533521995,1184.0
1533522001,1184.0
1533522007,1183.0
1533522013,1182.0
1533522019,1181.0
1533522025,1179.0
1533522031,1178.0
1533522043,1177.0
1533522049,1177.0
1533522055,1178.0
1533522061,1178.0
1533522067,1177.0
1533522073,1176.0
1533522079,1176.0
1533522085,1179.0
1533522091,1179.0
1533522097,1179.0
1533522103,1177.0
1533522109,1175.0
1533522115,1174.0
1533522121,1174.0
1533522127,1175.0
1533522133,1176.0
1533522139,1178.0
1533522145,1179.0
1533522151,1181.0
1533522157,1183.0
1533522163,1183.0
1533522175,1184.0
1533522181,1184.0
1533522187,1183.0
1533522193,1182.0
1533522199,1181.0
1533522266,1179.0
1533522271,1180.0
1533522277,1179.0
1533522282,1179.0
1533522288,1180.0
1533522294,1180.0
1533522299,1180.0
1533522305,1181.0
1533522311,1179.0
1533522317,1178.0
1533522323,1179.0
1533522328,1181.0
1533522334,1184.0
1533522340,1184.0
1533522345,1185.0
1533522351,1184.0
1533522356,1184.0
1533522362,1184.0
1533522367,1184.0
1533522373,1184.0
1533522378,1184.0
1533522384,1184.0
1533522389,1183.0
1533522395,1182.0
1533522401,1181.0
1533522407,1180.0
1533522413,1180.0
1533522419,1179.0
1533522425,1179.0
1533522430,1179.0
1533522436,1179.0
1533522441,1179.0
1533522446,1179.0
1533522452,1179.0
1533522458,1179.0
1533522463,1179.0
1533522469,1179.0
1533522475,1179.0
1533522480,1179.0
1533522486,1179.0
1533522491,1179.0
1533522497,1179.0
1533522503,1179.0
1533522508,1179.0
1533522514,1179.0
1533522520,1179.0
1533522526,1179.0
1533522532,1179.0
1533522538,1179.0
1533522544,1179.0
1533522549,1179.0
1533522554,1179.0
1533522560,1179.0
1533522565,1179.0
1533522571,1179.0
1533522577,1179.0
1533522583,1179.0
1533522589,1179.0
1533522595,1179.0
1533522601,1179.0
1533522606,1179.0
1533522612,1179.0
1533522617,1179.0
1533522623,1179.0
1533522628,1179.0
1533522634,1179.0
1533522639,1179.0
1533522645,1179.0
1533522651,1179.0
1533522656,1179.0
1533522661,1179.0
1533522666,1179.0
1533522671,1179.0
1533522677,1179.0
1533522683,1179.0
1533522688,1179.0
1533522694,1179.0
1533522700,1179.0
1533522706,1179.0
1533522711,1179.0
1533522717,1179.0
1533522722,1179.0
1533522727,1179.0
1533522733,1179.0
1533522739,1179.0
1533522745,1180.0
1533522751,1181.0
1533522757,1182.0
1533522763,1183.0
1533522769,1184.0
1533522775,1185.0
1533522780,1185.0
1533522786,1186.0
1533522791,1186.0
1533522796,1187.0
1533522801,1188.0
1533522806,1188.0
1533522812,1188.0
1533522817,1189.0
1533522823,1189.0
1533522829,1190.0
1533522835,1189.0
1533522841,1190.0
1533522847,1190.0
1533522853,1189.0
1533522859,1187.0
1533522865,1187.0
1533522871,1187.0
1533522877,1187.0
1533522883,1186.0
1533522889,1186.0
1533522895,1185.0
1533522901,1184.0
1533522907,1184.0
1533522913,1186.0
1533522919,1183.0
1533522925,1185.0
1533522931,1185.0
1533522937,1186.0
1533522943,1187.0
1533522949,1187.0
1533522955,1187.0
1533522961,1186.0
1533522967,1187.0
1533522973,1187.0
1533522979,1187.0
1533522985,1187.0
1533522991,1187.0
1533522997,1187.0
1533523003,1187.0
1533523009,1188.0
1533523015,1188.0
1533523021,1186.0
1533523027,1186.0
1533523033,1186.0
1533523045,1185.0
1533523051,1185.0
1533523057,1183.0
1533523063,1182.0
1533523069,1181.0
1533523075,1180.0
1533523080,1181.0
1533523086,1182.0
1533523092,1183.0
1533523098,1184.0
1533523108,1185.0
1533523114,1186.0
1533523119,1187.0
1533523125,1186.0
1533523131,1186.0
1533523136,1187.0
1533523141,1187.0
1533523147,1187.0
1533523153,1188.0
1533523159,1185.0
1533523165,1183.0
1533523171,1182.0
1533523177,1196.0
1533523182,1195.0
1533523188,1194.0
1533523193,1195.0
1533523199,1196.0
1533523204,1198.0
1533523209,1199.0
1533523215,1200.0
1533523221,1201.0
1533523227,1202.0
1533523233,1203.0
1533523239,1203.0
1533523244,1205.0
1533523249,1207.0
1533523255,1209.0
1533523261,1208.0
1533523267,1208.0
1533523273,1207.0
1533523279,1208.0
1533523285,1209.0
1533523291,1209.0
1533523303,1211.0
1533523309,1212.0
1533523315,1212.0
1533523321,1214.0
1533523327,1215.0
1533523333,1215.0
1533523339,1216.0
1533523345,1216.0
1533523351,1216.0
1533523357,1216.0
1533523363,1216.0
1533523369,1217.0
1533523375,1218.0
1533523381,1218.0
1533523387,1218.0
1533523392,1219.0
1533523398,1221.0
1533523404,1221.0
1533523410,1222.0
1533523416,1221.0
1533523421,1221.0
1533523426,1221.0
1533523432,1221.0
1533523437,1222.0
1533523443,1222.0
1533523449,1223.0
1533523455,1225.0
1533523461,1226.0
1533523466,1228.0
1533523471,1230.0
1533523477,1229.0
1533523483,1229.0
1533523489,1228.0
1533523495,1228.0
1533523501,1227.0
1533523507,1226.0
1533523513,1226.0
1533523519,1226.0
1533523525,1226.0
1533523531,1226.0
1533523537,1226.0
1533523543,1226.0
1533523549,1226.0
1533523555,1226.0
1533523561,1226.0
1533523567,1225.0
1533523572,1223.0
1533523578,1223.0
1533523584,1222.0
1533523589,1221.0
1533523595,1221.0
1533523601,1220.0
1533523606,1219.0
1533523612,1220.0
1533523617,1219.0
1533523623,1219.0
1533523629,1219.0
1533523635,1219.0
1533523641,1219.0
1533523646,1219.0
1533523657,1220.0
1533523663,1220.0
1533523669,1220.0
1533523675,1220.0
1533523681,1220.0
1533523687,1220.0
1533523693,1219.0
1533523699,1217.0
1533523705,1218.0
1533523711,1217.0
1533523717,1216.0
1533523723,1217.0
1533523729,1217.0
1533523735,1217.0
1533523740,1216.0
1533523746,1216.0
1533523751,1216.0
1533523757,1215.0
1533523762,1215.0
1533523767,1214.0
1533523773,1213.0
1533523778,1212.0
1533523783,1211.0
1533523788,1210.0
1533523794,1209.0
1533523800,1208.0
1533523806,1207.0
1533523811,1207.0
1533523816,1206.0
1533523822,1203.0
1533523827,1200.0
1533523832,1198.0
1533523837,1197.0
1533523843,1197.0
1533523849,1197.0
1533523855,1196.0
1533523861,1196.0
1533523867,1197.0
1533523873,1196.0
1533523913,1195.0
1533523919,1195.0
1533523925,1193.0
1533523931,1191.0
1533523937,1191.0
1533523942,1191.0
1533523948,1192.0
1533523954,1192.0
1533523960,1193.0
1533523965,1195.0
1533523971,1198.0
1533523977,1199.0
1533523982,1200.0
1533523987,1201.0
1533523993,1202.0
1533523999,1202.0
1533524005,1201.0
1533524011,1201.0
1533524017,1201.0
1533524022,1201.0
1533524028,1202.0
1533524034,1202.0
1533524039,1202.0
1533524045,1202.0
1533524050,1203.0
1533524056,1205.0
1533524062,1204.0
1533524067,1203.0
1533524072,1203.0
1533524078,1204.0
1533524084,1204.0
1533524089,1205.0
1533524095,1203.0
1533524101,1198.0
1533524107,1197.0
1533524113,1199.0
1533524119,1198.0
1533524125,1197.0
1533524131,1197.0
1533524137,1196.0
1533524143,1196.0
1533524148,1196.0
1533524154,1195.0
1533524159,1195.0
1533524165,1193.0
1533524171,1192.0
1533524177,1193.0
1533524182,1193.0
1533524187,1193.0
1533524193,1193.0
1533524203,1193.0
1533524209,1192.0
1533524215,1192.0
1533524221,1192.0
1533524227,1192.0
1533524233,1192.0
1533524239,1192.0
1533524245,1192.0
1533524251,1192.0
1533524257,1192.0
1533524269,1192.0
1533524275,1192.0
1533524281,1192.0
1533524287,1192.0
1533524293,1192.0
1533524299,1192.0
1533524305,1192.0
1533524311,1192.0
1533524317,1192.0
1533524323,1192.0
1533524335,1192.0
1533524340,1192.0
1533524345,1192.0
1533524350,1192.0
1533524355,1192.0
1533524366,1192.0
1533524371,1192.0
1533524377,1192.0
1533524383,1192.0
1533524389,1192.0
1533524395,1192.0
1533520802,1300.0
1533520808,1301.0
1533520813,1301.0
1533520819,1302.0
1533520825,1303.0
1533520830,1306.0
1533520836,1308.0
1533520842,1310.0
1533520848,1311.0
1533520854,1312.0
1533520859,1312.0
1533520865,1314.0
1533520870,1314.0
1533520876,1313.0
1533520881,1314.0
1533520887,1313.0
1533520892,1314.0
1533520898,1314.0
1533520903,1314.0
1533520909,1313.0
1533520915,1313.0
1533520921,1313.0
1533520926,1313.0
1533520932,1312.0
1533520937,1312.0
1533520943,1312.0
1533520949,1312.0
1533520954,1312.0
1533520960,1312.0
1533520966,1312.0
1533520971,1312.0
1533520976,1312.0
1533520982,1311.0
1533520988,1311.0
1533520994,1310.0
1533520999,1309.0
1533521005,1308.0
1533521011,1307.0
1533521017,1306.0
1533521023,1305.0
1533521029,1303.0
1533521034,1304.0
1533521040,1305.0
1533521045,1303.0
1533521051,1302.0
1533521056,1301.0
1533521062,1300.0
1533521067,1301.0
1533521072,1302.0
1533521078,1302.0
1533521084,1302.0
1533521090,1303.0
1533521096,1302.0
1533521102,1302.0
1533521108,1301.0
1533521114,1301.0
1533521120,1301.0
1533521126,1300.0
1533521131,1299.0
1533521137,1299.0
1533521143,1298.0
1533521149,1297.0
1533521154,1297.0
1533521160,1297.0
1533521166,1297.0
1533521172,1297.0
1533521177,1297.0
1533521183,1297.0
1533521189,1297.0
1533521194,1297.0
1533522029,1302.0
1533522034,1301.0
1533522042,1299.0
1533522047,1301.0
1533522052,1294.0
1533522058,1293.0
1533522064,1290.0
1533522069,1289.0
1533522075,1288.0
1533522080,1286.0
1533522085,1284.0
1533522091,1283.0
1533522097,1283.0
1533522102,1282.0
1533522108,1280.0
1533522113,1277.0
1533522118,1275.0
1533522124,1273.0
1533522130,1269.0
1533522136,1266.0
1533522141,1264.0
1533522147,1263.0
1533522152,1263.0
1533522158,1264.0
1533522164,1265.0
1533522175,1260.0
1533522180,1256.0
1533522186,1253.0
1533522192,1249.0
1533522198,1244.0
1533522203,1241.0
1533522209,1237.0
1533522215,1232.0
1533522220,1228.0
1533522226,1225.0
1533522232,1221.0
1533522237,1218.0
1533522243,1213.0
1533522248,1211.0
1533522253,1208.0
1533522259,1204.0
1533522265,1199.0
1533522271,1195.0
1533522277,1192.0
1533522283,1188.0
1533522289,1186.0
1533522295,1184.0
1533522301,1182.0
1533522306,1180.0
1533522312,1177.0
1533522318,1175.0
1533522323,1173.0
1533522329,1168.0
1533522335,1165.0
1533522341,1164.0
1533522346,1163.0
1533522352,1163.0
1533522357,1160.0
1533522363,1157.0
1533522369,1155.0
1533522375,1152.0
1533522380,1150.0
1533522385,1147.0
1533522391,1145.0
1533522397,1146.0
1533522403,1146.0
1533522409,1147.0
1533522415,1148.0
1533522421,1149.0
1533522427,1149.0
1533522433,1150.0
1533522439,1150.0
1533522445,1150.0
1533522450,1150.0
1533522455,1150.0
1533522461,1150.0
1533522467,1150.0
1533522473,1150.0
1533522478,1150.0
1533522484,1150.0
1533522490,1150.0
1533522496,1150.0
1533522501,1150.0
1533522506,1150.0
1533522511,1150.0
1533522517,1150.0
1533522523,1150.0
1533522529,1150.0
1533522535,1150.0
1533522540,1150.0
1533522547,1150.0
1533522552,1151.0
1533522557,1152.0
1533522563,1153.0
1533522568,1153.0
1533522574,1153.0
1533522580,1152.0
1533522585,1152.0
1533522590,1155.0
1533522595,1156.0
1533522601,1157.0
1533522606,1158.0
1533522612,1157.0
1533522618,1158.0
1533522624,1159.0
1533522629,1160.0
1533522635,1162.0
1533522641,1164.0
1533522647,1166.0
1533522653,1167.0
1533522659,1169.0
1533522665,1171.0
1533522671,1173.0
1533522677,1175.0
1533522682,1176.0
1533522688,1178.0
1533522693,1180.0
1533522698,1180.0
1533522703,1181.0
1533522710,1181.0
1533522715,1182.0
1533522721,1183.0
1533522727,1184.0
1533522733,1184.0
1533522739,1184.0
1533522744,1184.0
1533522750,1185.0
1533522756,1188.0
1533522762,1190.0
1533522768,1191.0
1533522774,1192.0
1533522780,1193.0
1533522785,1195.0
1533522791,1195.0
1533522797,1194.0
1533522802,1195.0
1533522808,1196.0
1533522819,1199.0
1533522825,1201.0
1533522831,1203.0
1533522836,1205.0
1533522841,1206.0
1533522847,1208.0
1533522853,1209.0
1533522858,1210.0
1533522864,1211.0
1533522870,1212.0
1533522875,1214.0
1533522880,1215.0
1533522886,1218.0
1533522892,1220.0
1533522898,1222.0
1533522904,1224.0
1533522916,1229.0
1533522921,1231.0
1533522927,1233.0
1533522932,1234.0
1533522938,1235.0
1533522943,1235.0
1533522949,1237.0
1533522954,1238.0
1533522960,1240.0
1533522965,1242.0
1533522971,1243.0
1533522976,1245.0
1533522982,1248.0
1533522988,1250.0
1533522993,1251.0
1533522998,1252.0
1533523004,1254.0
1533523009,1255.0
1533523014,1257.0
1533523020,1258.0
1533523025,1259.0
1533523030,1262.0
1533523036,1262.0
1533523042,1263.0
1533523047,1264.0
1533523053,1265.0
1533523059,1267.0
1533523064,1268.0
1533523070,1270.0
1533523076,1272.0
1533523081,1273.0
1533523086,1275.0
1533523091,1277.0
1533523097,1278.0
1533523103,1279.0
1533523109,1281.0
1533523114,1281.0
1533523120,1281.0
1533523126,1282.0
1533523132,1283.0
1533523138,1284.0
1533523144,1285.0
1533523150,1286.0
1533523155,1287.0
1533523161,1288.0
1533523171,1289.0
1533523177,1290.0
1533523183,1291.0
1533523189,1292.0
1533523195,1294.0
1533523201,1295.0
1533523207,1294.0
1533523213,1295.0
1533523219,1295.0
1533523225,1296.0
1533523231,1296.0
1533523237,1296.0
1533523243,1296.0
1533523249,1298.0
1533523255,1298.0
1533523261,1300.0
1533523267,1301.0
1533523272,1302.0
1533523278,1301.0
1533523284,1302.0
1533523289,1302.0
1533523294,1303.0
1533523300,1303.0
1533523305,1304.0
1533523311,1307.0
1533523316,1308.0
1533523321,1307.0
1533523327,1307.0
1533523333,1307.0
1533523339,1308.0
1533523345,1308.0
1533523351,1308.0
1533523356,1308.0
1533523362,1308.0
1533523367,1308.0
1533523372,1308.0
1533523378,1308.0
1533523384,1308.0
1533523390,1308.0
1533523395,1308.0
1533523400,1308.0
1533523405,1307.0
1533523411,1307.0
1533523417,1307.0
1533523423,1305.0
1533523429,1305.0
1533523435,1304.0
1533523441,1303.0
1533523447,1301.0
1533523453,1302.0
1533523458,1303.0
1533523463,1303.0
1533523468,1302.0
1533523473,1302.0
1533523478,1302.0
1533523484,1301.0
1533523495,1296.0
1533523501,1295.0
1533523507,1295.0
1533523512,1294.0
1533523517,1293.0
1533523523,1294.0
1533523529,1292.0
1533523535,1289.0
1533523541,1285.0
1533523546,1283.0
1533523552,1282.0
1533523558,1280.0
1533523563,1278.0
1533523569,1275.0
1533523575,1272.0
1533523580,1270.0
1533523586,1267.0
1533523591,1264.0
1533523597,1262.0
1533523603,1260.0
1533523609,1259.0
1533523615,1258.0
1533523621,1259.0
1533523626,1257.0
1533523632,1252.0
1533523638,1248.0
1533523644,1243.0
1533523650,1239.0
1533523655,1236.0
1533523661,1234.0
1533523667,1230.0
1533523673,1226.0
1533523678,1222.0
1533523684,1218.0
1533523690,1214.0
1533523695,1212.0
1533523701,1211.0
1533523707,1208.0
1533523712,1206.0
1533523717,1203.0
1533523722,1199.0
1533523728,1196.0
1533523734,1193.0
1533523739,1195.0
1533523751,1192.0
1533523757,1190.0
1533523763,1187.0
1533523769,1186.0
1533523775,1182.0
1533523781,1176.0
1533523787,1174.0
1533523793,1173.0
1533523798,1171.0
1533523804,1168.0
1533523816,1162.0
1533523821,1159.0
1533523827,1155.0
1533523833,1152.0
1533523839,1149.0
1533523844,1149.0
1533523849,1149.0
1533523855,1149.0
1533523861,1149.0
1533523867,1149.0
1533523872,1149.0
1533523878,1149.0
1533523883,1149.0
1533523889,1149.0
1533523894,1149.0
1533523900,1149.0
1533523906,1149.0
1533523912,1149.0
1533523917,1149.0
1533523923,1149.0
1533523928,1149.0
1533523933,1149.0
1533523945,1151.0
1533523950,1154.0
1533523956,1153.0
1533523961,1153.0
1533523967,1151.0
1533523973,1151.0
1533523979,1152.0
1533523985,1153.0
1533523990,1153.0
1533523996,1153.0
1533524001,1153.0
1533524007,1153.0
1533524013,1153.0
1533524019,1153.0
1533524025,1153.0
1533524031,1153.0
1533524036,1153.0
1533524041,1153.0
1533524047,1153.0
1533524053,1153.0
1533524059,1153.0
1533524065,1153.0
1533524071,1153.0
1533524077,1153.0
1533524083,1153.0
1533524089,1153.0
1533524095,1154.0
1533524107,1154.0
1533524113,1154.0
1533524119,1154.0
1533524125,1155.0
1533524131,1157.0
1533524137,1158.0
1533524143,1160.0
1533524149,1159.0
1533524155,1160.0
1533524161,1161.0
1533524167,1163.0
1533524173,1164.0
1533524178,1166.0
1533524184,1167.0
1533524189,1169.0
1533524195,1172.0
1533524201,1174.0
1533524207,1176.0
1533524213,1178.0
1533524218,1180.0
1533524223,1182.0
1533524235,1184.0
1533524241,1184.0
1533524246,1185.0
1533524252,1186.0
1533524258,1188.0
1533524263,1190.0
1533524269,1191.0
1533524275,1193.0
1533524281,1194.0
1533524287,1195.0
1533524292,1196.0
1533524298,1197.0
1533524303,1198.0
1533524309,1199.0
1533524314,1202.0
1533524320,1203.0
1533524325,1205.0
1533524330,1207.0
1533524335,1209.0
1533524341,1211.0
1533524346,1213.0
1533524351,1215.0
1533524356,1216.0
1533524362,1217.0
1533524367,1218.0
1533524373,1219.0
1533524379,1221.0
1533524384,1222.0
1533524389,1223.0
1533524395,1224.0
1533524404,1233.0
1533524409,1232.0
1533524414,1230.0
1533524419,1230.0
1533524425,1225.0
1533524430,1222.0
1533524436,1218.0
1533524442,1215.0
1533524448,1212.0
1533524453,1211.0
1533524459,1207.0
1533524465,1201.0
1533524471,1196.0
1533524476,1193.0
1533524482,1189.0
1533524488,1187.0
1533524493,1187.0
1533524498,1184.0
1533524504,1184.0
1533524510,1182.0
1533524515,1182.0
1533524521,1182.0
1533524526,1181.0
1533524532,1181.0
1533524538,1180.0
1533524544,1178.0
1533524549,1180.0
1533524555,1180.0
1533524560,1180.0
1533524566,1180.0
1533524571,1180.0
1533524577,1180.0
1533524583,1180.0
1533524589,1180.0
1533524595,1180.0
1533524601,1180.0
1533524607,1180.0
1533524612,1180.0
1533524618,1180.0
1533524624,1180.0
1533524629,1180.0
1533524635,1180.0
1533524641,1180.0
1533524646,1180.0
1533524652,1180.0
1533524657,1180.0
1533524662,1180.0
1533524668,1180.0
1533524673,1180.0
1533524679,1180.0
1533524685,1180.0
1533524691,1180.0
1533524696,1180.0
1533524702,1180.0
1533524707,1180.0
1533524713,1180.0
1533524719,1180.0
1533524724,1180.0
1533524729,1180.0
1533524735,1180.0
1533524740,1180.0
1533524745,1180.0
1533524751,1180.0
1533524757,1180.0
1533524763,1180.0
1533524769,1180.0
1533524775,1180.0
1533524780,1180.0
1533524786,1180.0
1533524792,1180.0
1533524797,1180.0
1533524803,1181.0
1533524809,1181.0
1533524815,1180.0
1533524820,1180.0
1533524826,1180.0
1533524832,1180.0
1533524837,1180.0
1533524842,1180.0
1533524848,1180.0
1533524854,1180.0
1533524860,1180.0
1533524865,1180.0
1533524870,1180.0
1533524876,1180.0
1533524882,1180.0
1533524888,1180.0
1533524894,1180.0
1533524899,1180.0
1533524905,1180.0
1533524910,1180.0
1533524916,1180.0
1533524921,1181.0
1533524927,1181.0
1533524933,1181.0
1533524938,1181.0
1533524944,1181.0
1533524949,1181.0
1533524954,1181.0
1533524960,1181.0
1533524965,1181.0
1533524971,1181.0
1533524976,1182.0
1533524982,1182.0
1533524988,1183.0
1533524993,1183.0
1533524998,1182.0
1533525004,1181.0
1533525009,1181.0
1533525015,1180.0
1533525021,1180.0
1533525027,1179.0
1533525032,1179.0
1533525037,1180.0
1533525043,1180.0
1533525049,1182.0
1533525055,1184.0
1533525061,1188.0
1533525067,1191.0
1533525072,1193.0
1533525077,1195.0
1533525083,1196.0
1533525089,1197.0
1533525095,1196.0
1533525101,1197.0
1533525107,1198.0
1533525113,1197.0
1533525118,1197.0
1533525124,1198.0
1533525130,1200.0
1533525135,1200.0
1533525141,1201.0
1533525147,1202.0
1533525153,1205.0
1533525159,1207.0
1533525165,1208.0
1533525171,1209.0
1533525177,1211.0
1533525183,1212.0
1533525188,1213.0
1533525193,1215.0
1533525199,1218.0
1533525205,1221.0
1533525211,1222.0
1533525216,1223.0
1533525222,1225.0
1533525227,1226.0
1533525233,1227.0
1533525239,1227.0
1533525244,1228.0
1533525249,1228.0
1533525255,1229.0
1533525261,1230.0
1533525267,1231.0
1533525273,1231.0
1533525279,1232.0
1533525285,1233.0
1533525291,1234.0
1533525297,1236.0
1533525303,1238.0
1533525309,1240.0
1533525315,1242.0
1533525321,1244.0
1533525327,1246.0
1533525332,1248.0
1533525338,1249.0
1533525343,1251.0
1533525348,1252.0
1533525354,1253.0
1533525360,1255.0
1533525365,1259.0
1533525371,1259.0
1533525376,1261.0
1533525381,1262.0
1533525387,1263.0
1533525393,1263.0
1533525399,1263.0
1533525405,1262.0
1533525411,1261.0
1533525417,1262.0
1533525423,1266.0
1533525434,1267.0
1533525439,1268.0
1533525444,1270.0
1533525450,1270.0
1533525456,1270.0
1533525462,1270.0
1533525467,1270.0
1533525473,1270.0
1533525478,1270.0
1533525484,1270.0
1533525489,1270.0
1533525495,1270.0
1533525501,1270.0
1533525507,1270.0
1533525513,1270.0
1533525519,1269.0
1533525525,1268.0
1533525530,1267.0
1533525535,1267.0
1533525541,1267.0
1533525546,1267.0
1533525551,1266.0
1533525557,1266.0
1533525562,1265.0
1533525567,1265.0
1533525573,1263.0
1533525579,1261.0
1533525585,1260.0
1533525591,1261.0
1533525597,1262.0
1533525603,1260.0
1533525609,1258.0
1533525614,1257.0
1533525620,1255.0
1533525626,1251.0
1533525631,1249.0
1533525637,1247.0
1533525642,1245.0
1533525648,1243.0
1533525654,1241.0
1533525659,1240.0
1533525665,1236.0
1533525670,1233.0
1533525675,1230.0
1533525681,1227.0
1533525686,1226.0
1533525692,1222.0
1533525698,1220.0
1533525704,1218.0
1533525709,1215.0
1533525715,1211.0
1533525721,1207.0
1533525726,1203.0
1533525732,1202.0
1533525737,1201.0
1533525743,1199.0
1533525748,1199.0
1533525753,1198.0
1533525759,1199.0
1533525764,1199.0
1533525770,1198.0
1533525776,1196.0
1533525782,1194.0
1533525787,1192.0
1533525793,1191.0
1533525799,1189.0
1533525804,1187.0
1533525810,1189.0
1533525816,1189.0
1533525822,1189.0
1533525828,1189.0
1533525834,1189.0
1533525839,1189.0
1533525845,1189.0
1533525851,1189.0
1533525856,1189.0
1533525861,1189.0
1533525867,1189.0
1533525873,1189.0
1533525879,1189.0
1533525885,1189.0
1533525891,1189.0
1533525897,1189.0
1533525903,1189.0
1533525909,1189.0
1533525915,1189.0
1533525921,1189.0
1533525927,1189.0
1533525932,1189.0
1533525937,1189.0
1533525943,1186.0
1533525949,1186.0
1533525954,1186.0
1533525959,1186.0
1533525965,1186.0
1533525971,1186.0
1533525977,1186.0
1533525982,1186.0
1533525987,1186.0
1533525993,1186.0
1533525999,1186.0
1533526005,1186.0
1533526011,1186.0
1533526017,1186.0
1533526023,1186.0
1533526029,1186.0
1533526035,1186.0
1533526041,1186.0
1533526047,1186.0
1533526053,1186.0
1533526059,1186.0
1533526065,1186.0
1533526071,1186.0
1533526077,1186.0
1533526083,1186.0
1533526088,1186.0
1533526094,1186.0
1533526100,1186.0
1533526105,1186.0
1533526111,1186.0
1533526116,1186.0
1533526122,1186.0
1533526128,1186.0
1533526134,1186.0
1533526139,1186.0
1533526145,1186.0
1533526150,1186.0
1533526155,1186.0
1533526161,1186.0
1533526167,1186.0
1533526174,1186.0
1533526180,1186.0
1533526185,1186.0
1533526191,1186.0
1533526197,1186.0
1533526203,1186.0
1533526209,1186.0
1533526215,1186.0
1533526221,1186.0
1533526227,1186.0
1533526233,1186.0
1533526238,1186.0
1533526244,1186.0
1533526249,1186.0
1533526255,1186.0
1533526261,1186.0
1533526267,1186.0
1533526272,1186.0
1533526277,1186.0
1533526283,1186.0
1533526288,1186.0
1533526294,1186.0
1533526299,1186.0
1533526304,1186.0
1533526310,1186.0
1533526315,1186.0
1533526321,1186.0
1533526327,1186.0
1533526332,1186.0
1533526338,1186.0
1533526344,1186.0
1533526349,1186.0
1533526355,1186.0
1533526361,1186.0
1533526367,1186.0
1533526373,1186.0
1533526379,1186.0
1533526384,1186.0
1533526389,1186.0
1533526395,1189.0
1533526401,1189.0
1533526407,1189.0
1533526413,1188.0
1533526419,1187.0
1533526424,1187.0
1533526430,1187.0
1533526435,1187.0
1533526440,1185.0
1533526446,1183.0
1533526451,1182.0
1533526456,1181.0
1533526462,1181.0
1533526468,1181.0
1533526474,1181.0
1533526480,1181.0
1533526486,1181.0
1533526492,1181.0
1533526498,1181.0
1533526503,1181.0
1533526508,1181.0
1533526514,1181.0
1533526520,1181.0
1533526525,1181.0
1533526531,1181.0
1533526537,1181.0
1533526543,1181.0
1533526549,1181.0
1533526555,1181.0
1533526561,1181.0
1533526566,1181.0
1533526572,1181.0
1533526578,1181.0
1533526584,1181.0
1533526590,1181.0
1533526596,1181.0
1533526602,1181.0
1533526608,1181.0
1533526613,1181.0
1533526619,1181.0
1533526624,1181.0
1533526629,1181.0
1533526635,1181.0
1533526641,1181.0
1533526647,1181.0
1533526653,1181.0
1533526659,1181.0
1533526665,1181.0
1533526671,1181.0
1533526677,1181.0
1533526683,1181.0
1533526688,1181.0
1533526694,1181.0
1533526700,1181.0
1533526705,1181.0
1533526711,1181.0
1533526717,1181.0
1533526723,1181.0
1533526728,1181.0
1533526734,1181.0
1533526740,1181.0
1533526745,1181.0
1533526750,1181.0
1533526756,1181.0
1533526767,1181.0
1533526773,1181.0
1533526779,1181.0
1533526785,1181.0
1533526791,1181.0
1533526797,1181.0
1533526803,1181.0
1533526809,1181.0
1533526815,1181.0
1533526820,1181.0
1533526825,1181.0
1533526831,1181.0
1533526836,1181.0
1533526841,1181.0
1533526847,1181.0
1533526852,1181.0
1533526858,1180.0
1533526863,1181.0
1533526869,1182.0
1533526875,1182.0
1533526881,1184.0
1533526887,1184.0
1533526893,1185.0
1533526899,1186.0
1533526905,1187.0
1533526911,1189.0
1533526917,1191.0
1533526922,1191.0
1533526928,1192.0
1533526934,1192.0
1533526940,1194.0
1533526946,1196.0
1533526952,1198.0
1533526957,1201.0
1533526962,1203.0
1533526968,1206.0
1533526973,1208.0
1533526979,1209.0
1533526984,1209.0
1533526989,1209.0
1533526995,1209.0
1533527001,1209.0
1533527007,1210.0
1533527012,1211.0
1533527018,1210.0
1533527023,1211.0
1533527029,1211.0
1533527034,1212.0
1533527040,1212.0
1533527045,1214.0
1533527050,1214.0
1533527056,1214.0
1533527061,1215.0
1533527066,1216.0
1533527072,1217.0
1533527078,1219.0
1533527084,1218.0
1533527090,1219.0
1533527095,1219.0
1533527101,1219.0
1533527107,1219.0
1533527113,1218.0
1533527118,1219.0
1533527124,1219.0
1533527130,1221.0
1533527135,1222.0
1533527141,1224.0
1533527146,1224.0
1533527151,1224.0
1533527157,1225.0
1533527162,1225.0
1533527167,1226.0
1533527172,1227.0
1533527178,1228.0
1533527184,1229.0
1533527190,1230.0
1533527196,1230.0
1533527201,1233.0
1533527206,1235.0
1533527211,1236.0
1533527217,1238.0
1533527223,1239.0
1533527229,1241.0
1533527234,1242.0
1533527240,1242.0
1533527246,1243.0
1533527251,1243.0
1533527256,1243.0
1533527262,1243.0
1533527268,1242.0
1533527273,1241.0
1533527279,1240.0
1533527285,1239.0
1533527290,1238.0
1533527295,1237.0
1533527301,1237.0
1533527313,1236.0
1533527319,1236.0
1533527325,1236.0
1533527331,1235.0
1533527337,1235.0
1533527342,1236.0
1533527348,1236.0
1533527354,1236.0
1533527360,1236.0
1533527365,1236.0
1533527371,1236.0
1533527377,1236.0
1533527383,1236.0
1533527389,1236.0
1533527395,1236.0
1533527400,1236.0
1533527406,1236.0
1533527411,1236.0
1533527417,1236.0
1533527422,1236.0
1533527433,1241.0
1533527439,1244.0
1533527445,1246.0
1533527451,1249.0
1533527457,1251.0
1533527463,1252.0
1533527469,1253.0
1533527474,1254.0
1533527480,1257.0
1533527486,1259.0
1533527492,1259.0
1533527497,1261.0
1533527503,1264.0
1533527509,1265.0
1533527515,1266.0
1533527521,1266.0
1533527527,1266.0
1533527532,1267.0
1533527538,1267.0
1533527543,1268.0
1533527548,1268.0
1533527553,1268.0
1533527559,1267.0
1533527565,1267.0
1533527570,1268.0
1533527576,1268.0
1533527581,1268.0
1533527586,1267.0
1533527592,1268.0
1533527598,1268.0
1533527603,1268.0
1533527609,1267.0
1533527615,1268.0
1533527620,1268.0
1533527625,1268.0
1533527631,1268.0
1533527636,1268.0
1533527641,1268.0
1533527647,1268.0
1533527653,1268.0
1533527659,1268.0
1533527664,1267.0
1533527670,1267.0
1533527675,1267.0
1533527681,1267.0
1533527687,1266.0
1533527692,1266.0
1533527698,1266.0
1533527704,1266.0
1533527709,1266.0
1533527715,1266.0
1533527721,1267.0
1533527727,1267.0
1533527732,1267.0
1533527737,1267.0
1533527743,1268.0
1533527748,1268.0
1533527754,1268.0
1533527759,1268.0
1533527765,1268.0
1533527770,1268.0
1533527776,1268.0
1533527782,1268.0
1533527787,1269.0
1533527792,1269.0
1533527798,1271.0
1533527804,1272.0
1533527809,1274.0
1533527814,1274.0
1533527820,1275.0
1533527825,1276.0
1533527831,1278.0
1533527837,1279.0
1533527842,1280.0
1533527847,1282.0
1533527853,1285.0
1533527859,1285.0
1533527864,1285.0
1533527870,1285.0
1533527876,1285.0
1533527882,1285.0
1533527888,1285.0
1533527894,1286.0
1533527899,1287.0
1533527905,1288.0
1533527911,1290.0
1533527916,1292.0
1533527922,1294.0
1533527928,1296.0
1533527934,1297.0
1533527939,1296.0
1533527945,1297.0
1533527950,1294.0
1533527956,1294.0
1533527961,1293.0
1533527967,1293.0
1533527973,1293.0
1533527979,1293.0
1533527985,1294.0
1533527991,1294.0
1533527997,1294.0
1533524401,1189.0
1533524407,1189.0
1533524412,1189.0
1533524418,1189.0
1533524423,1188.0
1533524429,1188.0
1533524435,1188.0
1533524440,1188.0
1533524446,1188.0
1533524452,1188.0
1533524458,1188.0
1533524463,1188.0
1533524468,1188.0
1533524474,1188.0
1533524479,1188.0
1533524485,1188.0
1533524491,1188.0
1533524497,1188.0
1533524502,1187.0
1533524508,1186.0
1533524513,1185.0
1533524519,1184.0
1533524525,1185.0
1533524530,1185.0
1533524535,1184.0
1533524541,1184.0
1533524547,1184.0
1533524558,1186.0
1533524563,1188.0
1533524569,1189.0
1533524574,1190.0
1533524580,1191.0
1533524585,1192.0
1533524591,1194.0
1533524597,1196.0
1533524603,1197.0
1533524609,1198.0
1533524615,1200.0
1533524620,1201.0
1533524625,1201.0
1533524631,1200.0
1533524637,1199.0
1533524643,1197.0
1533524648,1198.0
1533524653,1198.0
1533524659,1199.0
1533524664,1199.0
1533524670,1199.0
1533524675,1199.0
1533524681,1196.0
1533524687,1196.0
1533524692,1195.0
1533524697,1194.0
1533524703,1195.0
1533524709,1195.0
1533524715,1194.0
1533524721,1194.0
1533524726,1194.0
1533524731,1195.0
1533524737,1197.0
1533524743,1197.0
1533524749,1197.0
1533524755,1196.0
1533524761,1195.0
1533524767,1193.0
1533524773,1191.0
1533524779,1189.0
1533524785,1191.0
1533524791,1190.0
1533524797,1189.0
1533524802,1188.0
1533524808,1189.0
1533524813,1187.0
1533524819,1189.0
1533524824,1190.0
1533524829,1190.0
1533524835,1188.0
1533524841,1187.0
1533524847,1188.0
1533524853,1189.0
1533524858,1189.0
1533524863,1188.0
1533524869,1187.0
1533524875,1186.0
1533524881,1186.0
1533524887,1187.0
1533524892,1189.0
1533524898,1191.0
1533524904,1194.0
1533524910,1197.0
1533524915,1200.0
1533524921,1201.0
1533524927,1202.0
1533524932,1203.0
1533524938,1204.0
1533524943,1205.0
1533524949,1204.0
1533524954,1204.0
1533524960,1203.0
1533524965,1203.0
1533524970,1202.0
1533524976,1202.0
1533524982,1202.0
1533524988,1203.0
1533524994,1204.0
1533525000,1204.0
1533525006,1204.0
1533525011,1206.0
1533525017,1206.0
1533525023,1207.0
1533525029,1208.0
1533525034,1209.0
1533525039,1209.0
1533525045,1211.0
1533525051,1212.0
1533525057,1213.0
1533525062,1214.0
1533525068,1214.0
1533525074,1214.0
1533525079,1215.0
1533525085,1216.0
1533525091,1217.0
1533525097,1219.0
1533525103,1221.0
1533525109,1221.0
1533525115,1220.0
1533525121,1220.0
1533525127,1221.0
1533525139,1223.0
1533525145,1225.0
1533525151,1228.0
1533525157,1229.0
1533525162,1229.0
1533525201,1237.0
1533525207,1237.0
1533525213,1237.0
1533525218,1237.0
1533525223,1237.0
1533525229,1237.0
1533525235,1237.0
1533525241,1237.0
1533525247,1237.0
1533525253,1237.0
1533525259,1237.0
1533525265,1237.0
1533525271,1237.0
1533525277,1237.0
1533525283,1238.0
1533525289,1237.0
1533525295,1235.0
1533525301,1233.0
1533525307,1231.0
1533525312,1227.0
1533525318,1225.0
1533525324,1223.0
1533525363,1222.0
1533525368,1223.0
1533525373,1222.0
1533525379,1220.0
1533525384,1219.0
1533525395,1218.0
1533525401,1216.0
1533525406,1217.0
1533525412,1215.0
1533525417,1213.0
1533525423,1210.0
1533525429,1207.0
1533525435,1203.0
1533525441,1202.0
1533525447,1201.0
1533525453,1201.0
1533525459,1188.0
1533525464,1186.0
1533525469,1182.0
1533525475,1176.0
1533525481,1177.0
1533525487,1177.0
1533525492,1177.0
1533525497,1175.0
1533525502,1174.0
1533525508,1172.0
1533525513,1171.0
1533525553,1179.0
1533525559,1179.0
1533525565,1181.0
1533525571,1181.0
1533525577,1182.0
1533525582,1184.0
1533525588,1185.0
1533525593,1186.0
1533525599,1185.0
1533525605,1186.0
1533525611,1186.0
1533525652,1187.0
1533525657,1187.0
1533525663,1189.0
1533525669,1189.0
1533525675,1191.0
1533525680,1191.0
1533525686,1192.0
1533525691,1193.0
1533525697,1193.0
1533525703,1190.0
1533525708,1190.0
1533525714,1189.0
1533525720,1189.0
1533525726,1188.0
1533525731,1188.0
1533525736,1186.0
1533525742,1184.0
1533525748,1182.0
1533525753,1182.0
1533525759,1179.0
1533525769,1178.0
1533525775,1177.0
1533525781,1177.0
1533525787,1176.0
1533525793,1176.0
1533525799,1176.0
1533525805,1176.0
1533525811,1176.0
1533525817,1176.0
1533525822,1176.0
1533525828,1176.0
1533525834,1176.0
1533525840,1177.0
1533525845,1177.0
1533525852,1177.0
1533525857,1177.0
1533525862,1177.0
1533525868,1177.0
1533525874,1177.0
1533525879,1177.0
1533525884,1177.0
1533525890,1177.0
1533525895,1177.0
1533525901,1177.0
1533525907,1177.0
1533525913,1177.0
1533525919,1177.0
1533525925,1177.0
1533525931,1177.0
1533525937,1177.0
1533525942,1177.0
1533525948,1177.0
1533525953,1177.0
1533525958,1177.0
1533525964,1177.0
1533525976,1177.0
1533525981,1177.0
1533525986,1177.0
1533525992,1177.0
1533525997,1177.0
1533526009,1177.0
1533526015,1177.0
1533526021,1177.0
1533526027,1177.0
1533526033,1177.0
1533526039,1177.0
1533526045,1177.0
1533526051,1177.0
1533526057,1177.0
1533526063,1178.0
1533526068,1179.0
1533526074,1179.0
1533526080,1179.0
1533526086,1179.0
1533526092,1181.0
1533526097,1181.0
1533526102,1181.0
1533526108,1183.0
1533526114,1184.0
1533526119,1184.0
1533526124,1185.0
1533526129,1186.0
1533526135,1188.0
1533526141,1189.0
1533526147,1189.0
1533526153,1189.0
1533526159,1189.0
1533526165,1189.0
1533526170,1188.0
1533526176,1188.0
1533526181,1190.0
1533526187,1192.0
1533526192,1193.0
1533526198,1193.0
1533526204,1193.0
1533526210,1192.0
1533526216,1192.0
1533526222,1192.0
1533526227,1193.0
1533526233,1194.0
1533526238,1193.0
1533526244,1194.0
1533526249,1196.0
1533526255,1199.0
1533526260,1198.0
1533526265,1197.0
1533526271,1198.0
1533526276,1197.0
1533526281,1197.0
1533526287,1197.0
1533526293,1196.0
1533526299,1194.0
1533526305,1192.0
1533526311,1190.0
1533526316,1190.0
1533526322,1189.0
1533526327,1190.0
1533526332,1190.0
1533526338,1190.0
1533526344,1191.0
1533526350,1192.0
1533526362,1191.0
1533526367,1191.0
1533526373,1191.0
1533526379,1191.0
1533526384,1192.0
1533526389,1191.0
1533526395,1190.0
1533526401,1190.0
1533526406,1191.0
1533526411,1192.0
1533526417,1195.0
1533526423,1197.0
1533526429,1199.0
1533526434,1200.0
1533526439,1202.0
1533526445,1201.0
1533526450,1203.0
1533526456,1204.0
1533526462,1205.0
1533526468,1206.0
1533526473,1208.0
1533526479,1209.0
1533526490,1213.0
1533526495,1212.0
1533526501,1212.0
1533526507,1213.0
1533526512,1213.0
1533526517,1215.0
1533526523,1216.0
1533526529,1216.0
1533526535,1217.0
1533526541,1219.0
1533526547,1221.0
1533526553,1222.0
1533526559,1222.0
1533526565,1224.0
1533526570,1223.0
1533526576,1223.0
1533526581,1223.0
1533526587,1224.0
1533526592,1224.0
1533526597,1224.0
1533526603,1226.0
1533526609,1224.0
1533526615,1222.0
1533526621,1221.0
1533526627,1219.0
1533526633,1221.0
1533526639,1224.0
1533526645,1226.0
1533526651,1227.0
1533526657,1231.0
1533526663,1230.0
1533526669,1230.0
1533526675,1230.0
1533526680,1229.0
1533526685,1229.0
1533526690,1229.0
1533526696,1229.0
1533526701,1229.0
1533526707,1229.0
1533526713,1229.0
1533526719,1229.0
1533526725,1229.0
1533526730,1229.0
1533526735,1229.0
1533526741,1228.0
1533526746,1228.0
1533526752,1227.0
1533526758,1225.0
1533526763,1224.0
1533526769,1222.0
1533526775,1220.0
1533526781,1220.0
1533526786,1219.0
1533526791,1219.0
1533526797,1218.0
1533526803,1218.0
1533526809,1218.0
1533526814,1219.0
1533526819,1220.0
1533526825,1222.0
1533526831,1223.0
1533526837,1225.0
1533526843,1231.0
1533526849,1232.0
1533526854,1233.0
1533526860,1235.0
1533526866,1237.0
1533526871,1241.0
1533526908,1260.0
1533526913,1260.0
1533526919,1261.0
1533526924,1261.0
1533526930,1260.0
1533526970,1266.0
1533526976,1267.0
1533526981,1264.0
1533526987,1265.0
1533526993,1268.0
1533526998,1268.0
1533527003,1270.0
1533527008,1271.0
1533527014,1269.0
1533527020,1269.0
1533527026,1268.0
1533527032,1268.0
1533527037,1266.0
1533527042,1266.0
1533527048,1265.0
1533527054,1264.0
1533527059,1262.0
1533527064,1262.0
1533527070,1263.0
1533527075,1264.0
1533527081,1263.0
1533527086,1263.0
1533527093,1263.0
1533527098,1262.0
1533527103,1262.0
1533527109,1262.0
1533527114,1262.0
1533527120,1262.0
1533527126,1260.0
1533527131,1258.0
1533527137,1256.0
1533527143,1255.0
1533527149,1257.0
1533527154,1258.0
1533527160,1258.0
1533527166,1259.0
1533527171,1260.0
1533527177,1262.0
1533527182,1264.0
1533527188,1264.0
1533527226,1278.0
1533527232,1280.0
1533527237,1281.0
1533527243,1283.0
1533527248,1283.0
1533527254,1282.0
1533527260,1282.0
1533527266,1282.0
1533527271,1282.0
1533527277,1284.0
1533527282,1285.0
1533527321,1294.0
1533527327,1296.0
1533527332,1295.0
1533527339,1295.0
1533527344,1294.0
1533527350,1295.0
1533527356,1294.0
1533527361,1296.0
1533527367,1299.0
1533527373,1300.0
1533527379,1298.0
1533527390,1298.0
1533524401,1214.0
1533524407,1216.0
1533524412,1218.0
1533524418,1219.0
1533524423,1221.0
1533524428,1222.0
1533524434,1223.0
1533524440,1223.0
1533524445,1224.0
1533524451,1227.0
1533524457,1228.0
1533524463,1229.0
1533524468,1231.0
1533524473,1233.0
1533524478,1235.0
1533524484,1237.0
1533524490,1239.0
1533524495,1240.0
1533524501,1242.0
1533524507,1244.0
1533524513,1246.0
1533524519,1248.0
1533524524,1249.0
1533524530,1251.0
1533524536,1252.0
1533524542,1253.0
1533524548,1253.0
1533524554,1254.0
1533524560,1256.0
1533524565,1258.0
1533524570,1261.0
1533524575,1263.0
1533524581,1264.0
1533524586,1266.0
1533524591,1267.0
1533524597,1269.0
1533524603,1269.0
1533524608,1271.0
1533524614,1272.0
1533524620,1272.0
1533524626,1273.0
1533524632,1274.0
1533524638,1275.0
1533524643,1276.0
1533524648,1278.0
1533524654,1279.0
1533524660,1280.0
1533524666,1281.0
1533524671,1282.0
1533524677,1283.0
1533524683,1284.0
1533524688,1283.0
1533524694,1282.0
1533524700,1283.0
1533524706,1283.0
1533524717,1283.0
1533524722,1283.0
1533524728,1283.0
1533524733,1284.0
1533524738,1284.0
1533524743,1284.0
1533524749,1285.0
1533524755,1287.0
1533524761,1287.0
1533524767,1287.0
1533524773,1290.0
1533524778,1291.0
1533524784,1292.0
1533524789,1292.0
1533524794,1292.0
1533524800,1292.0
1533524805,1292.0
1533524811,1292.0
1533524817,1292.0
1533524822,1292.0
1533524828,1292.0
1533524833,1292.0
1533524838,1292.0
1533524844,1292.0
1533524850,1292.0
1533524855,1292.0
1533524861,1292.0
1533524866,1292.0
1533524872,1292.0
1533524877,1292.0
1533524882,1292.0
1533524888,1292.0
1533524894,1292.0
1533524899,1292.0
1533524905,1292.0
1533524910,1292.0
1533524915,1292.0
1533524921,1292.0
1533524927,1292.0
1533524933,1292.0
1533524939,1292.0
1533524945,1292.0
1533524950,1292.0
1533524956,1292.0
1533524961,1292.0
1533524966,1293.0
1533524972,1292.0
1533524977,1292.0
1533524982,1292.0
1533524988,1292.0
1533524994,1292.0
1533525005,1292.0
1533525012,1292.0
1533525017,1292.0
1533525023,1292.0
1533525029,1292.0
1533525034,1293.0
1533525040,1293.0
1533525045,1294.0
1533525051,1295.0
1533525057,1296.0
1533525064,1296.0
1533525069,1296.0
1533525075,1295.0
1533525081,1295.0
1533525087,1295.0
1533525093,1295.0
1533525098,1295.0
1533525104,1295.0
1533525109,1295.0
1533525115,1295.0
1533525121,1295.0
1533525127,1295.0
1533525132,1295.0
1533525138,1294.0
1533525144,1295.0
1533525149,1295.0
1533525155,1294.0
1533525161,1294.0
1533525167,1293.0
1533525172,1292.0
1533525177,1290.0
1533525183,1289.0
1533525189,1287.0
1533525195,1286.0
1533525200,1287.0
1533525205,1286.0
1533525211,1291.0
1533525217,1290.0
1533525223,1290.0
1533525228,1290.0
1533525234,1290.0
1533525239,1290.0
1533525245,1290.0
1533525250,1290.0
1533525261,1289.0
1533525266,1288.0
1533525271,1288.0
1533525277,1288.0
1533525283,1285.0
1533525289,1283.0
1533525295,1281.0
1533525301,1277.0
1533525307,1275.0
1533525313,1276.0
1533525319,1276.0
1533525324,1275.0
1533525330,1272.0
1533525336,1269.0
1533525342,1270.0
1533525347,1270.0
1533525358,1267.0
1533525364,1264.0
1533525369,1261.0
1533525375,1257.0
1533525380,1253.0
1533525386,1253.0
1533525391,1254.0
1533525397,1254.0
1533525403,1254.0
1533525409,1254.0
1533525414,1253.0
1533525420,1250.0
1533525426,1246.0
1533525432,1243.0
1533525438,1241.0
1533525444,1237.0
1533525450,1234.0
1533525456,1232.0
1533525461,1231.0
1533525467,1227.0
1533525473,1223.0
1533525479,1220.0
1533525485,1216.0
1533525490,1212.0
1533525496,1209.0
1533525501,1207.0
1533525506,1205.0
1533525512,1202.0
1533525518,1199.0
1533525523,1196.0
1533525529,1194.0
1533525534,1195.0
1533525540,1193.0
1533525551,1187.0
1533525557,1184.0
1533525563,1181.0
1533525568,1177.0
1533525574,1173.0
1533525579,1171.0
1533525585,1167.0
1533525590,1165.0
1533525595,1163.0
1533525601,1159.0
1533525607,1156.0
1533525612,1153.0
1533525618,1150.0
1533525624,1148.0
1533525630,1145.0
1533525635,1143.0
1533525641,1144.0
1533525647,1145.0
1533525653,1145.0
1533525658,1145.0
1533525663,1145.0
1533525668,1145.0
1533525674,1145.0
1533525679,1145.0
1533525684,1145.0
1533525690,1145.0
1533525696,1145.0
1533525701,1145.0
1533525707,1145.0
1533525713,1145.0
1533525719,1145.0
1533525725,1145.0
1533525730,1145.0
1533525736,1145.0
1533525742,1145.0
1533525748,1145.0
1533525754,1145.0
1533525760,1145.0
1533525766,1145.0
1533525777,1145.0
1533525783,1145.0
1533525789,1145.0
1533525794,1146.0
1533525799,1147.0
1533525804,1148.0
1533525810,1149.0
1533525816,1150.0
1533525822,1152.0
1533525828,1152.0
1533525834,1152.0
1533525840,1152.0
1533525845,1152.0
1533525851,1152.0
1533525856,1152.0
1533525862,1152.0
1533525867,1152.0
1533525872,1152.0
1533525877,1152.0
1533525883,1152.0
1533525889,1152.0
1533525895,1152.0
1533525907,1152.0
1533525913,1152.0
1533525919,1152.0
1533525925,1152.0
1533525931,1152.0
1533525937,1152.0
1533525943,1152.0
1533525949,1152.0
1533525954,1152.0
1533525959,1152.0
1533525971,1152.0
1533525976,1152.0
1533525982,1152.0
1533525988,1151.0
1533525993,1151.0
1533525999,1151.0
1533526004,1152.0
1533526010,1153.0
1533526015,1154.0
1533526020,1154.0
1533526026,1154.0
1533526032,1155.0
1533526038,1156.0
1533526044,1158.0
1533526050,1159.0
1533526055,1159.0
1533526060,1160.0
1533526066,1161.0
1533526071,1162.0
1533526077,1164.0
1533526082,1166.0
1533526087,1167.0
1533526093,1169.0
1533526098,1169.0
1533526104,1170.0
1533526110,1172.0
1533526116,1173.0
1533526122,1174.0
1533526127,1175.0
1533526133,1175.0
1533526139,1176.0
1533526144,1177.0
1533526149,1179.0
1533526155,1181.0
1533526160,1182.0
1533526165,1183.0
1533526171,1184.0
1533526177,1185.0
1533526182,1186.0
1533526188,1188.0
1533526194,1190.0
1533526199,1192.0
1533526205,1193.0
1533526212,1194.0
1533526217,1194.0
1533526223,1197.0
1533526228,1198.0
1533526234,1199.0
1533526240,1201.0
1533526246,1204.0
1533526251,1205.0
1533526257,1206.0
1533526262,1208.0
1533526268,1210.0
1533526274,1210.0
1533526280,1212.0
1533526285,1212.0
1533526291,1213.0
1533526297,1217.0
1533526303,1218.0
1533526309,1219.0
1533526315,1221.0
1533526321,1222.0
1533526327,1224.0
1533526333,1225.0
1533526339,1227.0
1533526345,1228.0
1533526357,1230.0
1533526363,1232.0
1533526369,1234.0
1533526374,1233.0
1533526380,1234.0
1533526386,1235.0
1533526392,1237.0
1533526397,1238.0
1533526403,1240.0
1533526409,1242.0
1533526415,1257.0
1533526421,1258.0
1533526426,1259.0
1533526432,1261.0
1533526438,1263.0
1533526443,1264.0
1533526450,1266.0
1533526455,1267.0
1533526460,1268.0
1533526465,1270.0
1533526471,1271.0
1533526476,1271.0
1533526482,1272.0
1533526487,1273.0
1533526492,1273.0
1533526497,1274.0
1533526503,1275.0
1533526509,1276.0
1533526515,1277.0
1533526521,1279.0
1533526526,1280.0
1533526532,1282.0
1533526537,1283.0
1533526543,1284.0
1533526549,1286.0
1533526555,1288.0
1533526561,1289.0
1533526566,1290.0
1533526572,1289.0
1533526577,1290.0
1533526582,1290.0
1533526588,1292.0
1533526594,1293.0
1533526599,1293.0
1533526604,1294.0
1533526609,1295.0
1533526615,1296.0
1533526621,1298.0
1533526627,1298.0
1533526632,1299.0
1533526637,1299.0
1533526643,1299.0
1533526649,1300.0
1533526654,1302.0
1533526660,1303.0
1533526666,1303.0
1533526671,1304.0
1533526676,1304.0
1533526681,1306.0
1533526687,1306.0
1533526693,1306.0
1533526698,1305.0
1533526709,1305.0
1533526714,1304.0
1533526720,1304.0
1533526726,1304.0
1533526732,1304.0
1533526737,1304.0
1533526743,1304.0
1533526748,1304.0
1533526754,1305.0
1533526759,1305.0
1533526765,1307.0
1533526771,1308.0
1533526777,1308.0
1533526783,1310.0
1533526788,1310.0
1533526793,1311.0
1533526798,1312.0
1533526804,1312.0
1533526809,1312.0
1533526814,1313.0
1533526820,1312.0
1533526825,1312.0
1533526831,1312.0
1533526837,1312.0
1533526843,1312.0
1533526849,1313.0
1533526855,1313.0
1533526861,1313.0
1533526867,1313.0
1533526873,1313.0
1533526878,1312.0
1533526883,1313.0
1533526889,1314.0
1533526894,1315.0
1533526900,1315.0
1533526906,1315.0
1533526911,1316.0
1533526917,1315.0
1533526922,1315.0
1533526928,1315.0
1533526934,1315.0
1533526940,1315.0
1533526946,1315.0
1533526951,1315.0
1533526957,1315.0
1533526969,1315.0
1533526974,1315.0
1533526980,1315.0
1533526986,1315.0
1533526992,1315.0
1533526997,1315.0
1533527003,1315.0
1533527009,1315.0
1533527015,1315.0
1533527021,1315.0
1533527026,1315.0
1533527032,1316.0
1533527038,1315.0
1533527044,1315.0
1533527050,1315.0
1533527056,1315.0
1533527061,1315.0
1533527067,1315.0
1533527073,1315.0
1533527079,1315.0
1533527084,1315.0
1533527089,1315.0
1533527095,1315.0
1533527100,1315.0
1533527106,1314.0
1533527112,1314.0
1533527117,1313.0
1533527122,1314.0
1533527128,1314.0
1533527134,1312.0
1533527139,1312.0
1533527145,1311.0
1533527151,1310.0
1533527157,1309.0
1533527163,1309.0
1533527168,1311.0
1533527174,1310.0
1533527179,1310.0
1533527186,1312.0
1533527192,1312.0
1533527197,1313.0
1533527203,1314.0
1533527208,1313.0
1533527214,1312.0
1533527225,1311.0
1533527231,1311.0
1533527237,1309.0
1533527243,1308.0
1533527249,1308.0
1533527254,1307.0
1533527260,1307.0
1533527265,1307.0
1533527271,1307.0
1533527276,1306.0
1533527282,1306.0
1533527288,1302.0
1533527293,1300.0
1533527299,1297.0
1533527304,1294.0
1533527310,1293.0
1533527316,1293.0
1533527322,1290.0
1533527328,1288.0
1533527334,1285.0
1533527339,1283.0
1533527344,1281.0
1533527349,1279.0
1533527354,1279.0
1533527360,1279.0
1533527366,1279.0
1533527372,1279.0
1533527377,1279.0
1533527382,1279.0
1533527388,1279.0
1533527394,1279.0
1533527400,1279.0
1533527405,1279.0
1533527418,1279.0
1533527423,1279.0
1533527429,1279.0
1533527435,1279.0
1533527440,1279.0
1533527446,1279.0
1533527452,1279.0
1533527458,1279.0
1533527464,1279.0
1533527470,1279.0
1533527475,1279.0
1533527481,1279.0
1533527487,1279.0
1533527493,1279.0
1533527499,1279.0
1533527505,1279.0
1533527510,1279.0
1533527515,1279.0
1533527521,1279.0
1533527527,1279.0
1533527532,1279.0
1533527538,1279.0
1533527543,1279.0
1533527549,1279.0
1533527555,1279.0
1533527560,1279.0
1533527566,1279.0
1533527571,1279.0
1533527576,1279.0
1533527581,1279.0
1533527587,1279.0
1533527592,1279.0
1533527599,1279.0
1533527604,1279.0
1533527610,1278.0
1533527616,1279.0
1533527622,1279.0
1533527627,1278.0
1533527633,1277.0
1533527645,1275.0
1533527651,1279.0
1533527657,1280.0
1533527663,1283.0
1533527668,1285.0
1533527673,1286.0
1533527679,1288.0
1533527684,1290.0
1533527690,1291.0
1533527696,1291.0
1533527702,1292.0
1533527707,1293.0
1533527713,1295.0
1533527719,1296.0
1533527724,1297.0
1533527730,1298.0
1533527736,1299.0
1533527741,1301.0
1533527747,1302.0
1533527753,1302.0
1533527759,1303.0
1533527764,1303.0
1533527769,1304.0
1533527775,1303.0
1533527781,1305.0
1533527786,1306.0
1533527792,1306.0
1533527797,1308.0
1533527803,1309.0
1533527808,1309.0
1533527814,1308.0
1533527819,1308.0
1533527825,1308.0
1533527831,1308.0
1533527837,1309.0
1533527843,1308.0
1533527848,1308.0
1533527854,1308.0
1533527860,1308.0
1533527865,1309.0
1533527870,1308.0
1533527875,1308.0
1533527881,1309.0
1533527886,1309.0
1533527891,1310.0
1533527897,1311.0
1533527902,1312.0
1533527908,1313.0
1533527914,1313.0
1533527920,1313.0
1533527926,1314.0
1533527932,1314.0
1533527937,1314.0
1533527943,1314.0
1533527949,1314.0
1533527955,1314.0
1533527961,1314.0
1533527967,1313.0
1533527972,1313.0
1533527978,1314.0
1533527984,1315.0
1533527989,1315.0
1533527994,1315.0
1533528003,1296.0
1533528009,1296.0
1533528015,1297.0
1533528021,1297.0
1533528027,1298.0
1533528033,1299.0
1533528039,1301.0
1533528044,1302.0
1533528049,1303.0
1533528055,1304.0
1533528061,1306.0
1533528067,1307.0
1533528072,1307.0
1533528078,1307.0
1533528084,1307.0
1533528089,1308.0
1533528095,1308.0
1533528101,1307.0
1533528107,1307.0
1533528112,1307.0
1533528117,1307.0
1533528122,1309.0
1533528127,1312.0
1533528133,1312.0
1533528139,1311.0
1533528000,1315.0
1533528005,1315.0
1533528010,1315.0
1533528016,1315.0
1533528022,1315.0
1533537562,1322.0
1533537567,1326.0
1533537573,1321.0
1533537578,1311.0
1533537587,1313.0
1533537592,1304.0
1533537598,1306.0
1533537604,1306.0
1533537609,1305.0
1533537615,1305.0
1533537620,1305.0
1533537626,1305.0
1533537632,1305.0
1533537638,1305.0
1533537644,1303.0
1533537649,1302.0
1533537655,1302.0
1533537660,1302.0
1533537665,1302.0
1533537670,1302.0
1533537676,1302.0
1533537682,1302.0
1533537687,1302.0
1533537693,1302.0
1533537699,1302.0
1533537704,1302.0
1533537710,1302.0
1533537716,1302.0
1533537722,1302.0
1533537727,1302.0
1533537733,1302.0
1533537739,1302.0
1533537745,1303.0
1533537751,1303.0
1533537757,1303.0
1533537768,1303.0
1533537774,1303.0
1533537780,1303.0
1533537786,1303.0
1533537791,1303.0
1533537797,1303.0
1533537803,1303.0
1533537809,1303.0
1533537814,1303.0
1533537820,1303.0
1533537826,1303.0
1533537831,1303.0
1533537837,1303.0
1533537842,1303.0
1533537848,1303.0
1533537853,1303.0
1533537859,1303.0
1533537864,1303.0
1533537870,1304.0
1533537876,1304.0
1533537881,1304.0
1533537886,1304.0
1533537892,1303.0
1533537898,1302.0
1533537904,1301.0
1533537910,1301.0
1533537916,1301.0
1533537922,1300.0
1533537928,1300.0
1533537934,1299.0
1533537939,1298.0
1533537950,1298.0
1533537956,1298.0
1533537962,1297.0
1533537968,1297.0
1533537974,1296.0
1533537979,1296.0
1533537985,1296.0
1533537990,1296.0
1533537995,1295.0
1533538001,1294.0
1533538006,1293.0
1533538012,1292.0
1533538018,1291.0
1533538024,1291.0
1533538030,1291.0
1533538036,1291.0
1533538041,1291.0
1533538047,1291.0
1533538052,1290.0
1533538058,1289.0
1533538064,1288.0
1533538070,1287.0
1533538075,1286.0
1533538080,1283.0
1533538086,1279.0
1533538092,1273.0
1533538098,1268.0
1533538103,1267.0
1533538109,1265.0
1533538115,1263.0
1533538120,1260.0
1533538126,1257.0
1533538131,1254.0
1533538137,1250.0
1533538142,1246.0
1533538147,1243.0
1533538153,1240.0
1533538159,1236.0
1533538165,1231.0
1533538170,1228.0
1533538176,1224.0
1533538181,1220.0
1533538192,1214.0
1533538198,1209.0
1533538204,1206.0
1533538210,1202.0
1533538215,1200.0
1533538220,1198.0
1533538226,1195.0
1533538232,1193.0
1533538238,1192.0
1533538244,1192.0
1533538249,1191.0
1533538255,1192.0
1533538260,1191.0
1533538266,1190.0
1533538271,1190.0
1533538276,1189.0
1533538281,1188.0
1533538287,1187.0
1533538292,1186.0
1533538297,1187.0
1533538303,1186.0
1533538308,1186.0
1533538314,1186.0
1533538319,1186.0
1533538325,1186.0
1533538330,1186.0
1533538336,1186.0
1533538341,1186.0
1533538347,1186.0
1533538352,1186.0
1533538358,1186.0
1533538364,1186.0
1533538375,1186.0
1533538381,1186.0
1533538386,1186.0
1533538392,1186.0
1533538398,1186.0
1533538403,1186.0
1533538408,1186.0
1533538414,1186.0
1533538420,1186.0
1533538426,1186.0
1533538432,1186.0
1533538438,1186.0
1533538443,1186.0
1533538448,1186.0
1533538454,1186.0
1533538459,1186.0
1533538465,1186.0
1533538470,1186.0
1533538476,1186.0
1533538482,1186.0
1533538487,1186.0
1533538492,1186.0
1533538497,1186.0
1533538503,1186.0
1533538509,1186.0
1533538515,1186.0
1533538520,1186.0
1533538526,1186.0
1533538531,1186.0
1533538537,1186.0
1533538542,1186.0
1533538548,1188.0
1533538554,1189.0
1533538559,1191.0
1533538565,1191.0
1533538571,1191.0
1533538577,1191.0
1533538582,1191.0
1533538588,1191.0
1533538594,1191.0
1533538600,1191.0
1533538606,1191.0
1533538617,1191.0
1533538622,1191.0
1533538628,1191.0
1533538633,1191.0
1533538639,1191.0
1533538644,1191.0
1533538650,1191.0
1533538655,1191.0
1533538661,1191.0
1533538666,1191.0
1533538671,1191.0
1533538677,1191.0
1533538683,1191.0
1533538689,1191.0
1533538694,1191.0
1533538700,1192.0
1533538706,1192.0
1533538711,1192.0
1533538717,1192.0
1533538723,1192.0
1533538729,1192.0
1533538734,1193.0
1533538740,1193.0
1533538745,1193.0
1533538751,1193.0
1533538757,1193.0
1533538763,1193.0
1533538769,1193.0
1533538775,1193.0
1533538781,1193.0
1533538786,1193.0
1533538792,1193.0
1533538797,1193.0
1533537006,192.0
1533537015,192.0
1533537021,1333.0
1533537026,1301.0
1533537031,1299.0
1533537037,1304.0
1533537042,1304.0
1533537048,1305.0
1533537053,1304.0
1533537059,1304.0
1533537065,1304.0
1533537071,1304.0
1533537077,1304.0
1533537082,1304.0
1533537087,1304.0
1533537093,1304.0
1533537099,1304.0
1533537105,1304.0
1533537111,1305.0
1533537117,1305.0
1533537122,1305.0
1533537128,1305.0
1533537134,1305.0
1533537140,1305.0
1533537145,1305.0
1533537151,1305.0
1533537156,1305.0
1533537161,1304.0
1533537167,1304.0
1533537172,1304.0
1533537178,1303.0
1533537183,1303.0
1533537188,1303.0
1533537193,1303.0
1533537198,1303.0
1533537203,1302.0
1533537208,1302.0
1533537214,1303.0
1533537219,1303.0
1533537225,1303.0
1533537230,1302.0
1533537236,1301.0
1533537242,1300.0
1533537248,1298.0
1533537253,1297.0
1533537258,1297.0
1533537264,1297.0
1533537270,1297.0
1533537276,1299.0
1533537281,1300.0
1533537287,1300.0
1533537293,1300.0
1533537299,1300.0
1533537305,1301.0
1533537311,1302.0
1533537316,1302.0
1533537321,1301.0
1533537327,1302.0
1533537333,1303.0
1533537338,1302.0
1533537344,1303.0
1533537350,1304.0
1533537356,1302.0
1533537361,1303.0
1533537367,1303.0
1533537373,1302.0
1533537379,1301.0
1533537385,1299.0
1533537390,1298.0
1533537396,1298.0
1533537435,1304.0
1533537440,1305.0
1533537445,1305.0
1533537451,1298.0
1533537457,1296.0
1533537463,1296.0
1533537469,1296.0
1533537475,1296.0
1533537481,1296.0
1533537486,1296.0
1533537492,1297.0
1533537503,1296.0
1533537509,1295.0
1533537514,1294.0
1533537519,1294.0
1533537525,1285.0
1533537531,1281.0
1533537536,1278.0
1533537542,1277.0
1533537548,1272.0
1533537554,1270.0
1533537560,1267.0
1533537565,1266.0
1533537571,1266.0
1533537576,1269.0
1533537581,1270.0
1533537587,1271.0
1533537593,1271.0
1533537599,1270.0
1533537604,1267.0
1533537610,1266.0
1533537616,1266.0
1533537622,1265.0
1533537696,1273.0
1533537702,1272.0
1533537707,1273.0
1533537712,1274.0
1533537718,1276.0
1533537724,1275.0
1533537730,1271.0
1533537735,1269.0
1533537741,1265.0
1533537746,1265.0
1533537752,1264.0
1533537758,1265.0
1533537764,1266.0
1533537770,1268.0
1533537775,1267.0
1533537781,1264.0
1533537787,1257.0
1533537792,1251.0
1533537798,1248.0
1533537804,1242.0
1533537810,1239.0
1533537816,1235.0
1533537822,1233.0
1533537828,1232.0
1533537834,1231.0
1533537839,1230.0
1533537845,1229.0
1533537851,1229.0
1533537856,1228.0
1533537862,1226.0
1533537867,1227.0
1533537872,1227.0
1533537877,1227.0
1533537883,1227.0
1533537889,1227.0
1533537895,1227.0
1533537901,1227.0
1533537906,1227.0
1533537911,1226.0
1533537917,1226.0
1533537922,1226.0
1533537928,1226.0
1533537934,1226.0
1533537940,1226.0
1533537945,1226.0
1533537950,1226.0
1533537956,1226.0
1533537962,1226.0
1533537967,1226.0
1533537973,1226.0
1533537978,1226.0
1533537984,1226.0
1533537990,1226.0
1533537995,1226.0
1533538001,1226.0
1533538007,1226.0
1533538018,1226.0
1533538024,1226.0
1533538030,1226.0
1533538035,1226.0
1533538040,1226.0
1533538046,1226.0
1533538051,1226.0
1533538056,1226.0
1533538061,1226.0
1533538067,1226.0
1533538072,1226.0
1533538078,1226.0
1533538084,1226.0
1533538090,1226.0
1533538095,1226.0
1533538100,1226.0
1533538106,1226.0
1533538112,1226.0
1533538118,1226.0
1533538124,1226.0
1533538130,1226.0
1533538136,1226.0
1533538146,1226.0
1533538152,1226.0
1533538158,1226.0
1533538164,1226.0
1533538169,1227.0
1533538175,1227.0
1533538181,1227.0
1533538187,1227.0
1533538193,1227.0
1533538198,1227.0
1533538204,1227.0
1533538209,1227.0
1533538215,1227.0
1533538221,1227.0
1533538226,1227.0
1533538232,1227.0
1533538244,1227.0
1533538250,1227.0
1533538255,1227.0
1533538261,1227.0
1533538266,1227.0
1533538271,1227.0
1533538276,1227.0
1533538282,1227.0
1533538288,1227.0
1533538294,1227.0
1533538299,1227.0
1533538304,1227.0
1533538310,1227.0
1533538316,1227.0
1533538322,1227.0
1533538327,1227.0
1533538333,1227.0
1533538339,1227.0
1533538345,1227.0
1533538350,1227.0
1533538356,1227.0
1533538362,1227.0
1533538367,1227.0
1533538373,1227.0
1533538379,1227.0
1533538384,1227.0
1533538390,1227.0
1533538395,1227.0
1533538400,1227.0
1533538406,1227.0
1533538412,1227.0
1533538418,1227.0
1533538424,1227.0
1533538430,1227.0
1533538436,1227.0
1533538442,1227.0
1533538447,1226.0
1533538453,1225.0
1533538459,1223.0
1533538465,1222.0
1533538471,1221.0
1533538477,1221.0
1533538483,1221.0
1533538489,1221.0
1533538501,1224.0
1533538507,1227.0
1533538513,1227.0
1533538519,1227.0
1533538525,1228.0
1533538531,1227.0
1533538536,1225.0
1533538542,1224.0
1533538547,1223.0
1533538553,1223.0
1533538558,1222.0
1533538564,1222.0
1533538569,1222.0
1533538574,1222.0
1533538580,1223.0
1533538585,1223.0
1533538591,1225.0
1533538597,1225.0
1533538602,1225.0
1533538608,1224.0
1533538614,1223.0
1533538619,1223.0
1533538624,1224.0
1533538629,1224.0
1533538635,1224.0
1533538641,1223.0
1533538647,1221.0
1533538652,1221.0
1533538694,1210.0
1533538699,1206.0
1533538704,1204.0
1533538710,1201.0
1533538716,1198.0
1533538721,1196.0
1533538726,1195.0
1533538732,1195.0
1533538737,1196.0
1533538743,1197.0
1533538748,1197.0
1533538754,1198.0
1533538760,1199.0
1533538766,1199.0
1533538772,1198.0
1533538778,1198.0
1533538783,1199.0
1533538789,1197.0
1533538795,1197.0
1533537292,1339.0
1533537298,1317.0
1533537303,1322.0
1533537309,1326.0
1533537315,1326.0
1533537322,1327.0
1533537327,1327.0
1533537333,1327.0
1533537339,1325.0
1533537344,1323.0
1533537350,1322.0
1533537356,1321.0
1533537361,1321.0
1533537366,1321.0
1533537371,1321.0
1533537377,1321.0
1533537383,1321.0
1533537388,1321.0
1533537394,1321.0
1533537400,1321.0
1533537405,1321.0
1533537411,1321.0
1533537422,1320.0
1533537427,1319.0
1533537433,1318.0
1533537439,1317.0
1533537445,1316.0
1533537451,1316.0
1533537457,1317.0
1533537463,1316.0
1533537469,1315.0
1533537475,1315.0
1533537481,1315.0
1533537487,1315.0
1533537492,1315.0
1533537498,1314.0
1533537503,1312.0
1533537509,1311.0
1533537515,1311.0
1533537521,1310.0
1533537527,1309.0
1533537532,1307.0
1533537538,1305.0
1533537543,1303.0
1533537548,1302.0
1533537553,1302.0
1533537559,1304.0
1533537565,1305.0
1533537570,1306.0
1533537576,1306.0
1533537582,1307.0
1533537588,1307.0
1533537593,1306.0
1533537598,1305.0
1533537603,1305.0
1533537608,1305.0
1533537614,1303.0
1533537619,1303.0
1533537625,1302.0
1533537630,1302.0
1533537636,1302.0
1533537647,1304.0
1533537653,1304.0
1533537658,1303.0
1533537664,1303.0
1533537670,1303.0
1533537675,1304.0
1533537681,1305.0
1533537686,1304.0
1533537692,1306.0
1533537697,1304.0
1533537702,1303.0
1533537708,1301.0
1533537713,1299.0
1533537718,1297.0
1533537724,1293.0
1533537729,1293.0
1533537734,1291.0
1533537740,1289.0
1533537745,1287.0
1533537750,1287.0
1533537756,1285.0
1533537761,1284.0
1533537766,1282.0
1533537772,1280.0
1533537777,1279.0
1533537783,1277.0
1533537789,1275.0
1533537795,1273.0
1533537801,1271.0
1533537807,1270.0
1533537812,1270.0
1533537818,1270.0
1533537823,1269.0
1533537829,1269.0
1533537835,1268.0
1533537841,1268.0
1533537847,1268.0
1533537853,1268.0
1533537859,1267.0
1533537865,1266.0
1533537871,1265.0
1533537877,1263.0
1533537882,1261.0
1533537887,1260.0
1533537893,1260.0
1533537905,1256.0
1533537911,1254.0
1533537917,1251.0
1533537922,1249.0
1533537928,1246.0
1533537934,1244.0
1533537939,1242.0
1533537944,1240.0
1533537949,1237.0
1533537955,1235.0
1533537961,1233.0
1533537966,1232.0
1533537972,1230.0
1533537978,1229.0
1533537984,1228.0
1533537990,1227.0
1533537996,1225.0
1533538001,1223.0
1533538007,1221.0
1533538013,1218.0
1533538019,1216.0
1533538024,1214.0
1533538030,1212.0
1533538035,1210.0
1533538041,1210.0
1533538046,1209.0
1533538052,1208.0
1533538057,1207.0
1533538063,1205.0
1533538069,1204.0
1533538075,1203.0
1533538081,1199.0
1533538087,1199.0
1533538092,1198.0
1533538098,1197.0
1533538103,1195.0
1533538109,1191.0
1533538115,1189.0
1533538121,1187.0
1533538127,1184.0
1533538133,1182.0
1533538139,1180.0
1533538144,1177.0
1533538150,1175.0
1533538158,1175.0
1533538163,1175.0
1533538168,1176.0
1533538173,1175.0
1533538179,1175.0
1533538184,1174.0
1533538189,1174.0
1533538195,1175.0
1533538201,1175.0
1533538207,1175.0
1533538212,1175.0
1533538217,1175.0
1533538223,1175.0
1533538229,1175.0
1533538235,1175.0
1533538240,1175.0
1533538245,1175.0
1533538251,1175.0
1533538257,1175.0
1533538263,1175.0
1533538269,1175.0
1533538274,1175.0
1533538279,1175.0
1533538285,1175.0
1533538291,1175.0
1533538297,1161.0
1533538303,1161.0
1533538308,1161.0
1533538314,1161.0
1533538319,1161.0
1533538324,1161.0
1533538329,1161.0
1533538335,1161.0
1533538340,1161.0
1533538345,1161.0
1533538351,1161.0
1533538356,1161.0
1533538362,1161.0
1533538368,1160.0
1533538374,1160.0
1533538380,1159.0
1533538386,1158.0
1533538391,1157.0
1533538397,1157.0
1533538403,1157.0
1533538409,1157.0
1533538414,1157.0
1533538420,1157.0
1533538426,1157.0
1533538431,1157.0
1533538437,1157.0
1533538443,1157.0
1533538448,1157.0
1533538453,1157.0
1533538459,1157.0
1533538465,1157.0
1533538471,1157.0
1533538477,1157.0
1533538483,1157.0
1533538489,1157.0
1533538495,1157.0
1533538501,1157.0
1533538507,1157.0
1533538513,1157.0
1533538519,1157.0
1533538525,1157.0
1533538530,1157.0
1533538535,1157.0
1533538540,1157.0
1533538546,1157.0
1533538552,1158.0
1533538558,1159.0
1533538563,1159.0
1533538569,1161.0
1533538574,1162.0
1533538579,1163.0
1533538585,1163.0
1533538591,1164.0
1533538597,1164.0
1533538603,1164.0
1533538609,1162.0
1533538615,1162.0
1533538621,1163.0
1533538627,1164.0
1533538633,1165.0
1533538639,1165.0
1533538645,1166.0
1533538650,1167.0
1533538656,1168.0
1533538662,1169.0
1533538668,1169.0
1533538673,1170.0
1533538679,1171.0
1533538685,1172.0
1533538691,1173.0
1533538696,1174.0
1533538702,1175.0
1533538707,1175.0
1533538712,1176.0
1533538717,1177.0
1533538723,1178.0
1533538729,1179.0
1533538735,1180.0
1533538740,1181.0
1533538746,1182.0
1533538752,1183.0
1533538758,1184.0
1533538763,1187.0
1533538768,1188.0
1533538774,1190.0
1533538779,1190.0
1533538784,1191.0
1533538790,1192.0
1533538795,1193.0
1533538803,1179.0
1533538809,1179.0
1533538815,1179.0
1533538820,1179.0
1533538826,1179.0
1533538832,1179.0
1533538838,1179.0
1533538843,1179.0
1533538848,1179.0
1533538854,1179.0
1533538860,1179.0
1533538866,1179.0
1533538872,1179.0
1533538877,1179.0
1533538882,1179.0
1533538888,1179.0
1533538894,1179.0
1533538899,1179.0
1533538905,1179.0
1533538910,1179.0
1533538916,1179.0
1533538921,1179.0
1533538927,1179.0
1533538932,1179.0
1533538938,1179.0
1533538943,1179.0
1533538949,1180.0
1533538954,1179.0
1533538960,1179.0
1533538966,1178.0
1533538971,1178.0
1533538976,1177.0
1533538982,1178.0
1533538987,1177.0
1533538993,1177.0
1533538998,1177.0
1533539004,1177.0
1533539009,1177.0
1533539015,1177.0
1533539020,1177.0
1533539026,1178.0
1533539032,1177.0
1533539038,1178.0
1533539043,1178.0
1533539049,1179.0
1533539054,1180.0
1533539059,1181.0
1533539064,1182.0
1533539070,1183.0
1533539076,1185.0
1533539082,1187.0
1533539088,1190.0
1533539093,1192.0
1533539099,1194.0
1533539104,1196.0
1533539110,1198.0
1533539116,1200.0
1533539122,1200.0
1533539127,1201.0
1533539133,1202.0
1533539139,1203.0
1533539145,1205.0
1533539150,1206.0
1533539161,1209.0
1533539167,1212.0
1533539172,1214.0
1533539178,1215.0
1533539183,1217.0
1533539189,1219.0
1533539194,1221.0
1533539200,1224.0
1533539205,1226.0
1533539211,1228.0
1533539216,1229.0
1533539222,1230.0
1533539228,1231.0
1533539234,1232.0
1533539240,1231.0
1533539245,1231.0
1533539250,1231.0
1533539256,1231.0
1533539262,1231.0
1533539267,1231.0
1533539272,1231.0
1533539278,1230.0
1533539284,1230.0
1533539289,1233.0
1533539295,1234.0
1533539301,1236.0
1533539307,1238.0
1533539312,1239.0
1533539318,1241.0
1533539323,1242.0
1533539329,1244.0
1533539334,1245.0
1533539340,1247.0
1533539345,1248.0
1533539350,1250.0
1533539356,1250.0
1533539361,1251.0
1533539366,1251.0
1533539372,1251.0
1533539378,1252.0
1533539384,1253.0
1533539389,1253.0
1533539395,1253.0
1533539400,1254.0
1533539405,1254.0
1533539410,1254.0
1533539416,1252.0
1533539421,1250.0
1533539426,1249.0
1533539432,1247.0
1533539438,1247.0
1533539444,1247.0
1533539449,1247.0
1533539454,1247.0
1533539460,1247.0
1533539466,1247.0
1533539471,1247.0
1533539477,1247.0
1533539482,1245.0
1533539488,1245.0
1533539493,1245.0
1533539498,1245.0
1533539504,1245.0
1533539509,1245.0
1533539515,1245.0
1533539521,1246.0
1533539526,1249.0
1533539532,1251.0
1533539537,1249.0
1533539543,1249.0
1533539548,1250.0
1533539554,1250.0
1533539559,1250.0
1533539565,1251.0
1533539570,1251.0
1533539576,1254.0
1533539582,1256.0
1533539588,1257.0
1533539920,177.0
1533539931,173.0
1533539936,1063.0
1533539947,1299.0
1533539953,1301.0
1533539958,1294.0
1533539964,1288.0
1533539969,1285.0
1533539978,1283.0
1533539984,1283.0
1533539990,1285.0
1533539996,1285.0
1533540001,1285.0
1533540007,1284.0
1533540013,1283.0
1533540019,1281.0
1533540025,1279.0
1533540030,1277.0
1533540036,1273.0
1533540042,1269.0
1533540047,1259.0
1533540053,1255.0
1533540059,1254.0
1533540064,1254.0
1533540070,1252.0
1533540076,1254.0
1533540082,1256.0
1533540088,1260.0
1533540094,1263.0
1533540100,1264.0
1533540105,1264.0
1533540110,1263.0
1533540116,1258.0
1533540122,1253.0
1533540128,1250.0
1533540133,1250.0
1533540139,1250.0
1533540145,1249.0
1533540151,1248.0
1533540156,1247.0
1533540162,1245.0
1533540168,1245.0
1533540174,1244.0
1533540179,1242.0
1533540185,1235.0
1533540191,1231.0
1533540196,1229.0
1533540202,1226.0
1533540208,1224.0
1533540214,1222.0
1533540220,1220.0
1533540226,1218.0
1533540231,1217.0
1533540237,1215.0
1533540243,1214.0
1533540249,1212.0
1533540255,1211.0
1533540261,1210.0
1533540267,1209.0
1533540272,1208.0
1533540278,1207.0
1533540284,1205.0
1533540290,1203.0
1533540295,1202.0
1533540301,1201.0
1533540307,1201.0
1533540313,1200.0
1533540318,1200.0
1533540323,1200.0
1533540329,1199.0
1533540335,1200.0
1533540340,1202.0
1533540345,1203.0
1533540350,1203.0
1533540356,1203.0
1533540361,1203.0
1533540367,1203.0
1533540372,1203.0
1533540377,1204.0
1533540383,1206.0
1533540389,1207.0
1533540394,1209.0
1533540405,1211.0
1533540410,1211.0
1533540416,1211.0
1533540422,1211.0
1533540428,1211.0
1533540434,1212.0
1533540439,1212.0
1533540445,1211.0
1533540451,1211.0
1533540457,1209.0
1533540462,1209.0
1533540468,1209.0
1533540474,1210.0
1533540480,1210.0
1533540485,1210.0
1533540491,1210.0
1533540496,1210.0
1533540502,1210.0
1533540508,1210.0
1533540514,1210.0
1533540519,1210.0
1533540524,1210.0
1533540530,1210.0
1533540535,1210.0
1533540541,1210.0
1533540547,1210.0
1533540553,1210.0
1533540559,1210.0
1533540564,1210.0
1533540570,1210.0
1533540575,1210.0
1533540581,1210.0
1533540586,1210.0
1533540592,1210.0
1533540597,1210.0
1533540602,1210.0
1533540608,1210.0
1533540614,1210.0
1533540620,1210.0
1533540625,1210.0
1533540630,1210.0
1533540636,1210.0
1533540646,1210.0
1533540652,1210.0
1533540658,1211.0
1533540663,1211.0
1533540669,1211.0
1533540675,1211.0
1533540680,1211.0
1533540686,1211.0
1533540692,1211.0
1533540698,1211.0
1533540703,1211.0
1533540709,1211.0
1533540714,1211.0
1533540720,1211.0
1533540725,1211.0
1533540731,1211.0
1533540737,1211.0
1533540742,1211.0
1533540748,1211.0
1533540753,1211.0
1533540759,1211.0
1533540764,1211.0
1533540770,1211.0
1533540775,1211.0
1533540781,1211.0
1533540787,1211.0
1533540792,1211.0
1533540798,1211.0
1533540804,1211.0
1533540810,1211.0
1533540815,1211.0
1533540821,1211.0
1533540826,1211.0
1533540832,1211.0
1533540838,1211.0
1533540844,1211.0
1533540849,1211.0
1533540855,1211.0
1533540860,1211.0
1533540866,1211.0
1533540872,1211.0
1533540877,1211.0
1533540883,1211.0
1533540889,1211.0
1533540895,1211.0
1533540900,1211.0
1533540905,1211.0
1533540911,1211.0
1533540917,1211.0
1533540922,1211.0
1533540927,1211.0
1533540933,1211.0
1533540939,1211.0
1533540944,1211.0
1533540949,1211.0
1533540955,1211.0
1533540961,1211.0
1533540967,1211.0
1533540972,1211.0
1533540978,1211.0
1533540983,1211.0
1533540989,1211.0
1533540994,1211.0
1533541000,1211.0
1533541006,1211.0
1533541012,1211.0
1533541017,1211.0
1533541023,1211.0
1533541028,1211.0
1533541034,1211.0
1533541040,1211.0
1533541045,1211.0
1533541050,1211.0
1533541056,1211.0
1533541061,1211.0
1533541067,1212.0
1533541072,1212.0
1533541078,1212.0
1533541083,1213.0
1533541088,1213.0
1533541094,1213.0
1533541100,1213.0
1533541106,1212.0
1533541112,1212.0
1533541118,1213.0
1533541123,1212.0
1533541129,1212.0
1533541135,1211.0
1533541141,1211.0
1533541146,1211.0
1533541152,1211.0
1533541157,1211.0
1533541162,1211.0
1533541168,1211.0
1533541174,1211.0
1533541179,1211.0
1533541185,1211.0
1533541191,1211.0
1533541196,1211.0
1533541202,1211.0
1533541208,1211.0
1533541214,1211.0
1533541220,1211.0
1533541226,1211.0
1533541232,1211.0
1533541237,1211.0
1533541243,1211.0
1533541249,1223.0
1533541254,1223.0
1533541259,1223.0
1533541265,1223.0
1533541270,1223.0
1533541276,1223.0
1533541282,1223.0
1533541287,1224.0
1533541293,1224.0
1533541298,1224.0
1533541304,1224.0
1533541309,1224.0
1533541315,1224.0
1533541320,1224.0
1533541326,1224.0
1533541332,1224.0
1533541338,1224.0
1533541343,1224.0
1533541348,1224.0
1533541353,1224.0
1533541359,1224.0
1533541365,1224.0
1533541370,1224.0
1533541376,1224.0
1533541382,1224.0
1533541387,1224.0
1533541393,1224.0
1533541399,1224.0
1533541404,1224.0
1533541410,1224.0
1533541416,1224.0
1533541421,1224.0
1533541427,1224.0
1533541433,1224.0
1533541438,1224.0
1533541444,1224.0
1533541449,1224.0
1533541455,1224.0
1533541460,1224.0
1533541466,1224.0
1533541471,1224.0
1533541476,1224.0
1533541482,1224.0
1533541487,1224.0
1533541492,1224.0
1533541497,1224.0
1533541503,1224.0
1533541509,1224.0
1533541514,1224.0
1533541520,1224.0
1533541526,1224.0
1533541531,1224.0
1533541537,1224.0
1533541542,1224.0
1533541547,1224.0
1533541553,1224.0
1533541559,1224.0
1533541565,1224.0
1533541571,1224.0
1533541577,1224.0
1533541582,1224.0
1533541588,1224.0
1533541594,1224.0
1533541600,1224.0
1533541606,1224.0
1533541612,1224.0
1533541617,1224.0
1533541623,1224.0
1533541629,1224.0
1533541634,1224.0
1533541640,1224.0
1533541646,1224.0
1533541651,1224.0
1533541656,1224.0
1533541662,1224.0
1533541668,1224.0
1533541674,1224.0
1533541679,1224.0
1533541685,1224.0
1533541691,1224.0
1533541696,1224.0
1533541702,1224.0
1533541707,1224.0
1533541713,1224.0
1533541718,1224.0
1533541724,1224.0
1533541730,1224.0
1533541735,1224.0
1533541741,1224.0
1533541746,1224.0
1533541751,1224.0
1533541757,1224.0
1533541762,1224.0
1533541768,1224.0
1533541773,1224.0
1533541779,1224.0
1533541784,1224.0
1533541790,1224.0
1533541795,1224.0
1533541800,1224.0
1533541806,1224.0
1533541813,1224.0
1533541818,1224.0
1533541823,1224.0
1533541828,1224.0
1533541834,1224.0
1533541839,1224.0
1533541845,1224.0
1533541850,1224.0
1533541855,1224.0
1533541861,1224.0
1533541867,1224.0
1533541872,1224.0
1533541877,1224.0
1533541883,1224.0
1533541889,1224.0
1533541894,1224.0
1533541900,1224.0
1533541905,1224.0
1533541911,1224.0
1533541916,1224.0
1533541921,1224.0
1533541926,1224.0
1533541932,1224.0
1533541937,1224.0
1533541943,1224.0
1533541949,1224.0
1533541954,1224.0
1533541959,1224.0
1533541964,1224.0
1533541969,1224.0
1533541975,1224.0
1533541980,1224.0
1533541985,1224.0
1533541991,1224.0
1533541997,1224.0
1533542002,1224.0
1533542008,1224.0
1533542013,1224.0
1533542019,1224.0
1533542025,1224.0
1533542030,1224.0
1533542036,1224.0
1533542041,1224.0
1533542046,1224.0
1533542052,1224.0
1533542058,1223.0
1533542063,1223.0
1533542069,1222.0
1533542074,1222.0
1533542080,1221.0
1533542085,1220.0
1533542091,1218.0
1533542096,1216.0
1533542102,1213.0
1533542107,1211.0
1533542112,1210.0
1533542118,1210.0
1533542124,1214.0
1533542129,1216.0
1533542135,1218.0
1533542141,1219.0
1533542147,1220.0
1533542153,1221.0
1533542159,1223.0
1533542165,1224.0
1533542171,1225.0
1533542177,1226.0
1533542182,1226.0
1533542187,1226.0
1533542192,1228.0
1533542198,1229.0
1533542203,1231.0
1533542208,1232.0
1533542214,1233.0
1533542219,1235.0
1533542224,1237.0
1533542230,1239.0
1533542235,1240.0
1533542241,1242.0
1533542246,1244.0
1533542251,1246.0
1533542257,1248.0
1533542262,1249.0
1533542267,1251.0
1533542273,1254.0
1533542279,1255.0
1533542285,1257.0
1533542290,1258.0
1533542296,1259.0
1533542301,1260.0
1533542307,1261.0
1533542313,1264.0
1533542318,1265.0
1533542324,1266.0
1533542330,1266.0
1533542336,1266.0
1533542342,1267.0
1533542347,1268.0
1533542353,1267.0
1533542358,1266.0
1533542364,1266.0
1533542369,1266.0
1533542375,1265.0
1533542380,1264.0
1533542386,1264.0
1533542392,1264.0
1533542398,1263.0
1533538800,1196.0
1533538806,1196.0
1533538811,1197.0
1533538817,1196.0
1533538822,1197.0
1533538828,1199.0
1533538834,1197.0
1533538840,1197.0
1533538845,1196.0
1533538850,1196.0
1533538856,1197.0
1533538862,1197.0
1533538868,1197.0
1533538873,1197.0
1533538879,1197.0
1533538885,1197.0
1533538891,1197.0
1533538897,1197.0
1533538902,1197.0
1533538908,1197.0
1533538913,1197.0
1533538919,1197.0
1533538925,1197.0
1533538930,1197.0
1533538936,1197.0
1533538942,1197.0
1533538947,1197.0
1533538952,1197.0
1533538958,1197.0
1533538964,1196.0
1533538970,1194.0
1533538976,1194.0
1533538982,1195.0
1533538988,1197.0
1533538993,1199.0
1533538998,1201.0
1533539004,1202.0
1533539010,1204.0
1533539015,1205.0
1533539020,1205.0
1533539025,1203.0
1533539030,1202.0
1533539036,1201.0
1533539042,1201.0
1533539047,1201.0
1533539053,1203.0
1533539059,1201.0
1533539065,1199.0
1533539071,1199.0
1533539111,1196.0
1533539117,1197.0
1533539123,1197.0
1533539128,1198.0
1533539134,1199.0
1533539139,1199.0
1533539145,1198.0
1533539150,1198.0
1533539156,1197.0
1533539162,1195.0
1533539168,1192.0
1533539173,1190.0
1533539179,1188.0
1533539185,1186.0
1533539191,1185.0
1533539197,1187.0
1533539208,1188.0
1533539214,1192.0
1533539220,1194.0
1533539225,1194.0
1533539231,1196.0
1533539237,1190.0
1533539243,1190.0
1533539248,1191.0
1533539254,1191.0
1533539260,1191.0
1533539265,1193.0
1533539270,1193.0
1533539275,1193.0
1533539281,1194.0
1533539287,1194.0
1533539293,1194.0
1533539334,1197.0
1533539339,1200.0
1533539345,1201.0
1533539351,1202.0
1533539356,1202.0
1533539361,1202.0
1533539367,1202.0
1533539372,1202.0
1533539378,1202.0
1533539384,1202.0
1533539390,1202.0
1533539402,1202.0
1533539408,1202.0
1533539414,1201.0
1533539420,1200.0
1533539426,1199.0
1533539431,1198.0
1533539437,1197.0
1533539442,1197.0
1533539448,1195.0
1533539453,1195.0
1533539459,1194.0
1533539464,1194.0
1533539470,1193.0
1533539475,1194.0
1533539481,1196.0
1533539487,1197.0
1533539497,1197.0
1533539503,1195.0
1533539508,1195.0
1533539514,1193.0
1533539519,1192.0
1533539559,1190.0
1533539565,1190.0
1533539570,1190.0
1533539575,1190.0
1533539580,1190.0
1533539586,1190.0
1533539592,1190.0
1533539598,1190.0
1533539604,1190.0
1533539610,1190.0
1533539616,1190.0
1533539622,1190.0
1533539628,1190.0
1533539633,1190.0
1533539638,1190.0
1533539644,1190.0
1533539655,1190.0
1533539661,1190.0
1533539666,1190.0
1533539672,1190.0
1533539678,1189.0
1533539684,1189.0
1533539690,1187.0
1533539696,1184.0
1533539702,1180.0
1533539708,1178.0
1533539714,1175.0
1533539753,1183.0
1533539759,1190.0
1533539765,1194.0
1533539770,1198.0
1533539776,1199.0
1533539783,1199.0
1533539789,1199.0
1533539795,1199.0
1533539801,1198.0
1533539807,1199.0
1533539813,1199.0
1533539882,1214.0
1533539888,1215.0
1533539894,1215.0
1533539900,1215.0
1533539906,1216.0
1533539912,1216.0
1533539918,1216.0
1533539923,1217.0
1533539928,1217.0
1533539934,1217.0
1533539940,1216.0
1533539946,1215.0
1533539952,1214.0
1533539958,1215.0
1533539964,1215.0
1533539970,1215.0
1533539982,1214.0
1533539988,1213.0
1533539994,1213.0
1533540000,1213.0
1533540006,1213.0
1533540012,1213.0
1533540018,1213.0
1533540024,1213.0
1533540029,1213.0
1533540035,1213.0
1533540046,1213.0
1533540051,1213.0
1533540057,1213.0
1533540063,1213.0
1533540069,1213.0
1533540075,1213.0
1533540080,1213.0
1533540086,1213.0
1533540092,1213.0
1533540097,1213.0
1533540103,1213.0
1533540109,1213.0
1533540115,1213.0
1533540121,1213.0
1533540127,1213.0
1533540133,1213.0
1533540139,1213.0
1533540145,1213.0
1533540150,1213.0
1533540156,1213.0
1533540162,1213.0
1533540167,1213.0
1533540172,1213.0
1533540178,1213.0
1533540184,1213.0
1533540189,1213.0
1533540195,1213.0
1533540200,1213.0
1533540206,1213.0
1533540212,1213.0
1533540217,1213.0
1533540223,1213.0
1533540228,1213.0
1533540233,1213.0
1533540239,1213.0
1533540245,1213.0
1533540251,1213.0
1533540257,1213.0
1533540263,1213.0
1533540268,1213.0
1533540274,1212.0
1533540280,1212.0
1533540286,1212.0
1533540292,1212.0
1533540298,1212.0
1533540303,1212.0
1533540308,1211.0
1533540314,1211.0
1533540319,1211.0
1533540325,1211.0
1533540330,1211.0
1533540336,1211.0
1533540341,1211.0
1533540347,1211.0
1533540353,1211.0
1533540359,1211.0
1533540365,1211.0
1533540371,1211.0
1533540377,1211.0
1533540382,1211.0
1533540388,1211.0
1533540393,1211.0
1533540399,1211.0
1533540405,1211.0
1533540411,1211.0
1533540417,1211.0
1533540423,1211.0
1533540434,1211.0
1533540439,1211.0
1533540444,1211.0
1533540449,1211.0
1533540454,1211.0
1533540460,1211.0
1533540465,1211.0
1533540470,1212.0
1533540476,1212.0
1533540481,1212.0
1533540487,1212.0
1533540493,1212.0
1533540498,1212.0
1533540504,1212.0
1533540510,1212.0
1533540516,1212.0
1533540522,1212.0
1533540528,1212.0
1533540534,1212.0
1533540540,1211.0
1533540545,1211.0
1533540551,1211.0
1533540562,1211.0
1533540568,1211.0
1533540574,1211.0
1533540580,1211.0
1533540586,1211.0
1533540592,1211.0
1533540598,1211.0
1533540604,1211.0
1533540609,1211.0
1533540614,1211.0
1533540620,1211.0
1533540625,1211.0
1533540630,1211.0
1533540636,1211.0
1533540641,1211.0
1533540647,1211.0
1533540653,1211.0
1533540658,1212.0
1533540664,1213.0
1533540670,1214.0
1533540676,1215.0
1533540682,1216.0
1533540688,1216.0
1533540693,1217.0
1533540698,1218.0
1533540704,1219.0
1533540710,1220.0
1533540716,1220.0
1533540722,1221.0
1533540728,1222.0
1533540734,1222.0
1533540740,1221.0
1533540746,1220.0
1533540752,1219.0
1533540757,1219.0
1533540763,1219.0
1533540768,1218.0
1533540774,1218.0
1533540785,1214.0
1533540791,1214.0
1533540796,1213.0
1533540802,1212.0
1533540807,1211.0
1533540818,1209.0
1533540824,1209.0
1533540830,1208.0
1533540835,1206.0
1533540840,1204.0
1533540846,1203.0
1533540852,1201.0
1533540857,1201.0
1533540863,1201.0
1533540869,1201.0
1533540875,1201.0
1533540942,1211.0
1533540948,1212.0
1533540953,1212.0
1533540959,1215.0
1533540964,1216.0
1533540969,1218.0
1533540975,1220.0
1533540980,1220.0
1533540986,1222.0
1533540991,1224.0
1533540997,1223.0
1533541003,1222.0
1533541009,1222.0
1533541014,1222.0
1533541020,1221.0
1533541026,1220.0
1533541032,1220.0
1533541043,1220.0
1533541049,1221.0
1533541055,1222.0
1533541061,1221.0
1533541067,1219.0
1533541073,1218.0
1533541079,1216.0
1533541084,1215.0
1533541090,1216.0
1533541095,1216.0
1533541101,1216.0
1533541106,1216.0
1533541112,1216.0
1533541118,1216.0
1533541123,1216.0
1533541129,1216.0
1533541134,1215.0
1533541139,1215.0
1533541145,1215.0
1533541151,1215.0
1533541156,1215.0
1533541162,1215.0
1533541168,1215.0
1533541173,1215.0
1533541178,1216.0
1533541184,1216.0
1533541189,1216.0
1533541195,1216.0
1533541201,1216.0
1533541206,1216.0
1533541212,1216.0
1533541217,1216.0
1533541223,1216.0
1533541228,1216.0
1533541234,1216.0
1533541239,1216.0
1533541244,1216.0
1533541250,1216.0
1533541256,1216.0
1533541262,1216.0
1533541267,1216.0
1533541273,1215.0
1533541279,1214.0
1533541285,1213.0
1533541290,1212.0
1533541296,1209.0
1533541302,1209.0
1533541307,1209.0
1533541313,1212.0
1533541318,1212.0
1533541324,1213.0
1533541364,1216.0
1533541370,1213.0
1533541376,1210.0
1533541381,1207.0
1533541387,1206.0
1533541393,1205.0
1533541399,1204.0
1533541404,1202.0
1533541410,1199.0
1533541416,1201.0
1533541422,1202.0
1533541428,1203.0
1533541434,1205.0
1533541439,1208.0
1533541445,1210.0
1533541450,1210.0
1533541456,1212.0
1533541461,1212.0
1533541467,1211.0
1533541473,1214.0
1533541479,1216.0
1533541485,1216.0
1533541491,1215.0
1533541496,1215.0
1533541501,1214.0
1533541507,1213.0
1533541513,1212.0
1533541518,1213.0
1533541524,1214.0
1533541530,1213.0
1533541536,1213.0
1533541542,1212.0
1533541548,1213.0
1533541553,1212.0
1533541559,1212.0
1533541565,1212.0
1533541571,1212.0
1533541577,1212.0
1533541582,1212.0
1533541588,1212.0
1533541593,1212.0
1533541598,1212.0
1533541604,1212.0
1533541610,1212.0
1533541616,1212.0
1533541622,1212.0
1533541628,1212.0
1533541634,1212.0
1533541639,1212.0
1533541645,1212.0
1533541651,1212.0
1533541657,1212.0
1533541663,1212.0
1533541668,1212.0
1533541673,1212.0
1533541679,1212.0
1533541684,1212.0
1533541690,1212.0
1533541696,1212.0
1533541701,1212.0
1533541706,1212.0
1533541712,1212.0
1533541718,1213.0
1533541724,1213.0
1533541730,1212.0
1533541736,1212.0
1533541741,1212.0
1533541747,1212.0
1533541753,1212.0
1533541759,1212.0
1533541765,1212.0
1533541770,1212.0
1533541776,1212.0
1533541781,1212.0
1533541786,1212.0
1533541792,1212.0
1533541798,1212.0
1533541803,1212.0
1533541808,1212.0
1533541814,1212.0
1533541819,1212.0
1533541824,1212.0
1533541830,1212.0
1533541835,1212.0
1533541841,1212.0
1533541846,1212.0
1533541852,1212.0
1533541858,1212.0
1533541864,1213.0
1533541870,1213.0
1533541875,1213.0
1533541880,1213.0
1533541886,1213.0
1533541892,1213.0
1533541898,1213.0
1533541903,1212.0
1533541909,1212.0
1533541914,1211.0
1533541919,1210.0
1533541925,1210.0
1533541930,1210.0
1533541935,1210.0
1533541941,1210.0
1533541946,1210.0
1533541952,1210.0
1533541958,1210.0
1533541963,1210.0
1533541969,1210.0
1533541975,1210.0
1533541981,1210.0
1533541986,1210.0
1533541992,1210.0
1533541997,1210.0
1533542002,1210.0
1533542008,1211.0
1533542013,1211.0
1533542019,1211.0
1533542024,1211.0
1533542029,1211.0
1533542040,1211.0
1533542046,1211.0
1533542052,1211.0
1533542058,1211.0
1533542063,1212.0
1533542069,1212.0
1533542075,1213.0
1533542081,1213.0
1533542086,1213.0
1533542091,1213.0
1533542097,1213.0
1533542102,1213.0
1533542107,1213.0
1533542113,1213.0
1533542119,1213.0
1533542124,1213.0
1533542130,1213.0
1533542135,1213.0
1533542141,1213.0
1533542147,1213.0
1533542152,1213.0
1533542158,1213.0
1533542169,1213.0
1533542175,1213.0
1533542181,1213.0
1533542187,1213.0
1533542193,1213.0
1533542198,1213.0
1533542203,1213.0
1533542209,1213.0
1533542214,1213.0
1533542220,1213.0
1533542225,1213.0
1533542231,1214.0
1533542236,1214.0
1533542242,1214.0
1533542247,1214.0
1533542253,1214.0
1533542258,1213.0
1533542263,1213.0
1533542269,1213.0
1533542275,1213.0
1533542281,1213.0
1533542286,1213.0
1533542298,1213.0
1533542303,1213.0
1533542315,1213.0
1533542321,1213.0
1533542326,1213.0
1533542331,1213.0
1533542337,1213.0
1533542343,1213.0
1533542348,1213.0
1533542354,1213.0
1533542359,1213.0
1533542365,1213.0
1533542371,1213.0
1533542377,1213.0
1533542383,1213.0
1533542394,1214.0
1533538801,1198.0
1533538807,1198.0
1533538813,1199.0
1533538818,1199.0
1533538824,1201.0
1533538835,1203.0
1533538841,1205.0
1533538846,1206.0
1533538852,1206.0
1533538857,1207.0
1533538863,1208.0
1533538868,1209.0
1533538874,1210.0
1533538880,1211.0
1533538885,1212.0
1533538891,1211.0
1533538897,1212.0
1533538903,1212.0
1533538909,1213.0
1533538915,1214.0
1533538921,1215.0
1533538927,1217.0
1533538932,1218.0
1533538938,1220.0
1533538943,1221.0
1533538949,1223.0
1533538955,1224.0
1533538960,1226.0
1533538966,1226.0
1533538971,1230.0
1533538976,1232.0
1533538981,1233.0
1533538987,1234.0
1533538993,1236.0
1533538999,1236.0
1533539005,1237.0
1533539011,1239.0
1533539017,1240.0
1533539028,1242.0
1533539034,1244.0
1533539040,1245.0
1533539046,1247.0
1533539051,1248.0
1533539058,1249.0
1533539064,1250.0
1533539070,1252.0
1533539075,1253.0
1533539080,1254.0
1533539085,1256.0
1533539091,1257.0
1533539096,1259.0
1533539101,1260.0
1533539107,1260.0
1533539113,1261.0
1533539119,1261.0
1533539125,1262.0
1533539131,1262.0
1533539137,1261.0
1533539143,1261.0
1533539148,1264.0
1533539154,1264.0
1533539160,1263.0
1533539166,1263.0
1533539171,1263.0
1533539177,1263.0
1533539182,1263.0
1533539187,1263.0
1533539193,1263.0
1533539199,1263.0
1533539205,1263.0
1533539210,1263.0
1533539215,1263.0
1533539221,1263.0
1533539227,1263.0
1533539232,1263.0
1533539238,1263.0
1533539243,1263.0
1533539255,1263.0
1533539260,1263.0
1533539266,1263.0
1533539271,1263.0
1533539276,1263.0
1533539287,1262.0
1533539293,1262.0
1533539299,1262.0
1533539305,1261.0
1533539311,1260.0
1533539317,1259.0
1533539322,1259.0
1533539328,1258.0
1533539333,1257.0
1533539339,1257.0
1533539345,1255.0
1533539350,1254.0
1533539356,1251.0
1533539361,1248.0
1533539367,1246.0
1533539372,1244.0
1533539383,1237.0
1533539389,1234.0
1533539395,1232.0
1533539401,1230.0
1533539406,1227.0
1533539412,1223.0
1533539417,1221.0
1533539423,1218.0
1533539428,1215.0
1533539433,1216.0
1533539439,1216.0
1533539445,1216.0
1533539451,1214.0
1533539456,1211.0
1533539462,1207.0
1533539467,1205.0
1533539473,1203.0
1533539479,1201.0
1533539484,1200.0
1533539490,1199.0
1533539495,1198.0
1533539501,1195.0
1533539506,1192.0
1533539512,1190.0
1533539517,1188.0
1533539523,1188.0
1533539529,1188.0
1533539535,1186.0
1533539541,1184.0
1533539546,1183.0
1533539551,1183.0
1533539557,1177.0
1533539563,1175.0
1533539569,1171.0
1533539575,1171.0
1533539580,1171.0
1533539586,1170.0
1533539591,1170.0
1533539597,1170.0
1533539607,1170.0
1533539613,1170.0
1533539618,1170.0
1533539623,1168.0
1533539629,1166.0
1533539635,1164.0
1533539640,1163.0
1533539646,1162.0
1533539652,1162.0
1533539658,1162.0
1533539664,1162.0
1533539670,1162.0
1533539676,1162.0
1533539682,1162.0
1533539687,1162.0
1533539693,1162.0
1533539699,1162.0
1533539705,1162.0
1533539711,1162.0
1533539717,1162.0
1533539723,1162.0
1533539729,1162.0
1533539735,1162.0
1533539741,1162.0
1533539747,1162.0
1533539753,1162.0
1533539759,1162.0
1533539765,1162.0
1533539770,1162.0
1533539775,1162.0
1533539780,1162.0
1533539785,1161.0
1533539791,1161.0
1533539797,1161.0
1533539803,1161.0
1533539809,1161.0
1533539814,1161.0
1533539819,1161.0
1533539825,1161.0
1533539831,1161.0
1533539837,1162.0
1533539842,1163.0
1533539847,1163.0
1533539853,1164.0
1533539859,1165.0
1533539864,1165.0
1533539869,1166.0
1533539875,1167.0
1533539881,1168.0
1533539887,1168.0
1533539893,1167.0
1533539899,1168.0
1533539905,1169.0
1533539911,1170.0
1533539916,1171.0
1533539922,1172.0
1533539928,1172.0
1533539934,1173.0
1533539939,1174.0
1533539945,1176.0
1533539951,1177.0
1533539958,1178.0
1533539964,1180.0
1533539970,1182.0
1533539976,1183.0
1533539982,1184.0
1533539988,1185.0
1533539994,1185.0
1533539999,1187.0
1533540005,1189.0
1533540011,1189.0
1533540016,1189.0
1533540027,1190.0
1533540033,1191.0
1533540039,1192.0
1533540045,1193.0
1533540050,1193.0
1533540061,1195.0
1533540067,1195.0
1533540073,1196.0
1533540079,1197.0
1533540085,1197.0
1533540091,1197.0
1533540096,1197.0
1533540102,1198.0
1533540107,1198.0
1533540113,1199.0
1533540118,1199.0
1533540123,1199.0
1533540129,1201.0
1533540135,1202.0
1533540140,1203.0
1533540146,1204.0
1533540157,1207.0
1533540162,1208.0
1533540168,1209.0
1533540174,1211.0
1533540180,1211.0
1533540186,1213.0
1533540191,1214.0
1533540197,1215.0
1533540203,1216.0
1533540209,1217.0
1533540215,1218.0
1533540220,1219.0
1533540226,1220.0
1533540231,1222.0
1533540236,1224.0
1533540241,1225.0
1533540247,1227.0
1533540253,1228.0
1533540259,1229.0
1533540264,1231.0
1533540269,1232.0
1533540275,1233.0
1533540281,1235.0
1533540287,1236.0
1533540293,1237.0
1533540299,1237.0
1533540304,1238.0
1533540309,1239.0
1533540315,1240.0
1533540321,1242.0
1533540326,1243.0
1533540331,1244.0
1533540336,1245.0
1533540342,1246.0
1533540348,1247.0
1533540354,1249.0
1533540360,1250.0
1533540365,1251.0
1533540371,1251.0
1533540377,1253.0
1533540383,1254.0
1533540388,1255.0
1533540394,1256.0
1533540399,1257.0
1533540405,1259.0
1533540411,1260.0
1533540416,1261.0
1533540421,1261.0
1533540427,1260.0
1533540433,1260.0
1533540438,1260.0
1533540443,1260.0
1533540449,1261.0
1533540454,1261.0
1533540460,1261.0
1533540465,1261.0
1533540470,1261.0
1533540475,1261.0
1533540481,1262.0
1533540487,1262.0
1533540493,1262.0
1533540498,1262.0
1533540509,1262.0
1533540514,1262.0
1533540520,1261.0
1533540526,1261.0
1533540532,1261.0
1533540538,1261.0
1533540544,1261.0
1533540550,1261.0
1533540556,1261.0
1533540562,1261.0
1533540567,1261.0
1533540572,1261.0
1533540577,1261.0
1533540583,1260.0
1533540589,1260.0
1533540594,1260.0
1533540600,1261.0
1533540605,1261.0
1533540611,1262.0
1533540617,1262.0
1533540622,1263.0
1533540628,1262.0
1533540633,1262.0
1533540638,1262.0
1533540643,1262.0
1533540649,1262.0
1533540655,1261.0
1533540661,1260.0
1533540666,1260.0
1533540672,1259.0
1533540678,1258.0
1533540684,1258.0
1533540690,1257.0
1533540696,1257.0
1533540701,1257.0
1533540707,1256.0
1533540712,1255.0
1533540718,1253.0
1533540723,1251.0
1533540734,1247.0
1533540739,1245.0
1533540745,1243.0
1533540751,1240.0
1533540757,1237.0
1533540763,1235.0
1533540769,1232.0
1533540775,1228.0
1533540781,1227.0
1533540787,1225.0
1533540799,1218.0
1533540805,1208.0
1533540811,1204.0
1533540817,1200.0
1533540823,1199.0
1533540829,1197.0
1533540835,1194.0
1533540841,1192.0
1533540847,1189.0
1533540853,1187.0
1533540859,1186.0
1533540864,1185.0
1533540870,1184.0
1533540875,1184.0
1533540881,1183.0
1533540887,1181.0
1533540892,1180.0
1533540897,1179.0
1533540903,1179.0
1533540908,1178.0
1533540914,1178.0
1533540920,1175.0
1533540926,1172.0
1533540932,1168.0
1533540937,1166.0
1533540943,1163.0
1533540948,1161.0
1533540954,1162.0
1533540959,1160.0
1533540965,1159.0
1533540971,1159.0
1533540977,1158.0
1533540982,1158.0
1533540993,1159.0
1533540999,1159.0
1533541005,1159.0
1533541010,1158.0
1533541015,1157.0
1533541021,1156.0
1533541026,1155.0
1533541032,1155.0
1533541038,1155.0
1533541043,1155.0
1533541049,1155.0
1533541054,1155.0
1533541059,1155.0
1533541065,1155.0
1533541070,1155.0
1533541076,1155.0
1533541081,1155.0
1533541087,1155.0
1533541093,1155.0
1533541099,1155.0
1533541105,1155.0
1533541111,1155.0
1533541117,1155.0
1533541123,1155.0
1533541129,1155.0
1533541135,1155.0
1533541141,1155.0
1533541147,1155.0
1533541152,1155.0
1533541159,1155.0
1533541164,1155.0
1533541170,1154.0
1533541175,1154.0
1533541187,1155.0
1533541192,1156.0
1533541198,1157.0
1533541204,1158.0
1533541209,1159.0
1533541215,1159.0
1533541221,1159.0
1533541227,1160.0
1533541233,1162.0
1533541238,1163.0
1533541244,1163.0
1533541249,1164.0
1533541255,1165.0
1533541260,1165.0
1533541266,1166.0
1533541272,1167.0
1533541278,1168.0
1533541283,1169.0
1533541289,1171.0
1533541295,1172.0
1533541301,1173.0
1533541307,1175.0
1533541312,1176.0
1533541318,1179.0
1533541323,1181.0
1533541328,1182.0
1533541333,1183.0
1533541339,1184.0
1533541345,1184.0
1533541350,1185.0
1533541355,1186.0
1533541361,1187.0
1533541366,1188.0
1533541371,1188.0
1533541376,1189.0
1533541381,1189.0
1533541387,1189.0
1533541393,1191.0
1533541399,1193.0
1533541411,1192.0
1533541416,1191.0
1533541422,1191.0
1533541427,1193.0
1533541433,1194.0
1533541438,1195.0
1533541444,1197.0
1533541449,1198.0
1533541455,1200.0
1533541460,1201.0
1533541465,1203.0
1533541471,1203.0
1533541477,1205.0
1533541483,1207.0
1533541489,1208.0
1533541495,1209.0
1533541501,1210.0
1533541507,1212.0
1533541513,1215.0
1533541519,1216.0
1533541525,1217.0
1533541531,1219.0
1533541536,1220.0
1533541542,1221.0
1533541548,1223.0
1533541553,1224.0
1533541559,1225.0
1533541564,1226.0
1533541569,1227.0
1533541575,1228.0
1533541581,1229.0
1533541586,1229.0
1533541592,1231.0
1533541597,1231.0
1533541603,1232.0
1533541615,1235.0
1533541621,1236.0
1533541627,1237.0
1533541633,1239.0
1533541638,1240.0
1533541644,1242.0
1533541650,1243.0
1533541656,1245.0
1533541661,1246.0
1533541666,1247.0
1533541672,1249.0
1533541677,1250.0
1533541683,1251.0
1533541689,1252.0
1533541695,1253.0
1533541701,1253.0
1533541707,1253.0
1533541712,1253.0
1533541717,1253.0
1533541722,1253.0
1533541728,1255.0
1533541733,1255.0
1533541739,1255.0
1533541745,1255.0
1533541751,1256.0
1533541759,1256.0
1533541764,1256.0
1533541770,1256.0
1533541776,1256.0
1533541781,1256.0
1533541786,1256.0
1533541798,1256.0
1533541804,1256.0
1533541810,1256.0
1533541816,1256.0
1533541822,1256.0
1533541828,1256.0
1533541834,1256.0
1533541840,1256.0
1533541845,1256.0
1533541850,1256.0
1533541856,1256.0
1533541861,1257.0
1533541867,1257.0
1533541873,1257.0
1533541878,1257.0
1533541884,1256.0
1533541889,1256.0
1533541894,1256.0
1533541899,1256.0
1533541905,1254.0
1533541911,1253.0
1533541917,1253.0
1533541923,1253.0
1533541929,1252.0
1533541935,1251.0
1533541940,1251.0
1533541945,1249.0
1533541951,1247.0
1533541957,1243.0
1533541962,1241.0
1533541967,1239.0
1533541973,1236.0
1533541979,1232.0
1533541991,1226.0
1533541996,1225.0
1533542002,1223.0
1533542008,1220.0
1533542014,1215.0
1533542020,1212.0
1533542025,1210.0
1533542030,1207.0
1533542035,1205.0
1533542041,1205.0
1533542046,1205.0
1533542052,1203.0
1533542057,1200.0
1533542062,1198.0
1533542068,1195.0
1533542074,1194.0
1533542079,1192.0
1533542085,1190.0
1533542091,1190.0
1533542096,1190.0
1533542101,1190.0
1533542107,1189.0
1533542113,1188.0
1533542118,1187.0
1533542124,1186.0
1533542129,1184.0
1533542134,1183.0
1533542140,1183.0
1533542146,1180.0
1533542151,1177.0
1533542156,1175.0
1533542162,1171.0
1533542167,1168.0
1533542173,1166.0
1533542185,1163.0
1533542191,1162.0
1533542197,1159.0
1533542202,1157.0
1533542208,1155.0
1533542213,1155.0
1533542219,1154.0
1533542225,1154.0
1533542231,1153.0
1533542237,1152.0
1533542242,1151.0
1533542248,1149.0
1533542254,1149.0
1533542260,1149.0
1533542265,1149.0
1533542271,1149.0
1533542276,1148.0
1533542281,1148.0
1533542287,1148.0
1533542293,1148.0
1533542298,1148.0
1533542304,1149.0
1533542310,1149.0
1533542316,1149.0
1533542322,1149.0
1533542327,1149.0
1533542333,1149.0
1533542344,1149.0
1533542349,1149.0
1533542354,1149.0
1533542359,1149.0
1533542365,1149.0
1533542371,1149.0
1533542376,1149.0
1533542381,1149.0
1533542387,1148.0
1533542392,1147.0
1533542398,1146.0
1533542403,1252.0
1533542408,1252.0
1533542414,1252.0
1533542420,1252.0
1533542426,1252.0
1533542431,1252.0
1533542437,1252.0
1533542443,1251.0
1533542448,1251.0
1533542453,1251.0
1533542459,1251.0
1533542465,1251.0
1533542470,1250.0
1533542476,1250.0
1533542481,1250.0
1533542486,1250.0
1533542491,1250.0
1533542497,1251.0
1533542503,1251.0
1533542508,1252.0
1533542514,1252.0
1533542524,1251.0
1533542529,1250.0
1533542534,1246.0
1533542539,1242.0
1533542545,1235.0
1533542551,1228.0
1533542557,1222.0
1533542563,1218.0
1533542568,1215.0
1533542574,1212.0
1533542579,1209.0
1533542584,1208.0
1533542589,1205.0
1533542595,1203.0
1533542601,1201.0
1533542606,1201.0
1533542612,1201.0
1533542617,1201.0
1533542623,1201.0
1533542629,1201.0
1533542634,1201.0
1533542640,1201.0
1533542645,1202.0
1533542651,1202.0
1533542656,1202.0
1533542661,1202.0
1533542667,1202.0
1533542672,1202.0
1533542677,1203.0
1533542683,1204.0
1533542688,1205.0
1533542693,1208.0
1533542699,1210.0
1533542705,1211.0
1533542711,1211.0
1533542716,1211.0
1533542722,1210.0
1533542728,1210.0
1533542734,1210.0
1533542739,1209.0
1533542745,1209.0
1533542750,1208.0
1533542756,1208.0
1533542767,1207.0
1533542773,1207.0
1533542778,1207.0
1533542784,1207.0
1533542789,1207.0
1533542795,1207.0
1533542800,1207.0
1533542806,1207.0
1533542811,1207.0
1533542817,1207.0
1533542822,1207.0
1533542828,1207.0
1533542834,1207.0
1533542840,1206.0
1533542846,1206.0
1533542852,1206.0
1533542858,1206.0
1533542864,1206.0
1533542870,1206.0
1533542876,1206.0
1533542882,1206.0
1533542887,1206.0
1533542893,1206.0
1533542899,1206.0
1533542905,1206.0
1533542910,1206.0
1533542916,1206.0
1533542922,1206.0
1533542927,1206.0
1533542933,1206.0
1533542939,1206.0
1533542950,1206.0
1533542956,1206.0
1533542961,1206.0
1533542967,1206.0
1533542972,1206.0
1533542977,1206.0
1533542982,1206.0
1533542988,1206.0
1533542994,1206.0
1533543000,1206.0
1533543006,1206.0
1533543011,1206.0
1533543016,1206.0
1533543021,1206.0
1533543027,1206.0
1533543032,1206.0
1533543038,1206.0
1533543044,1206.0
1533543049,1207.0
1533543055,1208.0
1533543060,1210.0
1533543065,1211.0
1533543070,1211.0
1533543076,1211.0
1533543082,1211.0
1533543088,1211.0
1533543094,1211.0
1533543100,1211.0
1533543106,1211.0
1533543112,1211.0
1533543118,1211.0
1533543124,1211.0
1533543130,1211.0
1533543136,1211.0
1533543142,1211.0
1533543148,1210.0
1533543154,1210.0
1533543160,1210.0
1533543166,1210.0
1533543172,1210.0
1533543178,1210.0
1533543184,1210.0
1533543189,1210.0
1533543195,1210.0
1533543200,1210.0
1533543206,1210.0
1533543212,1210.0
1533543218,1210.0
1533543224,1210.0
1533543229,1210.0
1533543234,1210.0
1533543240,1210.0
1533543246,1210.0
1533543251,1210.0
1533543257,1210.0
1533543262,1210.0
1533543268,1210.0
1533543274,1210.0
1533543280,1210.0
1533543285,1210.0
1533543291,1210.0
1533543297,1210.0
1533543302,1210.0
1533543308,1210.0
1533543313,1210.0
1533543319,1210.0
1533543325,1210.0
1533543331,1210.0
1533543337,1210.0
1533543343,1210.0
1533543348,1210.0
1533543354,1210.0
1533543359,1210.0
1533543365,1210.0
1533543371,1210.0
1533543377,1210.0
1533543383,1210.0
1533543388,1210.0
1533543394,1210.0
1533543399,1210.0
1533543405,1210.0
1533543410,1210.0
1533543415,1210.0
1533543421,1210.0
1533543426,1210.0
1533543432,1210.0
1533543438,1210.0
1533543444,1210.0
1533543450,1210.0
1533543455,1210.0
1533543460,1210.0
1533543466,1210.0
1533543472,1210.0
1533543477,1210.0
1533543483,1210.0
1533543494,1210.0
1533543500,1210.0
1533543506,1210.0
1533543512,1210.0
1533543518,1210.0
1533543524,1210.0
1533543529,1210.0
1533543534,1210.0
1533543539,1210.0
1533543545,1209.0
1533543550,1209.0
1533543555,1210.0
1533543560,1210.0
1533543566,1210.0
1533543572,1210.0
1533543578,1210.0
1533543584,1209.0
1533543590,1209.0
1533543595,1209.0
1533543600,1209.0
1533543606,1209.0
1533543611,1209.0
1533543617,1209.0
1533543622,1209.0
1533543627,1209.0
1533543632,1209.0
1533543637,1209.0
1533543643,1209.0
1533543648,1209.0
1533543654,1209.0
1533543659,1209.0
1533543665,1209.0
1533543670,1209.0
1533543676,1209.0
1533543681,1209.0
1533543686,1208.0
1533543692,1208.0
1533543698,1208.0
1533543703,1208.0
1533543709,1208.0
1533543714,1208.0
1533543719,1208.0
1533543725,1207.0
1533543731,1206.0
1533543737,1206.0
1533543742,1206.0
1533543748,1206.0
1533543754,1206.0
1533543759,1206.0
1533543764,1206.0
1533543770,1206.0
1533543776,1206.0
1533543782,1206.0
1533543788,1206.0
1533543794,1206.0
1533543799,1206.0
1533543804,1206.0
1533543810,1206.0
1533543816,1206.0
1533543821,1206.0
1533543827,1206.0
1533543833,1206.0
1533543838,1206.0
1533543844,1206.0
1533543849,1206.0
1533543854,1206.0
1533543860,1206.0
1533543866,1206.0
1533543872,1206.0
1533543878,1206.0
1533543884,1206.0
1533543890,1206.0
1533543896,1206.0
1533543902,1206.0
1533543907,1206.0
1533543913,1206.0
1533543918,1206.0
1533543924,1206.0
1533543930,1206.0
1533543936,1206.0
1533543942,1206.0
1533543947,1206.0
1533543953,1206.0
1533543958,1206.0
1533543963,1206.0
1533543968,1206.0
1533543980,1206.0
1533543986,1206.0
1533543992,1206.0
1533543998,1206.0
1533544003,1206.0
1533544008,1206.0
1533544014,1206.0
1533544019,1206.0
1533544025,1206.0
1533544030,1206.0
1533544035,1206.0
1533544040,1206.0
1533544046,1206.0
1533544052,1206.0
1533544058,1206.0
1533544064,1206.0
1533544069,1206.0
1533544075,1206.0
1533544081,1206.0
1533544086,1206.0
1533544092,1206.0
1533544097,1206.0
1533544103,1206.0
1533544109,1206.0
1533544115,1206.0
1533544121,1206.0
1533544127,1206.0
1533544132,1206.0
1533544138,1206.0
1533544143,1206.0
1533544148,1206.0
1533544154,1206.0
1533544160,1206.0
1533544166,1206.0
1533544172,1206.0
1533544178,1206.0
1533544184,1207.0
1533544190,1208.0
1533544196,1208.0
1533544202,1208.0
1533544208,1208.0
1533544214,1206.0
1533544220,1204.0
1533544225,1204.0
1533544231,1200.0
1533544236,1199.0
1533544242,1198.0
1533544247,1196.0
1533544253,1195.0
1533544258,1195.0
1533544264,1198.0
1533544270,1199.0
1533544276,1201.0
1533544281,1202.0
1533544287,1204.0
1533544292,1206.0
1533544298,1209.0
1533544304,1211.0
1533544310,1214.0
1533544316,1215.0
1533544322,1216.0
1533544328,1216.0
1533544333,1216.0
1533544344,1217.0
1533544349,1218.0
1533544355,1219.0
1533544360,1220.0
1533544366,1221.0
1533544372,1221.0
1533544377,1223.0
1533544383,1225.0
1533544389,1227.0
1533544394,1230.0
1533544400,1232.0
1533544405,1233.0
1533544411,1234.0
1533544416,1236.0
1533544422,1236.0
1533544427,1242.0
1533544432,1246.0
1533544438,1250.0
1533544443,1251.0
1533544448,1250.0
1533544453,1252.0
1533544465,1249.0
1533544470,1249.0
1533544476,1248.0
1533544482,1249.0
1533544488,1250.0
1533544493,1252.0
1533544499,1252.0
1533544505,1252.0
1533544511,1253.0
1533544517,1254.0
1533544522,1255.0
1533544528,1254.0
1533544534,1255.0
1533544539,1256.0
1533544544,1256.0
1533544549,1256.0
1533544554,1256.0
1533544559,1256.0
1533544564,1256.0
1533544569,1256.0
1533544575,1256.0
1533544586,1256.0
1533544591,1256.0
1533544597,1256.0
1533544602,1256.0
1533544607,1256.0
1533544612,1255.0
1533544618,1255.0
1533544623,1255.0
1533544629,1255.0
1533544634,1255.0
1533544640,1256.0
1533544645,1256.0
1533544651,1255.0
1533544657,1253.0
1533544663,1249.0
1533544668,1246.0
1533544673,1242.0
1533544679,1238.0
1533544685,1232.0
1533544691,1229.0
1533544697,1225.0
1533544702,1221.0
1533544708,1217.0
1533544714,1215.0
1533544720,1211.0
1533544726,1208.0
1533544731,1206.0
1533544737,1202.0
1533544742,1201.0
1533544747,1202.0
1533544753,1200.0
1533544758,1199.0
1533544764,1197.0
1533544770,1195.0
1533544775,1195.0
1533544781,1195.0
1533544787,1195.0
1533544793,1196.0
1533544799,1198.0
1533544805,1199.0
1533544811,1203.0
1533544817,1204.0
1533544822,1205.0
1533544828,1206.0
1533544833,1207.0
1533544838,1207.0
1533544844,1209.0
1533544850,1210.0
1533544855,1210.0
1533544860,1210.0
1533544865,1211.0
1533544871,1212.0
1533544877,1211.0
1533544888,1212.0
1533544893,1212.0
1533544899,1212.0
1533544904,1212.0
1533544909,1212.0
1533544915,1212.0
1533544921,1212.0
1533544926,1212.0
1533544932,1212.0
1533544939,1212.0
1533544944,1212.0
1533544949,1212.0
1533544955,1212.0
1533544961,1212.0
1533544966,1212.0
1533544972,1212.0
1533544977,1212.0
1533544983,1212.0
1533544988,1213.0
1533544994,1213.0
1533545000,1213.0
1533545006,1214.0
1533545012,1214.0
1533545018,1214.0
1533545024,1214.0
1533545029,1214.0
1533545035,1214.0
1533545669,1218.0
1533545674,1219.0
1533545680,1226.0
1533545686,1234.0
1533545692,1236.0
1533545707,1231.0
1533545713,1231.0
1533545719,1231.0
1533545725,1231.0
1533545731,1231.0
1533545737,1231.0
1533545742,1231.0
1533545747,1229.0
1533545752,1228.0
1533545758,1228.0
1533545763,1228.0
1533545768,1228.0
1533545773,1228.0
1533545779,1228.0
1533545784,1228.0
1533545790,1228.0
1533545795,1228.0
1533545800,1228.0
1533545806,1228.0
1533545812,1228.0
1533545817,1227.0
1533545823,1226.0
1533545829,1225.0
1533545835,1224.0
1533545840,1223.0
1533545846,1221.0
1533545852,1219.0
1533545858,1217.0
1533545864,1212.0
1533545869,1210.0
1533545874,1206.0
1533545880,1203.0
1533545886,1202.0
1533545892,1202.0
1533545897,1201.0
1533545902,1200.0
1533545908,1202.0
1533545914,1205.0
1533545919,1208.0
1533545924,1210.0
1533545930,1213.0
1533545936,1216.0
1533545941,1218.0
1533545947,1219.0
1533545953,1220.0
1533545959,1222.0
1533545964,1222.0
1533545970,1224.0
1533545976,1227.0
1533545982,1228.0
1533545988,1231.0
1533545993,1231.0
1533545999,1232.0
1533542400,1211.0
1533542406,1211.0
1533542411,1211.0
1533542417,1211.0
1533542422,1211.0
1533542428,1211.0
1533542434,1211.0
1533542440,1211.0
1533542446,1211.0
1533542456,1211.0
1533542461,1211.0
1533542467,1211.0
1533542473,1211.0
1533542478,1211.0
1533542484,1211.0
1533542490,1211.0
1533542495,1211.0
1533542501,1211.0
1533542507,1211.0
1533542512,1211.0
1533542517,1211.0
1533542522,1212.0
1533542528,1214.0
1533542534,1215.0
1533542540,1216.0
1533542546,1217.0
1533542551,1218.0
1533542557,1218.0
1533542563,1218.0
1533542568,1218.0
1533542574,1218.0
1533542585,1218.0
1533542590,1218.0
1533542595,1218.0
1533542601,1218.0
1533542606,1218.0
1533542612,1218.0
1533542618,1218.0
1533542624,1218.0
1533542630,1218.0
1533542636,1218.0
1533542642,1218.0
1533542648,1218.0
1533542653,1218.0
1533542659,1218.0
1533542665,1218.0
1533542670,1218.0
1533542676,1218.0
1533542681,1218.0
1533542687,1217.0
1533542693,1217.0
1533542698,1217.0
1533542704,1216.0
1533542709,1216.0
1533542714,1216.0
1533542720,1216.0
1533542726,1216.0
1533542731,1216.0
1533542737,1216.0
1533542742,1216.0
1533542748,1216.0
1533542754,1216.0
1533542759,1216.0
1533542764,1216.0
1533542770,1216.0
1533542776,1216.0
1533542782,1216.0
1533542788,1216.0
1533542794,1216.0
1533542799,1216.0
1533542805,1216.0
1533542810,1216.0
1533542816,1216.0
1533542822,1216.0
1533542828,1216.0
1533542834,1216.0
1533542840,1216.0
1533542845,1216.0
1533542851,1216.0
1533542856,1216.0
1533542862,1216.0
1533542867,1216.0
1533542873,1216.0
1533542879,1217.0
1533542884,1216.0
1533542890,1216.0
1533542895,1216.0
1533542900,1216.0
1533542906,1216.0
1533542912,1216.0
1533542918,1216.0
1533542924,1216.0
1533542930,1216.0
1533542936,1216.0
1533542942,1216.0
1533542948,1216.0
1533542954,1216.0
1533542960,1216.0
1533542972,1216.0
1533542978,1216.0
1533542984,1216.0
1533542990,1216.0
1533542996,1216.0
1533543002,1216.0
1533543008,1216.0
1533543014,1216.0
1533543020,1216.0
1533543026,1216.0
1533543032,1216.0
1533543038,1216.0
1533543044,1216.0
1533543050,1215.0
1533543056,1215.0
1533543062,1215.0
1533543098,1208.0
1533543104,1208.0
1533543110,1208.0
1533543116,1207.0
1533543122,1208.0
1533543135,1209.0
1533543140,1209.0
1533543146,1208.0
1533543152,1207.0
1533543158,1206.0
1533543163,1206.0
1533543169,1217.0
1533543175,1217.0
1533543181,1216.0
1533543186,1213.0
1533543198,1210.0
1533543204,1209.0
1533543210,1208.0
1533543216,1208.0
1533543222,1209.0
1533543228,1210.0
1533543234,1211.0
1533543239,1212.0
1533543245,1212.0
1533543250,1214.0
1533543256,1215.0
1533543261,1216.0
1533543266,1216.0
1533543272,1216.0
1533543278,1218.0
1533543284,1220.0
1533543290,1220.0
1533543296,1220.0
1533543301,1219.0
1533543307,1218.0
1533543313,1217.0
1533543319,1219.0
1533543325,1219.0
1533543330,1222.0
1533543336,1223.0
1533543341,1224.0
1533543347,1224.0
1533543352,1223.0
1533543358,1222.0
1533543364,1224.0
1533543369,1225.0
1533543375,1225.0
1533543380,1227.0
1533543386,1228.0
1533543392,1228.0
1533543398,1232.0
1533543404,1233.0
1533543410,1233.0
1533543420,1234.0
1533543426,1237.0
1533543431,1235.0
1533543436,1235.0
1533543442,1233.0
1533543452,1231.0
1533543458,1231.0
1533543466,1231.0
1533543471,1231.0
1533543477,1231.0
1533543483,1231.0
1533543489,1231.0
1533543494,1231.0
1533543500,1231.0
1533543506,1231.0
1533543511,1231.0
1533543516,1231.0
1533543522,1231.0
1533543527,1231.0
1533543532,1231.0
1533543537,1231.0
1533543542,1232.0
1533543548,1232.0
1533543554,1233.0
1533543560,1233.0
1533543566,1234.0
1533543571,1234.0
1533543577,1234.0
1533543582,1234.0
1533543588,1232.0
1533543594,1231.0
1533543600,1231.0
1533543605,1232.0
1533543611,1230.0
1533543616,1227.0
1533543622,1226.0
1533543628,1225.0
1533543633,1224.0
1533543638,1224.0
1533543644,1223.0
1533543649,1223.0
1533543655,1224.0
1533543661,1224.0
1533543667,1224.0
1533543673,1225.0
1533543679,1225.0
1533543685,1225.0
1533543691,1225.0
1533543697,1225.0
1533543703,1223.0
1533543708,1222.0
1533543714,1221.0
1533543719,1221.0
1533543725,1220.0
1533543731,1215.0
1533543741,1210.0
1533543746,1210.0
1533543752,1208.0
1533543758,1206.0
1533543764,1206.0
1533543769,1207.0
1533543774,1207.0
1533543780,1209.0
1533543786,1208.0
1533543791,1208.0
1533543797,1208.0
1533543803,1208.0
1533543809,1208.0
1533543814,1208.0
1533543820,1209.0
1533543825,1211.0
1533543831,1213.0
1533543836,1215.0
1533543842,1218.0
1533543848,1219.0
1533543854,1217.0
1533543859,1216.0
1533543864,1216.0
1533543870,1216.0
1533543876,1216.0
1533543882,1216.0
1533543888,1216.0
1533543894,1216.0
1533543900,1216.0
1533543906,1216.0
1533543911,1216.0
1533543917,1216.0
1533543923,1216.0
1533543928,1216.0
1533543934,1216.0
1533543939,1216.0
1533543945,1216.0
1533543950,1216.0
1533543956,1216.0
1533543968,1216.0
1533543974,1216.0
1533543980,1216.0
1533543986,1216.0
1533543992,1216.0
1533543997,1216.0
1533544003,1216.0
1533544009,1216.0
1533544014,1216.0
1533544020,1216.0
1533544032,1216.0
1533544037,1216.0
1533544043,1216.0
1533544049,1216.0
1533544054,1216.0
1533544060,1216.0
1533544066,1216.0
1533544072,1216.0
1533544078,1216.0
1533544083,1216.0
1533544088,1216.0
1533544094,1216.0
1533544100,1216.0
1533544106,1216.0
1533544112,1216.0
1533544118,1216.0
1533544124,1216.0
1533544130,1216.0
1533544136,1216.0
1533544142,1216.0
1533544148,1217.0
1533544154,1217.0
1533544160,1217.0
1533544166,1217.0
1533544172,1217.0
1533544178,1217.0
1533544184,1218.0
1533544190,1218.0
1533544196,1219.0
1533544202,1219.0
1533544208,1219.0
1533544214,1219.0
1533544220,1219.0
1533544226,1219.0
1533544232,1219.0
1533544238,1219.0
1533544244,1219.0
1533544249,1219.0
1533544255,1219.0
1533544261,1219.0
1533544266,1219.0
1533544272,1219.0
1533544278,1219.0
1533544283,1219.0
1533544289,1219.0
1533544295,1219.0
1533544300,1219.0
1533544306,1219.0
1533544311,1219.0
1533544316,1219.0
1533544322,1219.0
1533544328,1219.0
1533544334,1219.0
1533544340,1219.0
1533544346,1219.0
1533544352,1219.0
1533544358,1219.0
1533544364,1219.0
1533544370,1219.0
1533544376,1219.0
1533544382,1219.0
1533544388,1219.0
1533544394,1219.0
1533544400,1219.0
1533544406,1219.0
1533544411,1219.0
1533544417,1219.0
1533544423,1219.0
1533544428,1219.0
1533544434,1219.0
1533544440,1219.0
1533544445,1219.0
1533544451,1219.0
1533544457,1219.0
1533544462,1219.0
1533544468,1219.0
1533544474,1219.0
1533544480,1219.0
1533544485,1219.0
1533544490,1219.0
1533544496,1219.0
1533544501,1219.0
1533544507,1219.0
1533544512,1219.0
1533544518,1219.0
1533544524,1219.0
1533544529,1219.0
1533544535,1219.0
1533544547,1219.0
1533544552,1219.0
1533544558,1220.0
1533544564,1220.0
1533544569,1220.0
1533544575,1220.0
1533544581,1221.0
1533544587,1223.0
1533544593,1224.0
1533544598,1224.0
1533544604,1226.0
1533544610,1226.0
1533544616,1226.0
1533544622,1227.0
1533544627,1227.0
1533544632,1226.0
1533544643,1222.0
1533544649,1220.0
1533544654,1218.0
1533544660,1217.0
1533544666,1216.0
1533544672,1216.0
1533544678,1216.0
1533544684,1214.0
1533544689,1213.0
1533544694,1216.0
1533544700,1218.0
1533544705,1219.0
1533544710,1219.0
1533544716,1219.0
1533544721,1220.0
1533544727,1220.0
1533544732,1221.0
1533544738,1222.0
1533544743,1223.0
1533544749,1223.0
1533544754,1226.0
1533544760,1227.0
1533544766,1228.0
1533544772,1227.0
1533544778,1228.0
1533544784,1228.0
1533544790,1228.0
1533544795,1230.0
1533544800,1231.0
1533544806,1232.0
1533544812,1232.0
1533544818,1233.0
1533544824,1234.0
1533544829,1235.0
1533544868,1241.0
1533544874,1242.0
1533544879,1242.0
1533544884,1241.0
1533544890,1241.0
1533544895,1240.0
1533544900,1240.0
1533544905,1240.0
1533544911,1240.0
1533544916,1240.0
1533544922,1240.0
1533544928,1240.0
1533544934,1240.0
1533544939,1240.0
1533544945,1240.0
1533544951,1240.0
1533544957,1240.0
1533544962,1240.0
1533544968,1239.0
1533544973,1238.0
1533544979,1237.0
1533544984,1235.0
1533544990,1235.0
1533544995,1234.0
1533545001,1231.0
1533545006,1230.0
1533545012,1228.0
1533545017,1228.0
1533545057,1213.0
1533545062,1211.0
1533545068,1207.0
1533545073,1206.0
1533545079,1204.0
1533545085,1202.0
1533545090,1200.0
1533545096,1198.0
1533545102,1196.0
1533545108,1195.0
1533545114,1194.0
1533545153,1223.0
1533545158,1222.0
1533545163,1224.0
1533545169,1226.0
1533545174,1227.0
1533545180,1229.0
1533545185,1230.0
1533545190,1230.0
1533545196,1229.0
1533545202,1228.0
1533545208,1227.0
1533545214,1226.0
1533545219,1226.0
1533545224,1226.0
1533545229,1226.0
1533545235,1226.0
1533545240,1225.0
1533545246,1225.0
1533545252,1223.0
1533545258,1223.0
1533545264,1223.0
1533545269,1222.0
1533545274,1222.0
1533545285,1222.0
1533545291,1222.0
1533545297,1222.0
1533545303,1222.0
1533545308,1222.0
1533545314,1222.0
1533545320,1222.0
1533545326,1222.0
1533545332,1222.0
1533545337,1222.0
1533545343,1222.0
1533545348,1222.0
1533545353,1222.0
1533545359,1222.0
1533545365,1222.0
1533545370,1222.0
1533545376,1222.0
1533545382,1222.0
1533545387,1221.0
1533545392,1221.0
1533545941,1247.0
1533545947,1254.0
1533545952,1243.0
1533545957,1225.0
1533545966,1227.0
1533545972,1235.0
1533545978,1236.0
1533545984,1235.0
1533545990,1235.0
1533545995,1235.0
1533542409,1161.0
1533542415,1163.0
1533542420,1165.0
1533542425,1167.0
1533542431,1167.0
1533542437,1169.0
1533542443,1172.0
1533542449,1175.0
1533542455,1176.0
1533542461,1178.0
1533542473,1182.0
1533542479,1185.0
1533542485,1187.0
1533542491,1188.0
1533542497,1190.0
1533542502,1190.0
1533542508,1192.0
1533542513,1193.0
1533542519,1194.0
1533542524,1195.0
1533542530,1196.0
1533542535,1196.0
1533542540,1196.0
1533542545,1196.0
1533542551,1197.0
1533542557,1197.0
1533542568,1198.0
1533542574,1200.0
1533542579,1201.0
1533542584,1202.0
1533542590,1204.0
1533542596,1205.0
1533542601,1206.0
1533542606,1206.0
1533542612,1207.0
1533542617,1207.0
1533542623,1205.0
1533542628,1202.0
1533542633,1202.0
1533542639,1201.0
1533542645,1202.0
1533542651,1206.0
1533542656,1207.0
1533542661,1209.0
1533542666,1211.0
1533542672,1214.0
1533542677,1214.0
1533542683,1215.0
1533542689,1216.0
1533542695,1217.0
1533542701,1217.0
1533542706,1220.0
1533542712,1222.0
1533542718,1223.0
1533542729,1226.0
1533542735,1227.0
1533542740,1229.0
1533542746,1230.0
1533542752,1232.0
1533542758,1233.0
1533542763,1234.0
1533542769,1236.0
1533542775,1237.0
1533542781,1239.0
1533542787,1240.0
1533542793,1241.0
1533542799,1242.0
1533542805,1242.0
1533542810,1243.0
1533542815,1245.0
1533542821,1246.0
1533542827,1246.0
1533542833,1246.0
1533542839,1247.0
1533542845,1248.0
1533542851,1248.0
1533542857,1251.0
1533542863,1253.0
1533542869,1254.0
1533542875,1255.0
1533542881,1256.0
1533542887,1256.0
1533542893,1257.0
1533542899,1258.0
1533542905,1261.0
1533542911,1263.0
1533542917,1265.0
1533542923,1266.0
1533542929,1266.0
1533542935,1267.0
1533542941,1267.0
1533542947,1267.0
1533542953,1268.0
1533542960,1269.0
1533542965,1268.0
1533542971,1269.0
1533542977,1269.0
1533542983,1269.0
1533542989,1269.0
1533542995,1269.0
1533543001,1269.0
1533543007,1270.0
1533543013,1270.0
1533543019,1269.0
1533543025,1269.0
1533543031,1269.0
1533543037,1269.0
1533543043,1269.0
1533543054,1269.0
1533543060,1269.0
1533543066,1269.0
1533543072,1269.0
1533543078,1269.0
1533543083,1269.0
1533543089,1269.0
1533543095,1269.0
1533543100,1269.0
1533543106,1269.0
1533543111,1270.0
1533543116,1271.0
1533543121,1272.0
1533543127,1272.0
1533543133,1272.0
1533543139,1272.0
1533543144,1272.0
1533543150,1272.0
1533543156,1271.0
1533543162,1267.0
1533543168,1267.0
1533543174,1264.0
1533543180,1264.0
1533543185,1263.0
1533543191,1262.0
1533543197,1259.0
1533543202,1256.0
1533543208,1253.0
1533543214,1250.0
1533543220,1246.0
1533543225,1243.0
1533543231,1239.0
1533543237,1235.0
1533543248,1233.0
1533543253,1233.0
1533543260,1229.0
1533543265,1226.0
1533543271,1223.0
1533543277,1220.0
1533543283,1219.0
1533543289,1218.0
1533543295,1215.0
1533543301,1210.0
1533543313,1200.0
1533543319,1195.0
1533543325,1193.0
1533543331,1191.0
1533543337,1189.0
1533543343,1187.0
1533543349,1187.0
1533543355,1185.0
1533543361,1182.0
1533543367,1179.0
1533543373,1174.0
1533543378,1172.0
1533543384,1171.0
1533543389,1169.0
1533543395,1167.0
1533543400,1165.0
1533543406,1164.0
1533543411,1164.0
1533543417,1164.0
1533543423,1164.0
1533543428,1164.0
1533543434,1164.0
1533543439,1164.0
1533543445,1163.0
1533543451,1163.0
1533543457,1163.0
1533543463,1163.0
1533543469,1163.0
1533543475,1163.0
1533543481,1163.0
1533543486,1163.0
1533543491,1163.0
1533543497,1163.0
1533543503,1164.0
1533543509,1164.0
1533543515,1164.0
1533543520,1164.0
1533543525,1164.0
1533543530,1164.0
1533543536,1164.0
1533543542,1164.0
1533543547,1164.0
1533543553,1164.0
1533543560,1164.0
1533543565,1164.0
1533543571,1164.0
1533543577,1164.0
1533543583,1164.0
1533543588,1164.0
1533543593,1163.0
1533543599,1163.0
1533543605,1163.0
1533543610,1164.0
1533543615,1166.0
1533543621,1167.0
1533543626,1169.0
1533543631,1169.0
1533543636,1169.0
1533543642,1172.0
1533543647,1173.0
1533543653,1175.0
1533543658,1177.0
1533543664,1179.0
1533543670,1183.0
1533543675,1186.0
1533543681,1190.0
1533543687,1192.0
1533543693,1194.0
1533543698,1195.0
1533543703,1195.0
1533543709,1194.0
1533543715,1194.0
1533543721,1192.0
1533543727,1192.0
1533543733,1193.0
1533543739,1195.0
1533543745,1196.0
1533543751,1197.0
1533543757,1198.0
1533543763,1199.0
1533543769,1200.0
1533543775,1200.0
1533543781,1199.0
1533543787,1200.0
1533543793,1201.0
1533543799,1203.0
1533543804,1204.0
1533543810,1207.0
1533543815,1209.0
1533543821,1212.0
1533543826,1214.0
1533543832,1218.0
1533543838,1220.0
1533543844,1222.0
1533543849,1223.0
1533543854,1225.0
1533543860,1225.0
1533543865,1225.0
1533543871,1225.0
1533543877,1224.0
1533543883,1223.0
1533543889,1223.0
1533543895,1222.0
1533543901,1222.0
1533543907,1222.0
1533543913,1222.0
1533543919,1224.0
1533543924,1225.0
1533543929,1226.0
1533543935,1228.0
1533543941,1230.0
1533543947,1231.0
1533543953,1232.0
1533543958,1234.0
1533543963,1236.0
1533543969,1237.0
1533543975,1238.0
1533543981,1240.0
1533543986,1241.0
1533543991,1243.0
1533543997,1246.0
1533544003,1247.0
1533544008,1247.0
1533544013,1249.0
1533544019,1251.0
1533544025,1252.0
1533544031,1252.0
1533544036,1252.0
1533544041,1256.0
1533544053,1260.0
1533544059,1262.0
1533544064,1263.0
1533544069,1264.0
1533544075,1264.0
1533544081,1265.0
1533544086,1264.0
1533544092,1264.0
1533544098,1265.0
1533544104,1266.0
1533544110,1267.0
1533544115,1267.0
1533544121,1267.0
1533544127,1267.0
1533544133,1267.0
1533544139,1269.0
1533544144,1269.0
1533544150,1269.0
1533544155,1269.0
1533544160,1269.0
1533544166,1269.0
1533544171,1269.0
1533544183,1269.0
1533544189,1269.0
1533544194,1269.0
1533544200,1269.0
1533544206,1269.0
1533544212,1269.0
1533544218,1269.0
1533544223,1269.0
1533544228,1268.0
1533544233,1268.0
1533544239,1268.0
1533544250,1269.0
1533544256,1270.0
1533544262,1271.0
1533544268,1271.0
1533544274,1271.0
1533544280,1271.0
1533544285,1271.0
1533544291,1271.0
1533544297,1271.0
1533544303,1271.0
1533544309,1271.0
1533544315,1271.0
1533544321,1271.0
1533544327,1271.0
1533544332,1271.0
1533544338,1271.0
1533544343,1270.0
1533544348,1269.0
1533544353,1268.0
1533544359,1267.0
1533544365,1265.0
1533544370,1265.0
1533544376,1264.0
1533544381,1263.0
1533544387,1261.0
1533544393,1256.0
1533544398,1254.0
1533544404,1250.0
1533544410,1246.0
1533544415,1242.0
1533544421,1239.0
1533544427,1236.0
1533544433,1234.0
1533544438,1231.0
1533544444,1227.0
1533544450,1223.0
1533544455,1220.0
1533544461,1217.0
1533544471,1214.0
1533544476,1212.0
1533544482,1210.0
1533544488,1209.0
1533544494,1208.0
1533544500,1206.0
1533544506,1203.0
1533544511,1201.0
1533544517,1199.0
1533544523,1198.0
1533544529,1196.0
1533544534,1195.0
1533544540,1193.0
1533544546,1190.0
1533544551,1190.0
1533544557,1189.0
1533544569,1185.0
1533544575,1183.0
1533544581,1179.0
1533544587,1177.0
1533544592,1176.0
1533544597,1174.0
1533544602,1174.0
1533544607,1172.0
1533544613,1170.0
1533544618,1169.0
1533544624,1168.0
1533544629,1168.0
1533544635,1168.0
1533544640,1168.0
1533544645,1167.0
1533544651,1166.0
1533544657,1166.0
1533544663,1165.0
1533544669,1165.0
1533544674,1165.0
1533544680,1165.0
1533544685,1165.0
1533544691,1165.0
1533544696,1165.0
1533544702,1165.0
1533544707,1165.0
1533544713,1165.0
1533544718,1165.0
1533544724,1165.0
1533544729,1165.0
1533544735,1165.0
1533544741,1165.0
1533544747,1165.0
1533544753,1165.0
1533544760,1165.0
1533544765,1165.0
1533544771,1165.0
1533544777,1165.0
1533544783,1165.0
1533544795,1165.0
1533544801,1165.0
1533544807,1165.0
1533544813,1166.0
1533544819,1166.0
1533544825,1166.0
1533544831,1167.0
1533544837,1168.0
1533544843,1168.0
1533544849,1168.0
1533544855,1168.0
1533544861,1169.0
1533544867,1171.0
1533544873,1173.0
1533544879,1174.0
1533544885,1176.0
1533544891,1177.0
1533544897,1179.0
1533544903,1181.0
1533544909,1184.0
1533544915,1188.0
1533544920,1191.0
1533544926,1195.0
1533544932,1197.0
1533544938,1199.0
1533544943,1198.0
1533544949,1197.0
1533544954,1198.0
1533544960,1199.0
1533544966,1201.0
1533544972,1202.0
1533544977,1204.0
1533544987,1207.0
1533544993,1209.0
1533544999,1208.0
1533545005,1207.0
1533545011,1206.0
1533545017,1205.0
1533545023,1206.0
1533545029,1205.0
1533545035,1206.0
1533545041,1209.0
1533545046,1211.0
1533545052,1213.0
1533545058,1215.0
1533545063,1216.0
1533545069,1218.0
1533545074,1219.0
1533545080,1222.0
1533545086,1224.0
1533545092,1225.0
1533545098,1227.0
1533545104,1229.0
1533545110,1231.0
1533545116,1232.0
1533545122,1234.0
1533545128,1234.0
1533545134,1234.0
1533545139,1234.0
1533545145,1234.0
1533545151,1234.0
1533545157,1234.0
1533545163,1235.0
1533545169,1237.0
1533545175,1238.0
1533545181,1239.0
1533545186,1241.0
1533545191,1242.0
1533545197,1243.0
1533545203,1243.0
1533545215,1245.0
1533545221,1245.0
1533545227,1247.0
1533545232,1248.0
1533545238,1249.0
1533545243,1249.0
1533545249,1249.0
1533545255,1249.0
1533545261,1248.0
1533545267,1248.0
1533545278,1249.0
1533545284,1250.0
1533545289,1250.0
1533545295,1252.0
1533545301,1253.0
1533545307,1256.0
1533545312,1258.0
1533545318,1263.0
1533545323,1265.0
1533545329,1266.0
1533545335,1268.0
1533545341,1267.0
1533545347,1268.0
1533545353,1267.0
1533545358,1268.0
1533545364,1268.0
1533545375,1270.0
1533545381,1272.0
1533545387,1273.0
1533545393,1271.0
1533545399,1270.0
1533545404,1270.0
1533545410,1271.0
1533545415,1270.0
1533545421,1272.0
1533545427,1272.0
1533545433,1272.0
1533545439,1272.0
1533545444,1272.0
1533545449,1272.0
1533545455,1272.0
1533545461,1272.0
1533545467,1272.0
1533545473,1272.0
1533545479,1272.0
1533545485,1273.0
1533545491,1273.0
1533545497,1274.0
1533545503,1274.0
1533545509,1274.0
1533545515,1274.0
1533545521,1273.0
1533545527,1272.0
1533545533,1271.0
1533545538,1271.0
1533545544,1270.0
1533545549,1269.0
1533545555,1269.0
1533545561,1268.0
1533545566,1266.0
1533545571,1264.0
1533545576,1264.0
1533545582,1261.0
1533545587,1259.0
1533545593,1257.0
1533545599,1254.0
1533545605,1253.0
1533545611,1253.0
1533545617,1253.0
1533545623,1251.0
1533545635,1250.0
1533545641,1251.0
1533545647,1251.0
1533545653,1251.0
1533546009,1248.0
1533546014,1248.0
1533546020,1250.0
1533546026,1253.0
1533546032,1256.0
1533546038,1258.0
1533546043,1259.0
1533546049,1261.0
1533546055,1264.0
1533546061,1266.0
1533546066,1267.0
1533546072,1268.0
1533546078,1270.0
1533546084,1271.0
1533546089,1271.0
1533546095,1272.0
1533546100,1271.0
1533546105,1271.0
1533546110,1271.0
1533546116,1272.0
1533546121,1272.0
1533546126,1273.0
1533546132,1271.0
1533546138,1273.0
1533546144,1273.0
1533546150,1273.0
1533546156,1273.0
1533546162,1273.0
1533546167,1273.0
1533546173,1273.0
1533546179,1273.0
1533546184,1273.0
1533546189,1273.0
1533546195,1273.0
1533546200,1273.0
1533546205,1273.0
1533546211,1272.0
1533546216,1273.0
1533546221,1272.0
1533546227,1274.0
1533546232,1274.0
1533546238,1273.0
1533546244,1271.0
1533546249,1268.0
1533546255,1268.0
1533546260,1268.0
1533546266,1268.0
1533546272,1270.0
1533546278,1270.0
1533546284,1270.0
1533546289,1268.0
1533546295,1264.0
1533546301,1260.0
1533546307,1255.0
1533546313,1249.0
1533546318,1244.0
1533546324,1241.0
1533546329,1237.0
1533546335,1232.0
1533546340,1227.0
1533546346,1223.0
1533546351,1218.0
1533546357,1214.0
1533546363,1208.0
1533546368,1205.0
1533546373,1210.0
1533546379,1211.0
1533546385,1211.0
1533546390,1212.0
1533546396,1212.0
1533546402,1221.0
1533546407,1221.0
1533546413,1223.0
1533546419,1227.0
1533546425,1229.0
1533546431,1227.0
1533546437,1227.0
1533546443,1226.0
1533546449,1224.0
1533546454,1225.0
1533546460,1225.0
1533546466,1226.0
1533546471,1226.0
1533546477,1225.0
1533546483,1225.0
1533546489,1225.0
1533546494,1225.0
1533546499,1224.0
1533546505,1224.0
1533546511,1224.0
1533546517,1224.0
1533546523,1224.0
1533546529,1224.0
1533546534,1225.0
1533546539,1225.0
1533546545,1225.0
1533546550,1226.0
1533546555,1226.0
1533546560,1227.0
1533546566,1227.0
1533546571,1227.0
1533546577,1227.0
1533546582,1227.0
1533546587,1227.0
1533546593,1227.0
1533546598,1227.0
1533546604,1228.0
1533546609,1228.0
1533546615,1228.0
1533546620,1228.0
1533546626,1228.0
1533546632,1227.0
1533546638,1228.0
1533546643,1228.0
1533546649,1227.0
1533546654,1228.0
1533546660,1229.0
1533546665,1229.0
1533546670,1229.0
1533546676,1229.0
1533546682,1229.0
1533546687,1229.0
1533546693,1229.0
1533546698,1229.0
1533546703,1229.0
1533546709,1229.0
1533546715,1229.0
1533546721,1229.0
1533546726,1229.0
1533546731,1229.0
1533546737,1229.0
1533546742,1229.0
1533546748,1229.0
1533546754,1229.0
1533546760,1228.0
1533546766,1228.0
1533546771,1228.0
1533546777,1228.0
1533546782,1228.0
1533546787,1228.0
1533546793,1228.0
1533546798,1228.0
1533546803,1228.0
1533546808,1228.0
1533546814,1228.0
1533546819,1228.0
1533546825,1228.0
1533546831,1228.0
1533546836,1228.0
1533546841,1228.0
1533546847,1228.0
1533546853,1228.0
1533546859,1228.0
1533546865,1228.0
1533546871,1228.0
1533546877,1228.0
1533546883,1228.0
1533546888,1228.0
1533546894,1228.0
1533546899,1228.0
1533546905,1228.0
1533546911,1228.0
1533546916,1228.0
1533546922,1228.0
1533546928,1228.0
1533546933,1228.0
1533546939,1228.0
1533546945,1228.0
1533546950,1228.0
1533546956,1228.0
1533546962,1228.0
1533546968,1228.0
1533546973,1228.0
1533546979,1228.0
1533546986,1228.0
1533546991,1228.0
1533546997,1228.0
1533547003,1228.0
1533547009,1228.0
1533547014,1228.0
1533547019,1227.0
1533547025,1226.0
1533547030,1227.0
1533547036,1227.0
1533547041,1226.0
1533547047,1227.0
1533547053,1228.0
1533547058,1227.0
1533547064,1223.0
1533547069,1220.0
1533547075,1217.0
1533547081,1214.0
1533547087,1216.0
1533547092,1218.0
1533547098,1219.0
1533547103,1219.0
1533547109,1220.0
1533547114,1221.0
1533547120,1222.0
1533547126,1223.0
1533547131,1224.0
1533547136,1227.0
1533547141,1228.0
1533547147,1232.0
1533547152,1232.0
1533547157,1234.0
1533547163,1236.0
1533547168,1237.0
1533547174,1238.0
1533547180,1238.0
1533547186,1239.0
1533547191,1240.0
1533547197,1242.0
1533547203,1243.0
1533547208,1230.0
1533547213,1232.0
1533547219,1233.0
1533547224,1234.0
1533547230,1236.0
1533547236,1238.0
1533547242,1239.0
1533547247,1241.0
1533547252,1242.0
1533547258,1243.0
1533547263,1244.0
1533547269,1246.0
1533547274,1248.0
1533547280,1250.0
1533547285,1251.0
1533547291,1253.0
1533547296,1255.0
1533547301,1257.0
1533547307,1256.0
1533547313,1258.0
1533547319,1258.0
1533547324,1259.0
1533547330,1260.0
1533547335,1260.0
1533547341,1262.0
1533547347,1262.0
1533547352,1262.0
1533547358,1261.0
1533547363,1276.0
1533547368,1276.0
1533547373,1276.0
1533547379,1276.0
1533547385,1276.0
1533547391,1277.0
1533547397,1277.0
1533547402,1277.0
1533547408,1277.0
1533547414,1277.0
1533547420,1277.0
1533547425,1277.0
1533547431,1277.0
1533547437,1277.0
1533547442,1277.0
1533547449,1277.0
1533547454,1277.0
1533547460,1277.0
1533547465,1277.0
1533547471,1277.0
1533547476,1277.0
1533547481,1277.0
1533547487,1277.0
1533547493,1277.0
1533547499,1277.0
1533547504,1276.0
1533547510,1276.0
1533547515,1276.0
1533547521,1276.0
1533547526,1275.0
1533547532,1276.0
1533547537,1277.0
1533547543,1275.0
1533547548,1272.0
1533547553,1268.0
1533547558,1266.0
1533547564,1269.0
1533547570,1268.0
1533547576,1269.0
1533547581,1268.0
1533547587,1269.0
1533547593,1264.0
1533547598,1263.0
1533547604,1263.0
1533547610,1260.0
1533547615,1257.0
1533547620,1256.0
1533547625,1254.0
1533547631,1251.0
1533547636,1249.0
1533547641,1248.0
1533547647,1247.0
1533547653,1244.0
1533547658,1242.0
1533547664,1239.0
1533547670,1234.0
1533547675,1230.0
1533547681,1229.0
1533547687,1229.0
1533547693,1228.0
1533547699,1227.0
1533547705,1227.0
1533547711,1229.0
1533547717,1231.0
1533547722,1231.0
1533547728,1231.0
1533547733,1230.0
1533547738,1229.0
1533547743,1229.0
1533547749,1228.0
1533547755,1227.0
1533547766,1226.0
1533547772,1228.0
1533547778,1227.0
1533547783,1226.0
1533547789,1226.0
1533547794,1226.0
1533547799,1226.0
1533547804,1226.0
1533547809,1226.0
1533547815,1226.0
1533547820,1226.0
1533547826,1226.0
1533547832,1226.0
1533547838,1226.0
1533547844,1226.0
1533547849,1226.0
1533547855,1226.0
1533547860,1227.0
1533547866,1228.0
1533547871,1228.0
1533547877,1228.0
1533547882,1227.0
1533547887,1227.0
1533547893,1227.0
1533547898,1227.0
1533547904,1227.0
1533547910,1227.0
1533547915,1227.0
1533547921,1227.0
1533547927,1227.0
1533547933,1227.0
1533547938,1227.0
1533547944,1227.0
1533547949,1227.0
1533547954,1227.0
1533547959,1227.0
1533547965,1227.0
1533547971,1227.0
1533547976,1227.0
1533547981,1227.0
1533547987,1227.0
1533547992,1227.0
1533547998,1227.0
1533548003,1227.0
1533548009,1227.0
1533548015,1227.0
1533548021,1227.0
1533548027,1227.0
1533548032,1227.0
1533548038,1227.0
1533548043,1227.0
1533548048,1227.0
1533548054,1227.0
1533548060,1227.0
1533548065,1227.0
1533548071,1227.0
1533548077,1227.0
1533548082,1227.0
1533548087,1227.0
1533548093,1227.0
1533548099,1227.0
1533548104,1227.0
1533548110,1227.0
1533548116,1227.0
1533548121,1227.0
1533548127,1227.0
1533548132,1227.0
1533548138,1227.0
1533548143,1227.0
1533548149,1227.0
1533548154,1227.0
1533548160,1227.0
1533548166,1227.0
1533548171,1227.0
1533548177,1227.0
1533548182,1227.0
1533548187,1227.0
1533548193,1227.0
1533548198,1227.0
1533548203,1227.0
1533548209,1226.0
1533548215,1226.0
1533548220,1226.0
1533548225,1226.0
1533548230,1226.0
1533548235,1226.0
1533548241,1227.0
1533548246,1227.0
1533548251,1228.0
1533548257,1228.0
1533548263,1228.0
1533548269,1230.0
1533548275,1231.0
1533548280,1230.0
1533548285,1228.0
1533548291,1223.0
1533548297,1221.0
1533548303,1219.0
1533548308,1217.0
1533548314,1214.0
1533548320,1213.0
1533548325,1213.0
1533548331,1212.0
1533548337,1212.0
1533548342,1213.0
1533548347,1213.0
1533548352,1213.0
1533548357,1214.0
1533548363,1215.0
1533548368,1216.0
1533548374,1218.0
1533548380,1222.0
1533548386,1224.0
1533548392,1226.0
1533548398,1227.0
1533548403,1229.0
1533548408,1231.0
1533548413,1234.0
1533548418,1235.0
1533548423,1238.0
1533548429,1240.0
1533548434,1240.0
1533548439,1241.0
1533548444,1243.0
1533548450,1245.0
1533548455,1246.0
1533548461,1247.0
1533548467,1247.0
1533548473,1247.0
1533548479,1245.0
1533548484,1244.0
1533548490,1244.0
1533548495,1244.0
1533548500,1244.0
1533548506,1244.0
1533548512,1244.0
1533548517,1244.0
1533548522,1244.0
1533548528,1244.0
1533548533,1244.0
1533548539,1243.0
1533548544,1242.0
1533548549,1239.0
1533548554,1237.0
1533548560,1234.0
1533548565,1234.0
1533548571,1232.0
1533548576,1232.0
1533548582,1232.0
1533548587,1232.0
1533548593,1230.0
1533548599,1229.0
1533548604,1228.0
1533548610,1228.0
1533548616,1228.0
1533548621,1228.0
1533548627,1228.0
1533548632,1227.0
1533548639,1225.0
1533548644,1222.0
1533548650,1221.0
1533548655,1220.0
1533548660,1220.0
1533548666,1220.0
1533548672,1219.0
1533548677,1220.0
1533548682,1221.0
1533548689,1223.0
1533548694,1226.0
1533548700,1227.0
1533548705,1228.0
1533548711,1229.0
1533548716,1230.0
1533548722,1230.0
1533548727,1231.0
1533548733,1232.0
1533548739,1233.0
1533548744,1232.0
1533548750,1231.0
1533548755,1231.0
1533548761,1231.0
1533548767,1231.0
1533548773,1231.0
1533548779,1231.0
1533548784,1232.0
1533548789,1232.0
1533548795,1232.0
1533548800,1232.0
1533548805,1232.0
1533548811,1232.0
1533548817,1232.0
1533548823,1232.0
1533548828,1232.0
1533548833,1232.0
1533548839,1232.0
1533548845,1232.0
1533548850,1232.0
1533548855,1232.0
1533548861,1232.0
1533548866,1232.0
1533548871,1232.0
1533548877,1233.0
1533548883,1233.0
1533548889,1233.0
1533548895,1233.0
1533548901,1233.0
1533548906,1233.0
1533548911,1233.0
1533548917,1233.0
1533548923,1233.0
1533548929,1233.0
1533548935,1233.0
1533548941,1233.0
1533548947,1233.0
1533548952,1233.0
1533548958,1233.0
1533548963,1233.0
1533548969,1233.0
1533548975,1233.0
1533548981,1233.0
1533548986,1233.0
1533548992,1233.0
1533548998,1233.0
1533549003,1233.0
1533549009,1233.0
1533549015,1233.0
1533549020,1233.0
1533549026,1233.0
1533549031,1233.0
1533549036,1233.0
1533549042,1233.0
1533549048,1233.0
1533549053,1233.0
1533549059,1233.0
1533549065,1233.0
1533549071,1233.0
1533549077,1233.0
1533549083,1233.0
1533549088,1233.0
1533549098,1233.0
1533549104,1233.0
1533549109,1233.0
1533549115,1233.0
1533549120,1233.0
1533549126,1233.0
1533549131,1233.0
1533549137,1233.0
1533549143,1233.0
1533549148,1233.0
1533549154,1233.0
1533549160,1233.0
1533549166,1234.0
1533549172,1234.0
1533549178,1234.0
1533549183,1234.0
1533549188,1234.0
1533549194,1234.0
1533549199,1234.0
1533549205,1234.0
1533549210,1235.0
1533549215,1235.0
1533549221,1235.0
1533549227,1235.0
1533549233,1236.0
1533549238,1237.0
1533549244,1236.0
1533549250,1236.0
1533549255,1236.0
1533549261,1235.0
1533549267,1235.0
1533549273,1235.0
1533549279,1235.0
1533549284,1235.0
1533549290,1235.0
1533549295,1235.0
1533549301,1235.0
1533549307,1235.0
1533549313,1235.0
1533549319,1235.0
1533549324,1235.0
1533549329,1235.0
1533549335,1235.0
1533549340,1235.0
1533549346,1235.0
1533549352,1235.0
1533549357,1235.0
1533549363,1235.0
1533549369,1235.0
1533549374,1234.0
1533549380,1234.0
1533549386,1234.0
1533549392,1234.0
1533549397,1234.0
1533549403,1234.0
1533549409,1234.0
1533549414,1234.0
1533549420,1234.0
1533549426,1234.0
1533549432,1234.0
1533549438,1234.0
1533549443,1234.0
1533549449,1234.0
1533549455,1234.0
1533549461,1234.0
1533549467,1234.0
1533549473,1234.0
1533549478,1234.0
1533549484,1234.0
1533549489,1234.0
1533549495,1234.0
1533549501,1234.0
1533549507,1234.0
1533549513,1234.0
1533549519,1234.0
1533549524,1235.0
1533549530,1235.0
1533549535,1235.0
1533549541,1235.0
1533549546,1235.0
1533549551,1235.0
1533549557,1235.0
1533549562,1235.0
1533549568,1235.0
1533549573,1235.0
1533549579,1235.0
1533549585,1235.0
1533549591,1235.0
1533549597,1234.0
1533546001,1236.0
1533546007,1237.0
1533546012,1237.0
1533546018,1239.0
1533546024,1240.0
1533546035,1239.0
1533546040,1238.0
1533546046,1237.0
1533546051,1236.0
1533546057,1236.0
1533546062,1235.0
1533546068,1236.0
1533546074,1236.0
1533546079,1236.0
1533546084,1235.0
1533546090,1234.0
1533546096,1234.0
1533546101,1234.0
1533546106,1234.0
1533546112,1233.0
1533546118,1233.0
1533546124,1233.0
1533546130,1233.0
1533546136,1232.0
1533546141,1232.0
1533546147,1232.0
1533546152,1232.0
1533546158,1231.0
1533546164,1231.0
1533546170,1233.0
1533546176,1233.0
1533546182,1234.0
1533546188,1234.0
1533546193,1234.0
1533546199,1234.0
1533546205,1234.0
1533546211,1234.0
1533546216,1235.0
1533546222,1236.0
1533546227,1236.0
1533546233,1236.0
1533546239,1236.0
1533546244,1236.0
1533546250,1237.0
1533546255,1237.0
1533546261,1236.0
1533546266,1236.0
1533546272,1236.0
1533546278,1235.0
1533546284,1234.0
1533546290,1233.0
1533546296,1233.0
1533546302,1234.0
1533546308,1234.0
1533546313,1234.0
1533546319,1234.0
1533546324,1234.0
1533546330,1233.0
1533546336,1233.0
1533546342,1233.0
1533546348,1232.0
1533546353,1231.0
1533546359,1231.0
1533546365,1232.0
1533546370,1232.0
1533546375,1232.0
1533546380,1232.0
1533546386,1231.0
1533546392,1231.0
1533546398,1231.0
1533546404,1231.0
1533546409,1231.0
1533546414,1231.0
1533546420,1231.0
1533546425,1231.0
1533546431,1231.0
1533546437,1230.0
1533546442,1230.0
1533546452,1229.0
1533546458,1229.0
1533546464,1229.0
1533546470,1229.0
1533546475,1229.0
1533546481,1229.0
1533546486,1229.0
1533546492,1229.0
1533546498,1229.0
1533546504,1229.0
1533546509,1229.0
1533546514,1228.0
1533546519,1228.0
1533546531,1227.0
1533546537,1227.0
1533546543,1227.0
1533546549,1227.0
1533546554,1227.0
1533546560,1227.0
1533546566,1227.0
1533546572,1227.0
1533546583,1227.0
1533546589,1227.0
1533546595,1227.0
1533546601,1227.0
1533546607,1227.0
1533546612,1227.0
1533546618,1227.0
1533546624,1227.0
1533546630,1227.0
1533546635,1227.0
1533546640,1227.0
1533546679,1227.0
1533546685,1227.0
1533546691,1226.0
1533546697,1228.0
1533546703,1228.0
1533546708,1227.0
1533546714,1224.0
1533546720,1223.0
1533546725,1221.0
1533546732,1220.0
1533546737,1218.0
1533546742,1217.0
1533546747,1216.0
1533546753,1216.0
1533546759,1218.0
1533546764,1219.0
1533546770,1221.0
1533546805,1227.0
1533546810,1229.0
1533546816,1232.0
1533546822,1231.0
1533546828,1231.0
1533546834,1230.0
1533546869,1234.0
1533546874,1234.0
1533546880,1234.0
1533546885,1234.0
1533546891,1234.0
1533546896,1235.0
1533546936,1239.0
1533546941,1239.0
1533546946,1239.0
1533546952,1239.0
1533546957,1239.0
1533546968,1239.0
1533546973,1239.0
1533546979,1239.0
1533546984,1239.0
1533546990,1239.0
1533546995,1239.0
1533547000,1239.0
1533547006,1239.0
1533547011,1238.0
1533547016,1230.0
1533547022,1231.0
1533547027,1231.0
1533547033,1230.0
1533547038,1230.0
1533547043,1234.0
1533547048,1231.0
1533547054,1227.0
1533547126,1228.0
1533547132,1228.0
1533547138,1228.0
1533547143,1228.0
1533547149,1227.0
1533547154,1227.0
1533547160,1226.0
1533547165,1226.0
1533547171,1226.0
1533547176,1226.0
1533547182,1226.0
1533547187,1226.0
1533547192,1226.0
1533547197,1224.0
1533547202,1224.0
1533547208,1218.0
1533547214,1215.0
1533547255,1224.0
1533547261,1225.0
1533547267,1225.0
1533547272,1223.0
1533547278,1223.0
1533547284,1222.0
1533547290,1221.0
1533547295,1219.0
1533547302,1220.0
1533547308,1220.0
1533547313,1221.0
1533547319,1221.0
1533547325,1221.0
1533547331,1221.0
1533547336,1221.0
1533547342,1221.0
1533547354,1221.0
1533547359,1220.0
1533547365,1220.0
1533547370,1219.0
1533547376,1219.0
1533547382,1219.0
1533547388,1219.0
1533547394,1219.0
1533547400,1219.0
1533547406,1219.0
1533547412,1219.0
1533547417,1219.0
1533547423,1219.0
1533547428,1220.0
1533547433,1220.0
1533547439,1220.0
1533547449,1220.0
1533547455,1221.0
1533547460,1221.0
1533547466,1222.0
1533547471,1222.0
1533547477,1221.0
1533547482,1220.0
1533547487,1220.0
1533547492,1220.0
1533547498,1220.0
1533547503,1220.0
1533547509,1220.0
1533547514,1220.0
1533547520,1220.0
1533547526,1220.0
1533547532,1220.0
1533547538,1220.0
1533547543,1220.0
1533547549,1220.0
1533547554,1220.0
1533547560,1220.0
1533547565,1220.0
1533547571,1220.0
1533547576,1220.0
1533547581,1220.0
1533547586,1220.0
1533547592,1220.0
1533547598,1220.0
1533547604,1220.0
1533547610,1220.0
1533547616,1220.0
1533547622,1219.0
1533547628,1219.0
1533547634,1219.0
1533547640,1219.0
1533547646,1219.0
1533547652,1219.0
1533547658,1219.0
1533547663,1219.0
1533547669,1219.0
1533547674,1219.0
1533547679,1219.0
1533547684,1219.0
1533547690,1219.0
1533547696,1219.0
1533547707,1219.0
1533547712,1219.0
1533547718,1219.0
1533547724,1219.0
1533547730,1219.0
1533547736,1219.0
1533547742,1219.0
1533547748,1219.0
1533547753,1219.0
1533547759,1219.0
1533547765,1219.0
1533547770,1219.0
1533547776,1219.0
1533547782,1219.0
1533547788,1219.0
1533547793,1219.0
1533547798,1219.0
1533547804,1219.0
1533547810,1219.0
1533547816,1219.0
1533547821,1219.0
1533547826,1219.0
1533547832,1219.0
1533547838,1219.0
1533547843,1219.0
1533547849,1219.0
1533547855,1218.0
1533547895,1219.0
1533547900,1221.0
1533547906,1220.0
1533547911,1218.0
1533547916,1217.0
1533547922,1216.0
1533547928,1215.0
1533547933,1214.0
1533547939,1213.0
1533547945,1212.0
1533547950,1210.0
1533547956,1208.0
1533547961,1205.0
1533547967,1202.0
1533547973,1202.0
1533547979,1203.0
1533547985,1206.0
1533548059,1220.0
1533548065,1221.0
1533548071,1221.0
1533548077,1222.0
1533548083,1224.0
1533548089,1228.0
1533548095,1229.0
1533548101,1227.0
1533548106,1228.0
1533548112,1228.0
1533548117,1229.0
1533548123,1229.0
1533548129,1229.0
1533548135,1230.0
1533548140,1229.0
1533548146,1229.0
1533548152,1230.0
1533548157,1231.0
1533548162,1231.0
1533548168,1231.0
1533548173,1231.0
1533548179,1229.0
1533548184,1228.0
1533548190,1229.0
1533548195,1229.0
1533548201,1230.0
1533548207,1230.0
1533548212,1230.0
1533548218,1230.0
1533548223,1230.0
1533548228,1230.0
1533548234,1230.0
1533548240,1230.0
1533548246,1230.0
1533548252,1232.0
1533548258,1232.0
1533548263,1231.0
1533548269,1230.0
1533548275,1230.0
1533548314,1223.0
1533548320,1223.0
1533548325,1223.0
1533548330,1221.0
1533548336,1222.0
1533548341,1222.0
1533548382,1215.0
1533548388,1213.0
1533548393,1212.0
1533548399,1210.0
1533548405,1209.0
1533548443,1209.0
1533548448,1210.0
1533548454,1212.0
1533548459,1214.0
1533548465,1216.0
1533548471,1216.0
1533548476,1216.0
1533548482,1216.0
1533548487,1215.0
1533548493,1215.0
1533548498,1214.0
1533548504,1213.0
1533548509,1214.0
1533548515,1214.0
1533548521,1213.0
1533548527,1212.0
1533548532,1212.0
1533548538,1212.0
1533548543,1212.0
1533548549,1211.0
1533548555,1211.0
1533548561,1210.0
1533548567,1210.0
1533548573,1210.0
1533548579,1210.0
1533548585,1210.0
1533548590,1210.0
1533548596,1210.0
1533548607,1210.0
1533548612,1210.0
1533548618,1210.0
1533548624,1210.0
1533548629,1210.0
1533548635,1210.0
1533548641,1210.0
1533548646,1210.0
1533548652,1210.0
1533548658,1210.0
1533548663,1210.0
1533548669,1210.0
1533548674,1209.0
1533548680,1209.0
1533548686,1209.0
1533548691,1209.0
1533548697,1209.0
1533548702,1210.0
1533548708,1210.0
1533548714,1211.0
1533548720,1212.0
1533548726,1212.0
1533548732,1211.0
1533548738,1211.0
1533548744,1211.0
1533548750,1211.0
1533548755,1211.0
1533548766,1211.0
1533548772,1211.0
1533548778,1211.0
1533548783,1211.0
1533548789,1211.0
1533548795,1211.0
1533548801,1211.0
1533548806,1211.0
1533548812,1211.0
1533548818,1211.0
1533548824,1211.0
1533548830,1211.0
1533548835,1211.0
1533548840,1211.0
1533548846,1211.0
1533548852,1211.0
1533548864,1211.0
1533548869,1211.0
1533548875,1211.0
1533548881,1211.0
1533548886,1211.0
1533548892,1211.0
1533548897,1211.0
1533548903,1211.0
1533548909,1211.0
1533548915,1211.0
1533548921,1211.0
1533548927,1211.0
1533548933,1211.0
1533548938,1211.0
1533548944,1211.0
1533548949,1211.0
1533548954,1211.0
1533548960,1211.0
1533548966,1211.0
1533548972,1211.0
1533548977,1211.0
1533548983,1211.0
1533548989,1211.0
1533548994,1211.0
1533549000,1211.0
1533549006,1211.0
1533549012,1211.0
1533549017,1211.0
1533549028,1211.0
1533549034,1211.0
1533549040,1211.0
1533549045,1211.0
1533549050,1211.0
1533549056,1211.0
1533549062,1211.0
1533549067,1211.0
1533549072,1211.0
1533549078,1211.0
1533549084,1211.0
1533549089,1211.0
1533549094,1211.0
1533549099,1211.0
1533549105,1211.0
1533549112,1211.0
1533549117,1211.0
1533549122,1211.0
1533549128,1211.0
1533549134,1211.0
1533549140,1211.0
1533549145,1211.0
1533549151,1211.0
1533549156,1211.0
1533549162,1211.0
1533549167,1211.0
1533549173,1211.0
1533549178,1211.0
1533549183,1211.0
1533549189,1211.0
1533549194,1211.0
1533549199,1211.0
1533549205,1211.0
1533549210,1211.0
1533549216,1211.0
1533549221,1211.0
1533549227,1211.0
1533549232,1211.0
1533549238,1211.0
1533549243,1211.0
1533549249,1211.0
1533549254,1211.0
1533549259,1211.0
1533549265,1211.0
1533549270,1211.0
1533549275,1211.0
1533549280,1211.0
1533549286,1211.0
1533549291,1211.0
1533549296,1211.0
1533549302,1211.0
1533549307,1211.0
1533549313,1211.0
1533549319,1211.0
1533549324,1211.0
1533549329,1211.0
1533549335,1211.0
1533549341,1211.0
1533549347,1211.0
1533549353,1211.0
1533549358,1211.0
1533549364,1212.0
1533549369,1212.0
1533549375,1212.0
1533549381,1212.0
1533549387,1212.0
1533549392,1212.0
1533549398,1212.0
1533549404,1212.0
1533549409,1212.0
1533549415,1212.0
1533549421,1212.0
1533549426,1212.0
1533549431,1212.0
1533549437,1212.0
1533549442,1212.0
1533549448,1212.0
1533549454,1212.0
1533549460,1212.0
1533549466,1212.0
1533549472,1212.0
1533549478,1212.0
1533549484,1212.0
1533549490,1212.0
1533549496,1212.0
1533549501,1212.0
1533549507,1212.0
1533549513,1212.0
1533549519,1212.0
1533549525,1212.0
1533549531,1212.0
1533549537,1212.0
1533549542,1212.0
1533549547,1212.0
1533549553,1212.0
1533549558,1212.0
1533549564,1213.0
1533549570,1213.0
1533549576,1214.0
1533549581,1214.0
1533549587,1214.0
1533549593,1215.0
1533546182,1270.0
1533546196,1252.0
1533546202,1249.0
1533546208,1249.0
1533546214,1248.0
1533546220,1245.0
1533546225,1245.0
1533546231,1244.0
1533546237,1242.0
1533546242,1242.0
1533546248,1241.0
1533546253,1238.0
1533546259,1237.0
1533546265,1231.0
1533546271,1224.0
1533546277,1219.0
1533546282,1215.0
1533546292,1209.0
1533546298,1207.0
1533546304,1205.0
1533546311,1204.0
1533546317,1202.0
1533546322,1198.0
1533546328,1195.0
1533546334,1192.0
1533546340,1188.0
1533546346,1183.0
1533546351,1180.0
1533546356,1179.0
1533546362,1178.0
1533546368,1176.0
1533546373,1173.0
1533546379,1171.0
1533546390,1169.0
1533546395,1167.0
1533546400,1167.0
1533546405,1162.0
1533546411,1160.0
1533546416,1157.0
1533546421,1155.0
1533546427,1154.0
1533546432,1152.0
1533546438,1151.0
1533546443,1153.0
1533546448,1153.0
1533546454,1152.0
1533546461,1152.0
1533546467,1152.0
1533546473,1152.0
1533546478,1152.0
1533546484,1152.0
1533546490,1152.0
1533546496,1152.0
1533546502,1152.0
1533546508,1152.0
1533546513,1153.0
1533546519,1154.0
1533546524,1155.0
1533546530,1154.0
1533546535,1154.0
1533546541,1153.0
1533546547,1153.0
1533546553,1153.0
1533546558,1153.0
1533546563,1153.0
1533546569,1153.0
1533546575,1153.0
1533546580,1153.0
1533546586,1153.0
1533546592,1153.0
1533546597,1153.0
1533546603,1153.0
1533546608,1153.0
1533546614,1153.0
1533546620,1153.0
1533546625,1153.0
1533546631,1153.0
1533546637,1153.0
1533546648,1154.0
1533546654,1154.0
1533546660,1154.0
1533546665,1154.0
1533546670,1154.0
1533546676,1154.0
1533546682,1154.0
1533546688,1154.0
1533546693,1154.0
1533546698,1154.0
1533546703,1154.0
1533546709,1154.0
1533546714,1154.0
1533546720,1154.0
1533546726,1154.0
1533546731,1154.0
1533546743,1154.0
1533546749,1154.0
1533546755,1156.0
1533546761,1156.0
1533546766,1157.0
1533546772,1157.0
1533546777,1158.0
1533546782,1159.0
1533546788,1159.0
1533546793,1159.0
1533546798,1160.0
1533546804,1161.0
1533546809,1161.0
1533546815,1161.0
1533546820,1161.0
1533546826,1162.0
1533546831,1163.0
1533546837,1164.0
1533546842,1166.0
1533546847,1167.0
1533546852,1167.0
1533546858,1168.0
1533546864,1169.0
1533546870,1171.0
1533546875,1172.0
1533546880,1173.0
1533546886,1174.0
1533546892,1175.0
1533546898,1176.0
1533546903,1177.0
1533546908,1179.0
1533546914,1181.0
1533546920,1183.0
1533546926,1185.0
1533546932,1187.0
1533546937,1188.0
1533546943,1188.0
1533546949,1188.0
1533546955,1189.0
1533546960,1189.0
1533546965,1189.0
1533546971,1190.0
1533546976,1191.0
1533546982,1192.0
1533546988,1193.0
1533546994,1191.0
1533547000,1191.0
1533547006,1192.0
1533547012,1194.0
1533547018,1194.0
1533547024,1196.0
1533547030,1195.0
1533547035,1195.0
1533547041,1194.0
1533547046,1193.0
1533547052,1193.0
1533547058,1193.0
1533547064,1187.0
1533547069,1186.0
1533547075,1186.0
1533547081,1184.0
1533547087,1183.0
1533547092,1181.0
1533547097,1177.0
1533547103,1179.0
1533547109,1180.0
1533547114,1180.0
1533547120,1178.0
1533547125,1179.0
1533547131,1181.0
1533547137,1185.0
1533547142,1187.0
1533547148,1188.0
1533547154,1188.0
1533547159,1190.0
1533547165,1191.0
1533547171,1193.0
1533547177,1193.0
1533547182,1210.0
1533547188,1216.0
1533547194,1220.0
1533547200,1224.0
1533547206,1225.0
1533547211,1227.0
1533547217,1228.0
1533547222,1229.0
1533547228,1230.0
1533547234,1231.0
1533547240,1231.0
1533547245,1232.0
1533547251,1232.0
1533547257,1231.0
1533547262,1230.0
1533547268,1227.0
1533547273,1225.0
1533547279,1224.0
1533547284,1232.0
1533547290,1233.0
1533547295,1233.0
1533547300,1234.0
1533547306,1236.0
1533547312,1236.0
1533547318,1233.0
1533547323,1233.0
1533547329,1231.0
1533547335,1232.0
1533547340,1234.0
1533547346,1236.0
1533547352,1239.0
1533547358,1242.0
1533547364,1242.0
1533547369,1242.0
1533547375,1243.0
1533547380,1244.0
1533547385,1247.0
1533547390,1249.0
1533547395,1250.0
1533547400,1251.0
1533547406,1253.0
1533547411,1254.0
1533547417,1255.0
1533547422,1256.0
1533547427,1256.0
1533547433,1256.0
1533547438,1256.0
1533547444,1256.0
1533547450,1256.0
1533547456,1256.0
1533547461,1256.0
1533547467,1256.0
1533547472,1257.0
1533547478,1258.0
1533547483,1258.0
1533547490,1258.0
1533547496,1258.0
1533547501,1258.0
1533547507,1258.0
1533547513,1259.0
1533547519,1259.0
1533547524,1259.0
1533547530,1257.0
1533547535,1257.0
1533547541,1256.0
1533547546,1256.0
1533547552,1255.0
1533547557,1254.0
1533547562,1254.0
1533547568,1254.0
1533547574,1252.0
1533547579,1250.0
1533547585,1249.0
1533547590,1246.0
1533547597,1243.0
1533547607,1239.0
1533547613,1237.0
1533547618,1235.0
1533547624,1232.0
1533547629,1230.0
1533547635,1227.0
1533547641,1223.0
1533547647,1219.0
1533547653,1215.0
1533547659,1210.0
1533547664,1205.0
1533547670,1200.0
1533547676,1196.0
1533547683,1192.0
1533547688,1193.0
1533547693,1188.0
1533547698,1186.0
1533547704,1182.0
1533547709,1179.0
1533547715,1176.0
1533547720,1175.0
1533547726,1172.0
1533547731,1171.0
1533547737,1170.0
1533547743,1167.0
1533547748,1165.0
1533547753,1162.0
1533547759,1159.0
1533547765,1156.0
1533547771,1153.0
1533547777,1152.0
1533547782,1151.0
1533547788,1150.0
1533547794,1148.0
1533547799,1146.0
1533547805,1145.0
1533547811,1145.0
1533547817,1145.0
1533547822,1144.0
1533547828,1145.0
1533547833,1144.0
1533547839,1144.0
1533547844,1143.0
1533547850,1141.0
1533547856,1140.0
1533547862,1138.0
1533547868,1138.0
1533547873,1138.0
1533547879,1139.0
1533547885,1138.0
1533547891,1137.0
1533547896,1137.0
1533547901,1138.0
1533547907,1139.0
1533547912,1140.0
1533547918,1139.0
1533547923,1139.0
1533547929,1139.0
1533547935,1139.0
1533547940,1139.0
1533547945,1138.0
1533547951,1138.0
1533547957,1138.0
1533547962,1138.0
1533547968,1138.0
1533547974,1138.0
1533547980,1138.0
1533547986,1138.0
1533547991,1138.0
1533547996,1138.0
1533548002,1138.0
1533548008,1138.0
1533548014,1138.0
1533548020,1141.0
1533548026,1144.0
1533548031,1145.0
1533548037,1147.0
1533548043,1147.0
1533548048,1146.0
1533548053,1147.0
1533548059,1149.0
1533548064,1150.0
1533548070,1151.0
1533548076,1152.0
1533548082,1152.0
1533548088,1153.0
1533548094,1154.0
1533548100,1157.0
1533548105,1158.0
1533548110,1158.0
1533548115,1159.0
1533548121,1163.0
1533548126,1164.0
1533548132,1165.0
1533548138,1169.0
1533548143,1171.0
1533548149,1173.0
1533548154,1174.0
1533548159,1173.0
1533548165,1172.0
1533548171,1172.0
1533548177,1171.0
1533548182,1170.0
1533548188,1170.0
1533548193,1171.0
1533548199,1170.0
1533548204,1172.0
1533548209,1172.0
1533548215,1173.0
1533548220,1173.0
1533548226,1172.0
1533548231,1171.0
1533548237,1171.0
1533548248,1174.0
1533548253,1173.0
1533548259,1174.0
1533548265,1174.0
1533548270,1175.0
1533548276,1176.0
1533548281,1177.0
1533548287,1178.0
1533548293,1180.0
1533548298,1184.0
1533548304,1186.0
1533548309,1185.0
1533548314,1185.0
1533548320,1187.0
1533548326,1186.0
1533548332,1186.0
1533548338,1186.0
1533548344,1186.0
1533548350,1187.0
1533548355,1188.0
1533548361,1191.0
1533548366,1193.0
1533548372,1194.0
1533548378,1194.0
1533548383,1193.0
1533548388,1194.0
1533548394,1196.0
1533548400,1198.0
1533548406,1201.0
1533548412,1204.0
1533548417,1205.0
1533548423,1206.0
1533548429,1208.0
1533548435,1210.0
1533548440,1211.0
1533548446,1212.0
1533548452,1213.0
1533548458,1214.0
1533548463,1213.0
1533548469,1217.0
1533548475,1217.0
1533548481,1218.0
1533548487,1220.0
1533548493,1221.0
1533548498,1222.0
1533548503,1223.0
1533548509,1225.0
1533548514,1225.0
1533548520,1224.0
1533548526,1223.0
1533548531,1223.0
1533548537,1229.0
1533548542,1237.0
1533548548,1239.0
1533548554,1240.0
1533548561,1240.0
1533548567,1242.0
1533548573,1246.0
1533548578,1248.0
1533548584,1249.0
1533548590,1250.0
1533548595,1250.0
1533548601,1251.0
1533548607,1252.0
1533548613,1253.0
1533548619,1253.0
1533548625,1253.0
1533548631,1253.0
1533548637,1253.0
1533548643,1253.0
1533548649,1253.0
1533548654,1253.0
1533548659,1253.0
1533548665,1253.0
1533548670,1253.0
1533548676,1253.0
1533548682,1253.0
1533548687,1253.0
1533548693,1252.0
1533548698,1252.0
1533548704,1253.0
1533548709,1254.0
1533548714,1254.0
1533548720,1255.0
1533548726,1255.0
1533548731,1257.0
1533548737,1258.0
1533548743,1258.0
1533548749,1258.0
1533548755,1258.0
1533548760,1258.0
1533548765,1257.0
1533548771,1257.0
1533548777,1254.0
1533548783,1254.0
1533548789,1252.0
1533548795,1250.0
1533548800,1250.0
1533548805,1248.0
1533548811,1246.0
1533548816,1243.0
1533548822,1239.0
1533548828,1236.0
1533548833,1232.0
1533548839,1229.0
1533548844,1227.0
1533548850,1224.0
1533548856,1221.0
1533548862,1219.0
1533548868,1217.0
1533548873,1213.0
1533548878,1211.0
1533548884,1209.0
1533548889,1206.0
1533548895,1202.0
1533548901,1200.0
1533548907,1198.0
1533548912,1196.0
1533548918,1193.0
1533548924,1191.0
1533548930,1188.0
1533548936,1184.0
1533548942,1183.0
1533548947,1180.0
1533548953,1178.0
1533548959,1176.0
1533548965,1176.0
1533548970,1175.0
1533548976,1174.0
1533548981,1172.0
1533548987,1170.0
1533548992,1170.0
1533548998,1169.0
1533549004,1168.0
1533549009,1166.0
1533549014,1165.0
1533549020,1163.0
1533549025,1161.0
1533549031,1160.0
1533549037,1159.0
1533549042,1158.0
1533549047,1158.0
1533549052,1157.0
1533549058,1158.0
1533549063,1158.0
1533549069,1158.0
1533549075,1158.0
1533549080,1158.0
1533549085,1158.0
1533549090,1158.0
1533549095,1156.0
1533549101,1156.0
1533549107,1155.0
1533549113,1155.0
1533549118,1154.0
1533549124,1154.0
1533549129,1153.0
1533549135,1152.0
1533549141,1152.0
1533549146,1151.0
1533549152,1151.0
1533549157,1151.0
1533549162,1151.0
1533549168,1151.0
1533549173,1151.0
1533549179,1151.0
1533549184,1151.0
1533549190,1151.0
1533549196,1151.0
1533549201,1151.0
1533549206,1151.0
1533549212,1151.0
1533549217,1151.0
1533549223,1151.0
1533549228,1151.0
1533549234,1151.0
1533549239,1151.0
1533549245,1151.0
1533549250,1151.0
1533549256,1150.0
1533549261,1150.0
1533549267,1150.0
1533549273,1150.0
1533549278,1150.0
1533549284,1151.0
1533549290,1152.0
1533549296,1153.0
1533549302,1153.0
1533549308,1153.0
1533549313,1154.0
1533549319,1154.0
1533549325,1155.0
1533549331,1156.0
1533549336,1156.0
1533549342,1157.0
1533549348,1158.0
1533549353,1159.0
1533549359,1162.0
1533549364,1164.0
1533549371,1167.0
1533549376,1170.0
1533549382,1172.0
1533549388,1175.0
1533549394,1179.0
1533549400,1180.0
1533549405,1180.0
1533549411,1182.0
1533549417,1182.0
1533549422,1182.0
1533549427,1182.0
1533549433,1183.0
1533549439,1183.0
1533549444,1183.0
1533549449,1183.0
1533549454,1184.0
1533549459,1185.0
1533549464,1186.0
1533549470,1188.0
1533549476,1189.0
1533549481,1189.0
1533549487,1189.0
1533549493,1190.0
1533549499,1190.0
1533549505,1188.0
1533549510,1188.0
1533549516,1190.0
1533549521,1191.0
1533549527,1192.0
1533549533,1194.0
1533549538,1196.0
1533549544,1198.0
1533549550,1199.0
1533549556,1201.0
1533549561,1202.0
1533549566,1204.0
1533549571,1203.0
1533549577,1203.0
1533549583,1203.0
1533549589,1203.0
1533549594,1204.0
1533549599,1203.0
1533549602,1218.0
1533549608,1217.0
1533549613,1218.0
1533549618,1218.0
1533549623,1218.0
1533549629,1218.0
1533549635,1218.0
1533549640,1218.0
1533549646,1218.0
1533549652,1218.0
1533549657,1218.0
1533549663,1218.0
1533549669,1218.0
1533549675,1218.0
1533549681,1218.0
1533549686,1218.0
1533549692,1218.0
1533549697,1218.0
1533549703,1218.0
1533549709,1218.0
1533549715,1218.0
1533549721,1218.0
1533549726,1218.0
1533549732,1218.0
1533549738,1218.0
1533549744,1218.0
1533549750,1218.0
1533549755,1218.0
1533549761,1218.0
1533549766,1218.0
1533549771,1218.0
1533549777,1218.0
1533549783,1217.0
1533549789,1217.0
1533549795,1217.0
1533549801,1218.0
1533549807,1218.0
1533549813,1218.0
1533549819,1218.0
1533549825,1218.0
1533549831,1218.0
1533549837,1218.0
1533549843,1218.0
1533549849,1218.0
1533549855,1218.0
1533549860,1218.0
1533549866,1218.0
1533549872,1218.0
1533549877,1218.0
1533549883,1218.0
1533549889,1218.0
1533549895,1218.0
1533549900,1218.0
1533549906,1218.0
1533549912,1218.0
1533549918,1218.0
1533549924,1218.0
1533549930,1218.0
1533549936,1218.0
1533549948,1218.0
1533549954,1218.0
1533549959,1218.0
1533549965,1218.0
1533549970,1223.0
1533549976,1223.0
1533549982,1223.0
1533549988,1223.0
1533549994,1223.0
1533549999,1223.0
1533550004,1223.0
1533550010,1223.0
1533550015,1223.0
1533550021,1223.0
1533550027,1223.0
1533550032,1223.0
1533550037,1224.0
1533550043,1224.0
1533550048,1224.0
1533550054,1225.0
1533550059,1225.0
1533550065,1224.0
1533550070,1223.0
1533550076,1223.0
1533550082,1221.0
1533550088,1218.0
1533550094,1216.0
1533550099,1214.0
1533550105,1212.0
1533550111,1209.0
1533550117,1209.0
1533550129,1208.0
1533550135,1208.0
1533550141,1207.0
1533550147,1206.0
1533550152,1205.0
1533550157,1205.0
1533550163,1205.0
1533550169,1205.0
1533550174,1205.0
1533550180,1205.0
1533550185,1206.0
1533550191,1208.0
1533550197,1209.0
1533550202,1211.0
1533550207,1212.0
1533550212,1213.0
1533550218,1214.0
1533550223,1216.0
1533550229,1217.0
1533550235,1217.0
1533550240,1216.0
1533550246,1216.0
1533550251,1215.0
1533550256,1217.0
1533550262,1219.0
1533550268,1219.0
1533550274,1222.0
1533550279,1223.0
1533550284,1224.0
1533550290,1224.0
1533550295,1224.0
1533550301,1224.0
1533550307,1224.0
1533550313,1224.0
1533550319,1224.0
1533550325,1224.0
1533550330,1223.0
1533550335,1223.0
1533550341,1223.0
1533550347,1224.0
1533550353,1224.0
1533550359,1224.0
1533550365,1224.0
1533550370,1224.0
1533550375,1224.0
1533550381,1224.0
1533550387,1224.0
1533550392,1224.0
1533550398,1224.0
1533550404,1224.0
1533550409,1224.0
1533550415,1224.0
1533550421,1224.0
1533550432,1224.0
1533550437,1224.0
1533550443,1224.0
1533550449,1224.0
1533550455,1224.0
1533550460,1224.0
1533550466,1224.0
1533550471,1224.0
1533550477,1224.0
1533550483,1224.0
1533550488,1223.0
1533550494,1223.0
1533550500,1223.0
1533550505,1223.0
1533550511,1222.0
1533550516,1222.0
1533550522,1221.0
1533550527,1220.0
1533550532,1220.0
1533550537,1221.0
1533550543,1221.0
1533550549,1221.0
1533550555,1221.0
1533550561,1221.0
1533550566,1221.0
1533550572,1221.0
1533550577,1221.0
1533550583,1221.0
1533550588,1221.0
1533550594,1221.0
1533550600,1221.0
1533550606,1222.0
1533550611,1222.0
1533550617,1223.0
1533550623,1224.0
1533550629,1226.0
1533550635,1227.0
1533550641,1226.0
1533550647,1225.0
1533550652,1224.0
1533550658,1224.0
1533550664,1222.0
1533550670,1221.0
1533550675,1221.0
1533550681,1221.0
1533550686,1219.0
1533550692,1217.0
1533550698,1218.0
1533550703,1217.0
1533550709,1217.0
1533550715,1217.0
1533550720,1217.0
1533550725,1217.0
1533550730,1217.0
1533550736,1217.0
1533550742,1217.0
1533550747,1217.0
1533550753,1215.0
1533550759,1214.0
1533550764,1214.0
1533550770,1214.0
1533550775,1213.0
1533550780,1213.0
1533550786,1211.0
1533550792,1209.0
1533550798,1207.0
1533550803,1206.0
1533550808,1205.0
1533550814,1205.0
1533550819,1205.0
1533550825,1205.0
1533550830,1205.0
1533550836,1205.0
1533550841,1205.0
1533550846,1205.0
1533550852,1205.0
1533550857,1205.0
1533550863,1205.0
1533550869,1205.0
1533550875,1205.0
1533550880,1205.0
1533550885,1204.0
1533550891,1204.0
1533550897,1207.0
1533550902,1210.0
1533550907,1213.0
1533550913,1217.0
1533550918,1219.0
1533550923,1219.0
1533550928,1219.0
1533550934,1219.0
1533550939,1219.0
1533550944,1219.0
1533550950,1219.0
1533550956,1219.0
1533550962,1221.0
1533550967,1221.0
1533550973,1222.0
1533550978,1222.0
1533550984,1222.0
1533550990,1222.0
1533550996,1222.0
1533551002,1222.0
1533551008,1222.0
1533551013,1222.0
1533551018,1222.0
1533551024,1222.0
1533551029,1222.0
1533551034,1222.0
1533551040,1222.0
1533551046,1222.0
1533551052,1222.0
1533551057,1222.0
1533551063,1222.0
1533551069,1222.0
1533551075,1222.0
1533551081,1222.0
1533551087,1222.0
1533551093,1222.0
1533551099,1222.0
1533551105,1222.0
1533551111,1222.0
1533551116,1222.0
1533551122,1222.0
1533551128,1222.0
1533551134,1222.0
1533551139,1222.0
1533551144,1222.0
1533551150,1222.0
1533551156,1222.0
1533551162,1222.0
1533551168,1222.0
1533551174,1222.0
1533551180,1222.0
1533551186,1222.0
1533551192,1222.0
1533551198,1222.0
1533551204,1222.0
1533551210,1222.0
1533551216,1220.0
1533551221,1220.0
1533551226,1220.0
1533551232,1220.0
1533551238,1220.0
1533551243,1220.0
1533551249,1220.0
1533551255,1220.0
1533551260,1220.0
1533551265,1220.0
1533551270,1220.0
1533551276,1220.0
1533551282,1220.0
1533551287,1220.0
1533551293,1220.0
1533551299,1220.0
1533551304,1220.0
1533551310,1220.0
1533551316,1220.0
1533551322,1220.0
1533551327,1220.0
1533551333,1220.0
1533551339,1220.0
1533551345,1220.0
1533551350,1220.0
1533551356,1220.0
1533551362,1220.0
1533551368,1220.0
1533551374,1220.0
1533551380,1220.0
1533551385,1220.0
1533551390,1220.0
1533551396,1220.0
1533551402,1220.0
1533551408,1220.0
1533551414,1220.0
1533551419,1220.0
1533551425,1219.0
1533551431,1219.0
1533551436,1218.0
1533551442,1218.0
1533551448,1218.0
1533551454,1218.0
1533551460,1218.0
1533551466,1218.0
1533551472,1218.0
1533551477,1218.0
1533551483,1217.0
1533551489,1217.0
1533551494,1217.0
1533551500,1215.0
1533551506,1215.0
1533551511,1214.0
1533551517,1214.0
1533551523,1214.0
1533551529,1214.0
1533551535,1214.0
1533551541,1214.0
1533551546,1214.0
1533551552,1214.0
1533551558,1214.0
1533551564,1214.0
1533551569,1214.0
1533551575,1214.0
1533551581,1214.0
1533551587,1214.0
1533551593,1214.0
1533551598,1214.0
1533551604,1214.0
1533551609,1214.0
1533551614,1214.0
1533551620,1214.0
1533551626,1214.0
1533551631,1214.0
1533551636,1214.0
1533551642,1214.0
1533551648,1214.0
1533551654,1214.0
1533551660,1214.0
1533551666,1214.0
1533551672,1214.0
1533551678,1214.0
1533551683,1214.0
1533551689,1214.0
1533551696,1214.0
1533551701,1214.0
1533551706,1214.0
1533551712,1214.0
1533551717,1214.0
1533551723,1214.0
1533551729,1214.0
1533551734,1214.0
1533551739,1214.0
1533551744,1214.0
1533551750,1214.0
1533551755,1214.0
1533551761,1214.0
1533551766,1214.0
1533551771,1214.0
1533551777,1214.0
1533551783,1214.0
1533551788,1214.0
1533551794,1214.0
1533551800,1214.0
1533551805,1214.0
1533551811,1214.0
1533551816,1214.0
1533551822,1214.0
1533551827,1214.0
1533551833,1214.0
1533551839,1214.0
1533551844,1214.0
1533551849,1214.0
1533551855,1214.0
1533551861,1214.0
1533551867,1214.0
1533551873,1214.0
1533551878,1214.0
1533551883,1214.0
1533551888,1214.0
1533551894,1214.0
1533551900,1214.0
1533551906,1214.0
1533551912,1214.0
1533551918,1214.0
1533551924,1214.0
1533551930,1214.0
1533551936,1214.0
1533551942,1214.0
1533551947,1215.0
1533551953,1214.0
1533551958,1212.0
1533551963,1210.0
1533551969,1208.0
1533551975,1206.0
1533551980,1203.0
1533551986,1201.0
1533551992,1201.0
1533551997,1201.0
1533552003,1200.0
1533552009,1200.0
1533552014,1199.0
1533552020,1198.0
1533552026,1198.0
1533552032,1197.0
1533552037,1196.0
1533552042,1196.0
1533552048,1196.0
1533552053,1197.0
1533552059,1197.0
1533552064,1199.0
1533552069,1200.0
1533552075,1202.0
1533552080,1203.0
1533552085,1205.0
1533552091,1207.0
1533552096,1209.0
1533552102,1211.0
1533552108,1212.0
1533552113,1213.0
1533552119,1215.0
1533552125,1216.0
1533552130,1218.0
1533552136,1221.0
1533552141,1223.0
1533552147,1225.0
1533552153,1228.0
1533552158,1230.0
1533552164,1232.0
1533552169,1234.0
1533552175,1235.0
1533552180,1237.0
1533552186,1239.0
1533552192,1240.0
1533552198,1241.0
1533552204,1242.0
1533552210,1243.0
1533552216,1244.0
1533552221,1245.0
1533552227,1246.0
1533552232,1247.0
1533552238,1249.0
1533552244,1251.0
1533552249,1252.0
1533552254,1252.0
1533552260,1252.0
1533552265,1251.0
1533552271,1251.0
1533552277,1251.0
1533552282,1251.0
1533552288,1251.0
1533552293,1251.0
1533552298,1251.0
1533552304,1251.0
1533552309,1251.0
1533552315,1253.0
1533552320,1253.0
1533552326,1253.0
1533552331,1252.0
1533552336,1252.0
1533552341,1252.0
1533552347,1253.0
1533552353,1253.0
1533552358,1255.0
1533552370,1255.0
1533552376,1255.0
1533552382,1254.0
1533552387,1255.0
1533552393,1256.0
1533552398,1255.0
1533552404,1254.0
1533552410,1253.0
1533552416,1252.0
1533552422,1252.0
1533552428,1252.0
1533552433,1252.0
1533552438,1252.0
1533552443,1252.0
1533552449,1252.0
1533552455,1251.0
1533552461,1249.0
1533552467,1247.0
1533552472,1244.0
1533552478,1241.0
1533552484,1238.0
1533552489,1236.0
1533552494,1233.0
1533552499,1233.0
1533552505,1228.0
1533552510,1224.0
1533552516,1220.0
1533552522,1217.0
1533552528,1215.0
1533552534,1213.0
1533552539,1211.0
1533552545,1209.0
1533552551,1209.0
1533552556,1209.0
1533552562,1209.0
1533552568,1211.0
1533552573,1214.0
1533552578,1216.0
1533552583,1220.0
1533552589,1225.0
1533552594,1228.0
1533552600,1234.0
1533552606,1238.0
1533552612,1241.0
1533552618,1244.0
1533552624,1246.0
1533552629,1248.0
1533552635,1251.0
1533552640,1252.0
1533552645,1252.0
1533552651,1252.0
1533552657,1252.0
1533552662,1252.0
1533552668,1252.0
1533552674,1253.0
1533552679,1253.0
1533552685,1252.0
1533552691,1253.0
1533552696,1256.0
1533552702,1257.0
1533552707,1257.0
1533552713,1259.0
1533552719,1260.0
1533552724,1259.0
1533552730,1257.0
1533552735,1256.0
1533552741,1255.0
1533552747,1256.0
1533552752,1258.0
1533552758,1260.0
1533552763,1260.0
1533552769,1261.0
1533552775,1261.0
1533552780,1261.0
1533552785,1260.0
1533552791,1259.0
1533552797,1258.0
1533552802,1258.0
1533552808,1258.0
1533552814,1258.0
1533552820,1257.0
1533552826,1256.0
1533552831,1255.0
1533552837,1256.0
1533552843,1257.0
1533552849,1258.0
1533552854,1260.0
1533552859,1260.0
1533552865,1260.0
1533552871,1263.0
1533552877,1265.0
1533552882,1266.0
1533552888,1268.0
1533552893,1270.0
1533552899,1272.0
1533552905,1276.0
1533552911,1279.0
1533552917,1281.0
1533552922,1284.0
1533552928,1287.0
1533552934,1288.0
1533552940,1288.0
1533552945,1288.0
1533552951,1289.0
1533552957,1291.0
1533552962,1293.0
1533552968,1294.0
1533552974,1295.0
1533552979,1297.0
1533552985,1298.0
1533552990,1299.0
1533552995,1298.0
1533553001,1297.0
1533553007,1298.0
1533553012,1296.0
1533553018,1295.0
1533553024,1296.0
1533553035,1296.0
1533553041,1296.0
1533553047,1296.0
1533553053,1296.0
1533553058,1296.0
1533553064,1296.0
1533553069,1296.0
1533553074,1296.0
1533553080,1296.0
1533553086,1296.0
1533553091,1296.0
1533553097,1296.0
1533553103,1296.0
1533553109,1296.0
1533553114,1296.0
1533553120,1296.0
1533553126,1296.0
1533553132,1296.0
1533553138,1296.0
1533553143,1296.0
1533553148,1296.0
1533553154,1296.0
1533553160,1296.0
1533553165,1296.0
1533553171,1296.0
1533553176,1296.0
1533553182,1296.0
1533553187,1296.0
1533553193,1296.0
1533553198,1296.0
1533549604,1210.0
1533549610,1210.0
1533549615,1211.0
1533549620,1212.0
1533549626,1213.0
1533549632,1213.0
1533549637,1213.0
1533549643,1212.0
1533549649,1212.0
1533549655,1213.0
1533549667,1211.0
1533549672,1211.0
1533549678,1211.0
1533549684,1209.0
1533549690,1207.0
1533549695,1207.0
1533549701,1206.0
1533549706,1205.0
1533549711,1203.0
1533549716,1202.0
1533549722,1201.0
1533549728,1200.0
1533549734,1200.0
1533549740,1201.0
1533549745,1202.0
1533549751,1203.0
1533549756,1204.0
1533549762,1205.0
1533549768,1206.0
1533549773,1207.0
1533549779,1208.0
1533549784,1209.0
1533549824,1218.0
1533549830,1219.0
1533549835,1220.0
1533549841,1221.0
1533549846,1222.0
1533549852,1223.0
1533549857,1225.0
1533549863,1225.0
1533549869,1225.0
1533549874,1226.0
1533549880,1227.0
1533549885,1227.0
1533549890,1228.0
1533549896,1229.0
1533549902,1230.0
1533549908,1231.0
1533549914,1231.0
1533549919,1230.0
1533549924,1230.0
1533549930,1231.0
1533549936,1232.0
1533549942,1232.0
1533549947,1233.0
1533549953,1232.0
1533549959,1231.0
1533549965,1231.0
1533549971,1230.0
1533549977,1229.0
1533549989,1227.0
1533549994,1227.0
1533550000,1227.0
1533550006,1227.0
1533550012,1227.0
1533550017,1227.0
1533550022,1227.0
1533550028,1227.0
1533550034,1226.0
1533550040,1227.0
1533550045,1227.0
1533550051,1226.0
1533550057,1225.0
1533550063,1224.0
1533550069,1221.0
1533550075,1220.0
1533550080,1218.0
1533550086,1217.0
1533550092,1215.0
1533550098,1214.0
1533550104,1215.0
1533550110,1215.0
1533550116,1227.0
1533550621,1217.0
1533550627,1221.0
1533550633,1227.0
1533550639,1232.0
1533550644,1242.0
1533550650,1236.0
1533550656,1236.0
1533550666,1235.0
1533550671,1232.0
1533550676,1230.0
1533550682,1228.0
1533550688,1228.0
1533550693,1228.0
1533550699,1228.0
1533550704,1228.0
1533550710,1228.0
1533550716,1228.0
1533550721,1227.0
1533550732,1227.0
1533550737,1227.0
1533550742,1227.0
1533550748,1226.0
1533550754,1226.0
1533550760,1226.0
1533550766,1226.0
1533550772,1226.0
1533550778,1226.0
1533550784,1226.0
1533550796,1226.0
1533550802,1226.0
1533550808,1226.0
1533550814,1226.0
1533550820,1226.0
1533550825,1226.0
1533550831,1226.0
1533550837,1226.0
1533550843,1226.0
1533550849,1226.0
1533550854,1226.0
1533550860,1226.0
1533550866,1226.0
1533550871,1226.0
1533550877,1226.0
1533550883,1226.0
1533550888,1226.0
1533550893,1226.0
1533550898,1226.0
1533550904,1226.0
1533550910,1225.0
1533550916,1224.0
1533550922,1221.0
1533550928,1222.0
1533550934,1222.0
1533550940,1222.0
1533550946,1222.0
1533550952,1222.0
1533550958,1222.0
1533550963,1222.0
1533550969,1222.0
1533550974,1222.0
1533550980,1222.0
1533550986,1222.0
1533550992,1222.0
1533550997,1222.0
1533551003,1222.0
1533551009,1222.0
1533551015,1222.0
1533551021,1222.0
1533551027,1222.0
1533551033,1222.0
1533551039,1222.0
1533551044,1222.0
1533551050,1222.0
1533551056,1222.0
1533551061,1222.0
1533551066,1222.0
1533551072,1222.0
1533551078,1222.0
1533551084,1222.0
1533551090,1222.0
1533551096,1222.0
1533551102,1222.0
1533551108,1222.0
1533551114,1222.0
1533551120,1222.0
1533551125,1222.0
1533551130,1222.0
1533551136,1222.0
1533551142,1222.0
1533551148,1222.0
1533551154,1222.0
1533551160,1222.0
1533551166,1222.0
1533551171,1222.0
1533551183,1222.0
1533551189,1222.0
1533551194,1222.0
1533551200,1222.0
1533551206,1222.0
1533551212,1222.0
1533551218,1222.0
1533551224,1222.0
1533551230,1222.0
1533551235,1222.0
1533551240,1223.0
1533551246,1223.0
1533551252,1223.0
1533551257,1222.0
1533551263,1222.0
1533551268,1223.0
1533551279,1223.0
1533551285,1223.0
1533551291,1223.0
1533551297,1223.0
1533551302,1223.0
1533551308,1223.0
1533551314,1223.0
1533551319,1223.0
1533551324,1223.0
1533551330,1222.0
1533551336,1222.0
1533551342,1222.0
1533551348,1222.0
1533551354,1222.0
1533551359,1222.0
1533551364,1222.0
1533551370,1222.0
1533551375,1222.0
1533551381,1222.0
1533551387,1222.0
1533551393,1222.0
1533551399,1222.0
1533551405,1223.0
1533551411,1223.0
1533551417,1223.0
1533551423,1223.0
1533551428,1223.0
1533551434,1223.0
1533551440,1223.0
1533551446,1223.0
1533551451,1223.0
1533551456,1223.0
1533551462,1222.0
1533551536,1216.0
1533551542,1213.0
1533551548,1208.0
1533551553,1205.0
1533551558,1204.0
1533551570,1208.0
1533551576,1207.0
1533551582,1204.0
1533551588,1202.0
1533551594,1200.0
1533551600,1199.0
1533551605,1198.0
1533551611,1197.0
1533551617,1199.0
1533551623,1203.0
1533551662,1216.0
1533551667,1215.0
1533551672,1214.0
1533551678,1216.0
1533551684,1218.0
1533551690,1221.0
1533551696,1222.0
1533551702,1226.0
1533551708,1229.0
1533551714,1231.0
1533551720,1232.0
1533551726,1233.0
1533551732,1235.0
1533551738,1237.0
1533551744,1237.0
1533551750,1240.0
1533551756,1241.0
1533551792,1246.0
1533551798,1245.0
1533551804,1245.0
1533551810,1245.0
1533551816,1245.0
1533551822,1245.0
1533551828,1245.0
1533551834,1245.0
1533551839,1245.0
1533551845,1244.0
1533551850,1243.0
1533551856,1241.0
1533551861,1240.0
1533551867,1237.0
1533551873,1235.0
1533551879,1235.0
1533551885,1234.0
1533551890,1232.0
1533551896,1228.0
1533551902,1227.0
1533551908,1227.0
1533551914,1227.0
1533551925,1227.0
1533551930,1228.0
1533551936,1229.0
1533551941,1228.0
1533551946,1227.0
1533551952,1226.0
1533551958,1224.0
1533551964,1223.0
1533551969,1223.0
1533551975,1221.0
1533551980,1219.0
1533551985,1219.0
1533551990,1216.0
1533551996,1215.0
1533552002,1213.0
1533552008,1212.0
1533552014,1210.0
1533552020,1210.0
1533552026,1209.0
1533552032,1210.0
1533552038,1212.0
1533552044,1211.0
1533552050,1210.0
1533552056,1210.0
1533552062,1210.0
1533552067,1210.0
1533552073,1210.0
1533552078,1211.0
1533552084,1211.0
1533552089,1211.0
1533552095,1210.0
1533552102,1209.0
1533552107,1209.0
1533552113,1209.0
1533552118,1209.0
1533552124,1209.0
1533552129,1209.0
1533552134,1209.0
1533552140,1209.0
1533552146,1209.0
1533552152,1209.0
1533552158,1210.0
1533552164,1210.0
1533552170,1210.0
1533552176,1210.0
1533552181,1210.0
1533552187,1210.0
1533552192,1210.0
1533552198,1210.0
1533552204,1210.0
1533552216,1210.0
1533552222,1210.0
1533552227,1210.0
1533552233,1210.0
1533552239,1210.0
1533552245,1210.0
1533552250,1210.0
1533552256,1210.0
1533552262,1210.0
1533552267,1210.0
1533552272,1210.0
1533552278,1210.0
1533552283,1210.0
1533552289,1210.0
1533552295,1210.0
1533552300,1212.0
1533552306,1213.0
1533552311,1213.0
1533552317,1213.0
1533552323,1214.0
1533552328,1214.0
1533552334,1214.0
1533552340,1214.0
1533552346,1214.0
1533552352,1214.0
1533552357,1214.0
1533552362,1214.0
1533552368,1214.0
1533552374,1214.0
1533552380,1214.0
1533552386,1214.0
1533552392,1214.0
1533552398,1214.0
1533552404,1214.0
1533552410,1214.0
1533552416,1214.0
1533552422,1214.0
1533552428,1214.0
1533552434,1214.0
1533552440,1214.0
1533552446,1214.0
1533552452,1214.0
1533552458,1214.0
1533552464,1214.0
1533552470,1214.0
1533552476,1214.0
1533552481,1214.0
1533552486,1214.0
1533552491,1214.0
1533552497,1214.0
1533552502,1214.0
1533552508,1214.0
1533552514,1214.0
1533552520,1214.0
1533552526,1214.0
1533552538,1214.0
1533552544,1215.0
1533552550,1215.0
1533552556,1215.0
1533552561,1215.0
1533552567,1215.0
1533552572,1215.0
1533552578,1215.0
1533552583,1215.0
1533552589,1215.0
1533552594,1215.0
1533552599,1215.0
1533552605,1215.0
1533552610,1215.0
1533552616,1215.0
1533552621,1215.0
1533552626,1215.0
1533552632,1215.0
1533552638,1215.0
1533552644,1215.0
1533552650,1215.0
1533552656,1215.0
1533552662,1215.0
1533552668,1215.0
1533552674,1215.0
1533552680,1215.0
1533552686,1215.0
1533552692,1215.0
1533552698,1215.0
1533552704,1215.0
1533552710,1215.0
1533552716,1215.0
1533552722,1215.0
1533552728,1215.0
1533552734,1215.0
1533552740,1215.0
1533552745,1215.0
1533552750,1215.0
1533552756,1216.0
1533552761,1217.0
1533552766,1218.0
1533552772,1218.0
1533552777,1218.0
1533552782,1217.0
1533552788,1216.0
1533552824,1207.0
1533552830,1208.0
1533552836,1207.0
1533552841,1207.0
1533552847,1206.0
1533552852,1205.0
1533552857,1204.0
1533552862,1203.0
1533552868,1203.0
1533552873,1203.0
1533552878,1203.0
1533552884,1203.0
1533552890,1204.0
1533552896,1204.0
1533552902,1204.0
1533552908,1204.0
1533552914,1205.0
1533552926,1206.0
1533552932,1208.0
1533552938,1211.0
1533552943,1213.0
1533552948,1213.0
1533552987,1218.0
1533552992,1220.0
1533552998,1222.0
1533553004,1223.0
1533553010,1224.0
1533553015,1225.0
1533553020,1227.0
1533553026,1229.0
1533553032,1230.0
1533553038,1230.0
1533553044,1231.0
1533553049,1233.0
1533553054,1234.0
1533553059,1237.0
1533553064,1238.0
1533553070,1239.0
1533553076,1241.0
1533553082,1241.0
1533553087,1242.0
1533553092,1243.0
1533553098,1244.0
1533553104,1244.0
1533553110,1244.0
1533553115,1245.0
1533553121,1244.0
1533553127,1243.0
1533553133,1241.0
1533553139,1241.0
1533553144,1241.0
1533553149,1241.0
1533553155,1241.0
1533553161,1241.0
1533553166,1241.0
1533553172,1240.0
1533553178,1239.0
1533553184,1239.0
1533553190,1239.0
1533553195,1239.0
1533549605,1221.0
1533549611,1222.0
1533549616,1223.0
1533549622,1225.0
1533549628,1227.0
1533549634,1228.0
1533549639,1228.0
1533549644,1229.0
1533549650,1230.0
1533549655,1231.0
1533549660,1232.0
1533549665,1233.0
1533549671,1233.0
1533549677,1233.0
1533549683,1234.0
1533549689,1237.0
1533549695,1238.0
1533549700,1239.0
1533549706,1241.0
1533549712,1241.0
1533549723,1242.0
1533549729,1243.0
1533549734,1244.0
1533549740,1246.0
1533549746,1248.0
1533549752,1249.0
1533549758,1251.0
1533549763,1251.0
1533549769,1253.0
1533549775,1253.0
1533549781,1255.0
1533549787,1254.0
1533549793,1257.0
1533549799,1260.0
1533549804,1259.0
1533549809,1259.0
1533549814,1261.0
1533549820,1264.0
1533549826,1265.0
1533549832,1268.0
1533549838,1270.0
1533549843,1270.0
1533549849,1271.0
1533549854,1270.0
1533549860,1268.0
1533549865,1268.0
1533549870,1268.0
1533549876,1268.0
1533549882,1268.0
1533549888,1269.0
1533549894,1270.0
1533549900,1270.0
1533549905,1270.0
1533549911,1270.0
1533549917,1271.0
1533549923,1271.0
1533549928,1271.0
1533549934,1271.0
1533549939,1271.0
1533549945,1271.0
1533549951,1271.0
1533549956,1271.0
1533549962,1261.0
1533549968,1261.0
1533549973,1261.0
1533549978,1261.0
1533549983,1262.0
1533549988,1262.0
1533549994,1262.0
1533550000,1263.0
1533550006,1264.0
1533550012,1264.0
1533550018,1264.0
1533550023,1264.0
1533550028,1263.0
1533550034,1261.0
1533550040,1259.0
1533550045,1258.0
1533550051,1257.0
1533550056,1256.0
1533550062,1255.0
1533550068,1252.0
1533550074,1248.0
1533550079,1245.0
1533550085,1242.0
1533550090,1240.0
1533550096,1236.0
1533550101,1234.0
1533550107,1231.0
1533550112,1229.0
1533550117,1226.0
1533550122,1223.0
1533550128,1219.0
1533550134,1216.0
1533550140,1212.0
1533550145,1209.0
1533550151,1206.0
1533550156,1204.0
1533550162,1202.0
1533550167,1199.0
1533550172,1197.0
1533550178,1192.0
1533550183,1189.0
1533550189,1188.0
1533550195,1185.0
1533550206,1184.0
1533550212,1184.0
1533550217,1183.0
1533550223,1181.0
1533550228,1180.0
1533550239,1175.0
1533550245,1174.0
1533550251,1173.0
1533550257,1170.0
1533550262,1170.0
1533550268,1168.0
1533550274,1166.0
1533550279,1163.0
1533550285,1160.0
1533550290,1157.0
1533550296,1155.0
1533550301,1153.0
1533550307,1150.0
1533550313,1148.0
1533550319,1145.0
1533550324,1143.0
1533550330,1140.0
1533550336,1138.0
1533550341,1137.0
1533550346,1137.0
1533550351,1137.0
1533550357,1137.0
1533550362,1137.0
1533550368,1137.0
1533550374,1137.0
1533550379,1137.0
1533550384,1137.0
1533550390,1137.0
1533550395,1137.0
1533550400,1137.0
1533550406,1137.0
1533550411,1135.0
1533550417,1134.0
1533550423,1135.0
1533550428,1135.0
1533550433,1137.0
1533550439,1137.0
1533550444,1137.0
1533550450,1137.0
1533550456,1137.0
1533550461,1137.0
1533550467,1137.0
1533550473,1137.0
1533550478,1137.0
1533550484,1137.0
1533550496,1137.0
1533550502,1137.0
1533550508,1137.0
1533550514,1137.0
1533550519,1137.0
1533550525,1137.0
1533550531,1137.0
1533550537,1137.0
1533550543,1137.0
1533550548,1137.0
1533550554,1137.0
1533550560,1137.0
1533550566,1137.0
1533550572,1137.0
1533550578,1137.0
1533550584,1137.0
1533550590,1137.0
1533550595,1137.0
1533550601,1137.0
1533550607,1137.0
1533550613,1137.0
1533550618,1137.0
1533550624,1137.0
1533550629,1137.0
1533550635,1137.0
1533550641,1137.0
1533550647,1137.0
1533550653,1137.0
1533550658,1137.0
1533550663,1137.0
1533550669,1137.0
1533550674,1138.0
1533550680,1140.0
1533550686,1142.0
1533550691,1143.0
1533550696,1143.0
1533550702,1144.0
1533550708,1144.0
1533550713,1146.0
1533550718,1147.0
1533550724,1149.0
1533550730,1149.0
1533550736,1151.0
1533550742,1152.0
1533550748,1154.0
1533550754,1157.0
1533550760,1158.0
1533550765,1158.0
1533550771,1159.0
1533550776,1159.0
1533550781,1159.0
1533550787,1161.0
1533550792,1162.0
1533550798,1164.0
1533550804,1165.0
1533550809,1166.0
1533550815,1166.0
1533550820,1168.0
1533550826,1168.0
1533550832,1168.0
1533550837,1168.0
1533550842,1169.0
1533550847,1169.0
1533550852,1170.0
1533550857,1172.0
1533550862,1174.0
1533550868,1174.0
1533550873,1178.0
1533550879,1179.0
1533550885,1180.0
1533550890,1183.0
1533550896,1185.0
1533550901,1187.0
1533550907,1189.0
1533550913,1189.0
1533550918,1190.0
1533550924,1192.0
1533550929,1194.0
1533550934,1195.0
1533550940,1196.0
1533550946,1199.0
1533550951,1200.0
1533550957,1203.0
1533550962,1205.0
1533550968,1207.0
1533550973,1208.0
1533550979,1210.0
1533550984,1211.0
1533550990,1214.0
1533550995,1217.0
1533551001,1219.0
1533551006,1221.0
1533551012,1223.0
1533551017,1225.0
1533551023,1226.0
1533551029,1227.0
1533551034,1227.0
1533551040,1227.0
1533551045,1227.0
1533551051,1227.0
1533551056,1228.0
1533551061,1228.0
1533551072,1230.0
1533551078,1230.0
1533551083,1231.0
1533551089,1232.0
1533551095,1233.0
1533551101,1234.0
1533551106,1235.0
1533551111,1235.0
1533551116,1235.0
1533551122,1235.0
1533551127,1236.0
1533551133,1237.0
1533551138,1237.0
1533551144,1237.0
1533551149,1237.0
1533551155,1237.0
1533551161,1237.0
1533551166,1236.0
1533551172,1238.0
1533551178,1239.0
1533551184,1240.0
1533551190,1242.0
1533551196,1244.0
1533551202,1247.0
1533551208,1249.0
1533551213,1249.0
1533551219,1249.0
1533551225,1250.0
1533551231,1252.0
1533551236,1254.0
1533551242,1256.0
1533551248,1258.0
1533551253,1259.0
1533551258,1261.0
1533551263,1263.0
1533551269,1266.0
1533551275,1269.0
1533551281,1271.0
1533551286,1275.0
1533551292,1277.0
1533551297,1279.0
1533551303,1281.0
1533551309,1282.0
1533551315,1284.0
1533551321,1286.0
1533551326,1287.0
1533551332,1289.0
1533551338,1290.0
1533551344,1291.0
1533551350,1294.0
1533551361,1294.0
1533551367,1294.0
1533551373,1294.0
1533551379,1294.0
1533551384,1294.0
1533551390,1296.0
1533551395,1297.0
1533551401,1297.0
1533551407,1298.0
1533551412,1299.0
1533551418,1300.0
1533551424,1300.0
1533551430,1302.0
1533551435,1303.0
1533551441,1304.0
1533551447,1306.0
1533551453,1306.0
1533551459,1307.0
1533551465,1306.0
1533551470,1305.0
1533551476,1305.0
1533551482,1305.0
1533551488,1305.0
1533551494,1305.0
1533551500,1305.0
1533551505,1305.0
1533551511,1305.0
1533551517,1305.0
1533551523,1305.0
1533551528,1305.0
1533551533,1305.0
1533551539,1304.0
1533551545,1304.0
1533551550,1303.0
1533551556,1301.0
1533551563,1300.0
1533551568,1298.0
1533551573,1298.0
1533551579,1297.0
1533551584,1295.0
1533551590,1294.0
1533551595,1291.0
1533551601,1289.0
1533551607,1289.0
1533551618,1290.0
1533551623,1289.0
1533551629,1289.0
1533551640,1288.0
1533551646,1286.0
1533551651,1286.0
1533551656,1285.0
1533551661,1283.0
1533551667,1281.0
1533551672,1279.0
1533551678,1276.0
1533551684,1274.0
1533551689,1273.0
1533551694,1272.0
1533551700,1269.0
1533551705,1266.0
1533551710,1263.0
1533551716,1259.0
1533551721,1257.0
1533551726,1255.0
1533551732,1254.0
1533551738,1253.0
1533551744,1252.0
1533551750,1250.0
1533551756,1247.0
1533551762,1242.0
1533551768,1239.0
1533551774,1235.0
1533551780,1231.0
1533551785,1228.0
1533551791,1225.0
1533551796,1222.0
1533551801,1220.0
1533551806,1220.0
1533551812,1220.0
1533551817,1218.0
1533551823,1215.0
1533551829,1212.0
1533551834,1209.0
1533551840,1209.0
1533551846,1211.0
1533551851,1210.0
1533551857,1206.0
1533551863,1203.0
1533551868,1200.0
1533551873,1197.0
1533551879,1192.0
1533551885,1189.0
1533551891,1186.0
1533551896,1184.0
1533551902,1180.0
1533551907,1176.0
1533551913,1171.0
1533551919,1168.0
1533551924,1166.0
1533551930,1163.0
1533551935,1161.0
1533551941,1160.0
1533551946,1158.0
1533551952,1156.0
1533551957,1155.0
1533551963,1155.0
1533551968,1155.0
1533551974,1155.0
1533551980,1154.0
1533551985,1154.0
1533551991,1155.0
1533551996,1154.0
1533552002,1154.0
1533552008,1154.0
1533552013,1152.0
1533552019,1151.0
1533552025,1149.0
1533552031,1147.0
1533552036,1145.0
1533552041,1145.0
1533552046,1144.0
1533552052,1142.0
1533552058,1141.0
1533552064,1142.0
1533552070,1142.0
1533552075,1142.0
1533552080,1142.0
1533552086,1142.0
1533552092,1142.0
1533552098,1142.0
1533552104,1142.0
1533552110,1142.0
1533552116,1142.0
1533552122,1142.0
1533552127,1142.0
1533552133,1142.0
1533552138,1142.0
1533552143,1142.0
1533552149,1142.0
1533552155,1142.0
1533552160,1142.0
1533552166,1142.0
1533552172,1142.0
1533552177,1142.0
1533552183,1142.0
1533552188,1142.0
1533552194,1142.0
1533552200,1142.0
1533552206,1142.0
1533552212,1142.0
1533552218,1142.0
1533552223,1142.0
1533552229,1142.0
1533552234,1143.0
1533552240,1145.0
1533552246,1146.0
1533552251,1148.0
1533552257,1150.0
1533552262,1151.0
1533552268,1152.0
1533552274,1154.0
1533552279,1155.0
1533552285,1156.0
1533552290,1157.0
1533552296,1158.0
1533552302,1160.0
1533552308,1161.0
1533552314,1161.0
1533552319,1162.0
1533552325,1162.0
1533552331,1162.0
1533552336,1162.0
1533552342,1163.0
1533552347,1164.0
1533552353,1166.0
1533552359,1168.0
1533552364,1168.0
1533552369,1169.0
1533552374,1169.0
1533552380,1169.0
1533552386,1170.0
1533552392,1173.0
1533552397,1176.0
1533552402,1177.0
1533552408,1178.0
1533552414,1180.0
1533552420,1183.0
1533552426,1185.0
1533552431,1188.0
1533552437,1190.0
1533552442,1191.0
1533552448,1189.0
1533552454,1187.0
1533552460,1187.0
1533552465,1188.0
1533552470,1190.0
1533552476,1193.0
1533552482,1194.0
1533552487,1196.0
1533552492,1199.0
1533552498,1203.0
1533552503,1205.0
1533552509,1208.0
1533552515,1211.0
1533552521,1213.0
1533552527,1216.0
1533552532,1219.0
1533552538,1221.0
1533552549,1225.0
1533552555,1228.0
1533552560,1230.0
1533552566,1232.0
1533552572,1230.0
1533552578,1231.0
1533552584,1234.0
1533552590,1238.0
1533552596,1242.0
1533552602,1242.0
1533552608,1244.0
1533552613,1246.0
1533552618,1247.0
1533552624,1249.0
1533552629,1250.0
1533552635,1251.0
1533552640,1250.0
1533552646,1252.0
1533552651,1255.0
1533552656,1259.0
1533552662,1260.0
1533552668,1263.0
1533552673,1266.0
1533552679,1269.0
1533552684,1269.0
1533552690,1271.0
1533552696,1272.0
1533552702,1274.0
1533552707,1276.0
1533552713,1278.0
1533552719,1280.0
1533552724,1282.0
1533552730,1284.0
1533552735,1285.0
1533552741,1286.0
1533552746,1288.0
1533552752,1289.0
1533552758,1288.0
1533552763,1289.0
1533552769,1289.0
1533552774,1289.0
1533552780,1290.0
1533552786,1290.0
1533552791,1290.0
1533552797,1291.0
1533552803,1291.0
1533552808,1291.0
1533552814,1292.0
1533552819,1293.0
1533552825,1293.0
1533552830,1293.0
1533552836,1295.0
1533552842,1296.0
1533552848,1297.0
1533552854,1297.0
1533552860,1297.0
1533552871,1298.0
1533552876,1299.0
1533552882,1299.0
1533552888,1299.0
1533552894,1301.0
1533552900,1304.0
1533552905,1305.0
1533552911,1304.0
1533552917,1304.0
1533552923,1304.0
1533552929,1303.0
1533552934,1303.0
1533552940,1302.0
1533552945,1302.0
1533552950,1302.0
1533552956,1303.0
1533552968,1303.0
1533552973,1303.0
1533552979,1303.0
1533552984,1303.0
1533552990,1303.0
1533552995,1303.0
1533553001,1303.0
1533553006,1301.0
1533553012,1300.0
1533553018,1300.0
1533553023,1299.0
1533553028,1298.0
1533553034,1295.0
1533553040,1293.0
1533553046,1291.0
1533553052,1291.0
1533553058,1292.0
1533553063,1292.0
1533553069,1291.0
1533553074,1291.0
1533553080,1291.0
1533553086,1291.0
1533553092,1292.0
1533553098,1292.0
1533553103,1292.0
1533553109,1291.0
1533553114,1290.0
1533553120,1288.0
1533553126,1285.0
1533553131,1283.0
1533553137,1279.0
1533553142,1278.0
1533553148,1275.0
1533553153,1273.0
1533553159,1270.0
1533553165,1268.0
1533553171,1265.0
1533553177,1263.0
1533553182,1260.0
1533553188,1258.0
1533553193,1257.0
1533553199,1256.0
1533553204,1298.0
1533553209,1298.0
1533553214,1298.0
1533553220,1298.0
1533553226,1298.0
1533553232,1298.0
1533553237,1298.0
1533553243,1298.0
1533553248,1298.0
1533553254,1298.0
1533553259,1298.0
1533553265,1298.0
1533553270,1298.0
1533553321,1306.0
1533553327,1307.0
1533553332,1313.0
1533553337,1314.0
1533553351,1305.0
1533553357,1304.0
1533553363,1301.0
1533553369,1300.0
1533553375,1300.0
1533553381,1300.0
1533553386,1300.0
1533553392,1300.0
1533553398,1300.0
1533553403,1300.0
1533553408,1300.0
1533553414,1300.0
1533553420,1300.0
1533553426,1300.0
1533553432,1300.0
1533553438,1300.0
1533553444,1300.0
1533553450,1300.0
1533553455,1300.0
1533553461,1300.0
1533553466,1300.0
1533553472,1300.0
1533553477,1300.0
1533553483,1300.0
1533553489,1300.0
1533553494,1300.0
1533553499,1300.0
1533553505,1300.0
1533553510,1300.0
1533553516,1300.0
1533553521,1300.0
1533553527,1300.0
1533553532,1300.0
1533553538,1300.0
1533553543,1300.0
1533553548,1300.0
1533553553,1300.0
1533553559,1300.0
1533553565,1300.0
1533553570,1300.0
1533553576,1300.0
1533553582,1300.0
1533553588,1300.0
1533553593,1300.0
1533553599,1300.0
1533553604,1300.0
1533553609,1300.0
1533553615,1300.0
1533553621,1300.0
1533553626,1300.0
1533553632,1300.0
1533553637,1300.0
1533553643,1300.0
1533553648,1300.0
1533553653,1300.0
1533553659,1300.0
1533553664,1300.0
1533553670,1300.0
1533553675,1300.0
1533553681,1300.0
1533553687,1300.0
1533553693,1300.0
1533553699,1300.0
1533553705,1300.0
1533553711,1300.0
1533553717,1300.0
1533553722,1300.0
1533553728,1300.0
1533553734,1300.0
1533553740,1300.0
1533553745,1300.0
1533553750,1300.0
1533553756,1300.0
1533553761,1300.0
1533553767,1300.0
1533553772,1300.0
1533553777,1300.0
1533553783,1300.0
1533553789,1300.0
1533554310,181.0
1533554316,181.0
1533554322,181.0
1533554328,181.0
1533554336,180.0
1533554342,809.0
1533553201,1229.0
1533553206,1229.0
1533553212,1229.0
1533553218,1228.0
1533553223,1228.0
1533553229,1228.0
1533553235,1228.0
1533553245,1228.0
1533553251,1225.0
1533553256,1222.0
1533553262,1217.0
1533553268,1213.0
1533553274,1212.0
1533553280,1211.0
1533553286,1213.0
1533553291,1213.0
1533553296,1212.0
1533553302,1212.0
1533553308,1211.0
1533553314,1211.0
1533553319,1211.0
1533553325,1211.0
1533553331,1210.0
1533553337,1210.0
1533553343,1210.0
1533553348,1210.0
1533553354,1210.0
1533553359,1211.0
1533553364,1218.0
1533553370,1215.0
1533553376,1213.0
1533553381,1213.0
1533553387,1209.0
1533553393,1209.0
1533553399,1208.0
1533553404,1204.0
1533553409,1204.0
1533553414,1206.0
1533553420,1208.0
1533553426,1210.0
1533553432,1211.0
1533553438,1211.0
1533553443,1211.0
1533553448,1211.0
1533553454,1211.0
1533553460,1211.0
1533553501,1220.0
1533553507,1222.0
1533553512,1220.0
1533553518,1219.0
1533553523,1217.0
1533553528,1218.0
1533553534,1222.0
1533553539,1224.0
1533553544,1225.0
1533553550,1224.0
1533553556,1223.0
1533553562,1221.0
1533553568,1219.0
1533553573,1220.0
1533553579,1222.0
1533553584,1223.0
1533553590,1223.0
1533553596,1223.0
1533553602,1223.0
1533553607,1223.0
1533553612,1223.0
1533553618,1223.0
1533553624,1223.0
1533553629,1223.0
1533553634,1223.0
1533553640,1223.0
1533553646,1223.0
1533553651,1223.0
1533553657,1223.0
1533553663,1223.0
1533553669,1223.0
1533553675,1223.0
1533553681,1223.0
1533553686,1223.0
1533553692,1223.0
1533553698,1223.0
1533553703,1223.0
1533553709,1223.0
1533553714,1223.0
1533553720,1223.0
1533553726,1223.0
1533553732,1223.0
1533553739,1223.0
1533553744,1223.0
1533553749,1223.0
1533553754,1223.0
1533553760,1223.0
1533553766,1223.0
1533553772,1223.0
1533553778,1223.0
1533553784,1223.0
1533553790,1223.0
1533553796,1223.0
1533553801,1223.0
1533553807,1223.0
1533553812,1223.0
1533553818,1223.0
1533553823,1223.0
1533553829,1223.0
1533553835,1223.0
1533553841,1223.0
1533553847,1223.0
1533553853,1223.0
1533553859,1223.0
1533553865,1223.0
1533553870,1223.0
1533553876,1223.0
1533553882,1223.0
1533553887,1223.0
1533553892,1223.0
1533553898,1223.0
1533553904,1223.0
1533553910,1223.0
1533553916,1223.0
1533553921,1223.0
1533553927,1223.0
1533553932,1223.0
1533553938,1223.0
1533553944,1223.0
1533553954,1223.0
1533553960,1223.0
1533553966,1223.0
1533553972,1223.0
1533553977,1223.0
1533553982,1223.0
1533553988,1224.0
1533553994,1224.0
1533554000,1224.0
1533554006,1224.0
1533554012,1223.0
1533554018,1222.0
1533554024,1221.0
1533554030,1220.0
1533554036,1217.0
1533554041,1215.0
1533554046,1213.0
1533554052,1212.0
1533554058,1211.0
1533554063,1212.0
1533554069,1211.0
1533554074,1210.0
1533554080,1210.0
1533554086,1209.0
1533554092,1207.0
1533554098,1206.0
1533554104,1204.0
1533554207,1218.0
1533554213,1219.0
1533554218,1220.0
1533554224,1220.0
1533554230,1221.0
1533554235,1222.0
1533554240,1223.0
1533554246,1224.0
1533554252,1225.0
1533554258,1225.0
1533554264,1225.0
1533554276,1227.0
1533554282,1227.0
1533554288,1228.0
1533554294,1228.0
1533554300,1228.0
1533554305,1229.0
1533554311,1229.0
1533554317,1230.0
1533554322,1231.0
1533554328,1231.0
1533554333,1231.0
1533554339,1230.0
1533554344,1231.0
1533554350,1231.0
1533554356,1231.0
1533554361,1230.0
1533554366,1230.0
1533554371,1231.0
1533554377,1231.0
1533554382,1232.0
1533554387,1233.0
1533554393,1234.0
1533554398,1234.0
1533554404,1234.0
1533554410,1234.0
1533554415,1234.0
1533554420,1234.0
1533554426,1234.0
1533554432,1234.0
1533554438,1234.0
1533554444,1234.0
1533554450,1234.0
1533554456,1234.0
1533554462,1234.0
1533554468,1234.0
1533554474,1234.0
1533554480,1234.0
1533554486,1234.0
1533554492,1234.0
1533554497,1234.0
1533554503,1234.0
1533554509,1234.0
1533554514,1234.0
1533554520,1234.0
1533554525,1234.0
1533554530,1234.0
1533554536,1234.0
1533554542,1234.0
1533554549,1234.0
1533554555,1234.0
1533554567,1234.0
1533554573,1234.0
1533554578,1234.0
1533554584,1234.0
1533554589,1234.0
1533554595,1234.0
1533554600,1234.0
1533554605,1234.0
1533554611,1234.0
1533554617,1235.0
1533554623,1235.0
1533554629,1235.0
1533554635,1235.0
1533554640,1234.0
1533554645,1233.0
1533554651,1231.0
1533554662,1227.0
1533554668,1227.0
1533554673,1226.0
1533554678,1225.0
1533554684,1224.0
1533554726,1222.0
1533554732,1222.0
1533554738,1222.0
1533554744,1222.0
1533554750,1222.0
1533554756,1222.0
1533554762,1222.0
1533554768,1223.0
1533554774,1222.0
1533554780,1222.0
1533554792,1218.0
1533554798,1217.0
1533554804,1214.0
1533554810,1210.0
1533554816,1208.0
1533554822,1205.0
1533554828,1203.0
1533554834,1201.0
1533554839,1200.0
1533554845,1198.0
1533554850,1199.0
1533554885,1218.0
1533554890,1217.0
1533554896,1215.0
1533554902,1214.0
1533554908,1214.0
1533554914,1214.0
1533554920,1214.0
1533554925,1215.0
1533554930,1215.0
1533554936,1215.0
1533554942,1215.0
1533554948,1215.0
1533554953,1215.0
1533554958,1215.0
1533554964,1215.0
1533554969,1215.0
1533554974,1215.0
1533554979,1215.0
1533554984,1215.0
1533554990,1215.0
1533554995,1215.0
1533555001,1215.0
1533555007,1215.0
1533555013,1215.0
1533555019,1215.0
1533555025,1215.0
1533555030,1215.0
1533555036,1215.0
1533555042,1215.0
1533555048,1215.0
1533555053,1215.0
1533555059,1215.0
1533555064,1215.0
1533555070,1215.0
1533555076,1215.0
1533555081,1215.0
1533555086,1215.0
1533555092,1215.0
1533555098,1215.0
1533555104,1215.0
1533555110,1215.0
1533555115,1215.0
1533555121,1215.0
1533555126,1215.0
1533555132,1215.0
1533555138,1215.0
1533555144,1215.0
1533555149,1215.0
1533555154,1215.0
1533555160,1215.0
1533555165,1215.0
1533555177,1215.0
1533555183,1215.0
1533555188,1215.0
1533555194,1215.0
1533555200,1215.0
1533555206,1215.0
1533555211,1215.0
1533555217,1215.0
1533555223,1215.0
1533555228,1215.0
1533555234,1215.0
1533555240,1215.0
1533555245,1215.0
1533555251,1215.0
1533555257,1215.0
1533555262,1215.0
1533555272,1216.0
1533555278,1215.0
1533555284,1216.0
1533555290,1216.0
1533555296,1215.0
1533555301,1215.0
1533555307,1216.0
1533555313,1218.0
1533555319,1218.0
1533555324,1218.0
1533555330,1217.0
1533555336,1213.0
1533555341,1212.0
1533555347,1210.0
1533555352,1208.0
1533555357,1205.0
1533555363,1203.0
1533555368,1201.0
1533555374,1199.0
1533555380,1197.0
1533555386,1195.0
1533555392,1194.0
1533555397,1192.0
1533555403,1195.0
1533555408,1198.0
1533555414,1199.0
1533555420,1200.0
1533555426,1202.0
1533555431,1204.0
1533555436,1209.0
1533555442,1211.0
1533555448,1212.0
1533555453,1213.0
1533555458,1215.0
1533555463,1218.0
1533555468,1220.0
1533555474,1222.0
1533555480,1223.0
1533555486,1222.0
1533555492,1223.0
1533555498,1224.0
1533555503,1225.0
1533555509,1226.0
1533555514,1227.0
1533555520,1229.0
1533555531,1230.0
1533555537,1231.0
1533555542,1231.0
1533555547,1232.0
1533555553,1231.0
1533555564,1230.0
1533555570,1229.0
1533555575,1227.0
1533555581,1226.0
1533555586,1225.0
1533555592,1226.0
1533555597,1228.0
1533555603,1231.0
1533555608,1233.0
1533555614,1235.0
1533555620,1235.0
1533555626,1237.0
1533555631,1240.0
1533555637,1241.0
1533555643,1239.0
1533555649,1239.0
1533555655,1239.0
1533555661,1239.0
1533555666,1237.0
1533555671,1237.0
1533555676,1237.0
1533555681,1237.0
1533555687,1237.0
1533555692,1237.0
1533555698,1237.0
1533555704,1237.0
1533555710,1237.0
1533555716,1237.0
1533555722,1237.0
1533555728,1237.0
1533555734,1237.0
1533555740,1237.0
1533555746,1237.0
1533555752,1237.0
1533555758,1236.0
1533555764,1235.0
1533555770,1234.0
1533555776,1232.0
1533555782,1229.0
1533555787,1227.0
1533555793,1225.0
1533555799,1223.0
1533555805,1220.0
1533555810,1220.0
1533555821,1223.0
1533555827,1222.0
1533555832,1221.0
1533555837,1222.0
1533555842,1223.0
1533555884,1234.0
1533555890,1234.0
1533555896,1234.0
1533555902,1234.0
1533555908,1234.0
1533555914,1234.0
1533555920,1233.0
1533555926,1233.0
1533555932,1233.0
1533555938,1233.0
1533555950,1235.0
1533555955,1235.0
1533555961,1235.0
1533555967,1235.0
1533555973,1234.0
1533555979,1234.0
1533555985,1235.0
1533555991,1237.0
1533555997,1239.0
1533556002,1240.0
1533556007,1242.0
1533556108,1271.0
1533556114,1272.0
1533556120,1271.0
1533556126,1270.0
1533556132,1270.0
1533556138,1269.0
1533556144,1268.0
1533556150,1266.0
1533556155,1265.0
1533556161,1265.0
1533556166,1264.0
1533556171,1264.0
1533556177,1262.0
1533556183,1262.0
1533556189,1261.0
1533556195,1261.0
1533556206,1261.0
1533556212,1261.0
1533556217,1262.0
1533556222,1262.0
1533556228,1258.0
1533556234,1256.0
1533556239,1257.0
1533556245,1258.0
1533556250,1259.0
1533556255,1260.0
1533556261,1261.0
1533556335,1286.0
1533556340,1288.0
1533556346,1290.0
1533556352,1292.0
1533556358,1294.0
1533556364,1296.0
1533556370,1301.0
1533556376,1303.0
1533556381,1303.0
1533556386,1304.0
1533556392,1305.0
1533556398,1306.0
1533556404,1305.0
1533556410,1306.0
1533556415,1305.0
1533556420,1306.0
1533556431,1302.0
1533556436,1301.0
1533556442,1302.0
1533556448,1301.0
1533556454,1302.0
1533556460,1300.0
1533556466,1298.0
1533556472,1299.0
1533556478,1300.0
1533556484,1299.0
1533556490,1298.0
1533556496,1300.0
1533556502,1299.0
1533556508,1300.0
1533556514,1299.0
1533556520,1298.0
1533556526,1299.0
1533556532,1298.0
1533556538,1297.0
1533556544,1298.0
1533556550,1298.0
1533556562,1297.0
1533556568,1297.0
1533556574,1297.0
1533556580,1297.0
1533556586,1297.0
1533556592,1297.0
1533556598,1297.0
1533556604,1297.0
1533556610,1297.0
1533556616,1297.0
1533556621,1297.0
1533556626,1297.0
1533556632,1297.0
1533553205,1264.0
1533553210,1264.0
1533553216,1263.0
1533553221,1262.0
1533553226,1258.0
1533553232,1254.0
1533553237,1252.0
1533553243,1249.0
1533553248,1245.0
1533553253,1242.0
1533553259,1238.0
1533553265,1235.0
1533553271,1231.0
1533553277,1226.0
1533553283,1221.0
1533553289,1217.0
1533553295,1215.0
1533553301,1214.0
1533553307,1212.0
1533553313,1210.0
1533553319,1208.0
1533553325,1205.0
1533553331,1204.0
1533553337,1204.0
1533553343,1201.0
1533553349,1199.0
1533553354,1196.0
1533553360,1193.0
1533553366,1192.0
1533553372,1190.0
1533553378,1187.0
1533553383,1185.0
1533553389,1184.0
1533553394,1183.0
1533553399,1182.0
1533553405,1181.0
1533553411,1180.0
1533553417,1179.0
1533553422,1179.0
1533553427,1179.0
1533553433,1179.0
1533553438,1178.0
1533553449,1177.0
1533553454,1176.0
1533553460,1174.0
1533553466,1172.0
1533553471,1170.0
1533553477,1167.0
1533553482,1163.0
1533553488,1159.0
1533553494,1156.0
1533553500,1156.0
1533553506,1154.0
1533553512,1154.0
1533553518,1154.0
1533553523,1154.0
1533553528,1154.0
1533553534,1154.0
1533553540,1154.0
1533553545,1154.0
1533553550,1154.0
1533553556,1154.0
1533553561,1154.0
1533553567,1154.0
1533553572,1154.0
1533553578,1154.0
1533553584,1154.0
1533553590,1154.0
1533553596,1154.0
1533553602,1154.0
1533553608,1154.0
1533553614,1153.0
1533553619,1154.0
1533553625,1154.0
1533553630,1154.0
1533553641,1153.0
1533553647,1153.0
1533553652,1153.0
1533553658,1153.0
1533553663,1153.0
1533553669,1153.0
1533553675,1153.0
1533553681,1153.0
1533553687,1153.0
1533553693,1153.0
1533553699,1153.0
1533553705,1154.0
1533553711,1156.0
1533553717,1156.0
1533553722,1159.0
1533553728,1161.0
1533553739,1164.0
1533553745,1167.0
1533553750,1168.0
1533553755,1170.0
1533553760,1172.0
1533553766,1173.0
1533553771,1173.0
1533553776,1174.0
1533553781,1174.0
1533553787,1175.0
1533553793,1175.0
1533553799,1176.0
1533553805,1179.0
1533553811,1182.0
1533553817,1183.0
1533553823,1184.0
1533553829,1185.0
1533553835,1185.0
1533553841,1185.0
1533553847,1185.0
1533553852,1185.0
1533553858,1185.0
1533553864,1187.0
1533553870,1190.0
1533553875,1192.0
1533553881,1194.0
1533553887,1196.0
1533553893,1198.0
1533553898,1201.0
1533553904,1203.0
1533553910,1205.0
1533553916,1207.0
1533553922,1208.0
1533553928,1209.0
1533553933,1209.0
1533553938,1211.0
1533553944,1212.0
1533553950,1214.0
1533553955,1215.0
1533553961,1216.0
1533553966,1216.0
1533553972,1218.0
1533553978,1220.0
1533553984,1220.0
1533553990,1222.0
1533553995,1225.0
1533554001,1227.0
1533554007,1230.0
1533554012,1231.0
1533554018,1233.0
1533554023,1235.0
1533554028,1236.0
1533554034,1238.0
1533554040,1239.0
1533554045,1240.0
1533554050,1241.0
1533554061,1243.0
1533554067,1244.0
1533554073,1247.0
1533554079,1250.0
1533554084,1251.0
1533554090,1253.0
1533554095,1254.0
1533554101,1257.0
1533554106,1258.0
1533554112,1260.0
1533554118,1261.0
1533554124,1261.0
1533554130,1262.0
1533554135,1261.0
1533554140,1261.0
1533554146,1262.0
1533554152,1264.0
1533554157,1265.0
1533554162,1267.0
1533554168,1270.0
1533554174,1271.0
1533554180,1273.0
1533554186,1275.0
1533554191,1278.0
1533554197,1280.0
1533554202,1281.0
1533554207,1282.0
1533554213,1283.0
1533554219,1283.0
1533554224,1285.0
1533554230,1286.0
1533554235,1286.0
1533554241,1288.0
1533554252,1291.0
1533554258,1293.0
1533554264,1293.0
1533554269,1296.0
1533554275,1296.0
1533554281,1295.0
1533554286,1295.0
1533554292,1296.0
1533554298,1296.0
1533554304,1297.0
1533554310,1297.0
1533554316,1298.0
1533554321,1298.0
1533554327,1298.0
1533554332,1298.0
1533554338,1298.0
1533554344,1298.0
1533554350,1298.0
1533554355,1299.0
1533554360,1299.0
1533554366,1300.0
1533554372,1301.0
1533554377,1301.0
1533554383,1302.0
1533554388,1302.0
1533554394,1303.0
1533554400,1304.0
1533554406,1305.0
1533554411,1304.0
1533554417,1305.0
1533554423,1306.0
1533554428,1306.0
1533554434,1308.0
1533554439,1309.0
1533554444,1310.0
1533554450,1310.0
1533554456,1310.0
1533554462,1309.0
1533554468,1309.0
1533554474,1310.0
1533554479,1310.0
1533554485,1310.0
1533554491,1310.0
1533554497,1310.0
1533554502,1310.0
1533554508,1310.0
1533554514,1310.0
1533554520,1310.0
1533554525,1310.0
1533554531,1310.0
1533554542,1309.0
1533554548,1307.0
1533554554,1307.0
1533554559,1306.0
1533554564,1306.0
1533554569,1305.0
1533554575,1305.0
1533554581,1303.0
1533554586,1303.0
1533554591,1302.0
1533554597,1302.0
1533554602,1302.0
1533554607,1302.0
1533554613,1302.0
1533554618,1302.0
1533554623,1302.0
1533554628,1302.0
1533554634,1302.0
1533554640,1301.0
1533554645,1300.0
1533554651,1299.0
1533554656,1297.0
1533554661,1294.0
1533554666,1292.0
1533554672,1289.0
1533554678,1286.0
1533554684,1281.0
1533554689,1279.0
1533554695,1276.0
1533554701,1274.0
1533554707,1273.0
1533554713,1270.0
1533554718,1268.0
1533554724,1265.0
1533554735,1264.0
1533554741,1263.0
1533554746,1262.0
1533554752,1259.0
1533554758,1256.0
1533554763,1253.0
1533554769,1251.0
1533554774,1249.0
1533554779,1245.0
1533554785,1240.0
1533554791,1236.0
1533554797,1234.0
1533554802,1233.0
1533554808,1229.0
1533554814,1225.0
1533554820,1222.0
1533554826,1219.0
1533554831,1216.0
1533554837,1216.0
1533554842,1213.0
1533554848,1211.0
1533554854,1208.0
1533554860,1204.0
1533554865,1202.0
1533554871,1201.0
1533554877,1201.0
1533554882,1200.0
1533554888,1201.0
1533554893,1202.0
1533554899,1203.0
1533554904,1202.0
1533554910,1202.0
1533554916,1198.0
1533554921,1195.0
1533554926,1192.0
1533554931,1189.0
1533554937,1186.0
1533554943,1181.0
1533554949,1178.0
1533554961,1174.0
1533554967,1173.0
1533554973,1173.0
1533554979,1159.0
1533554984,1158.0
1533554990,1157.0
1533554996,1157.0
1533555001,1156.0
1533555007,1156.0
1533555013,1156.0
1533555024,1156.0
1533555030,1156.0
1533555035,1157.0
1533555041,1157.0
1533555047,1157.0
1533555053,1157.0
1533555059,1157.0
1533555065,1157.0
1533555071,1157.0
1533555077,1156.0
1533555083,1156.0
1533555089,1156.0
1533555095,1156.0
1533555100,1155.0
1533555106,1154.0
1533555112,1153.0
1533555118,1151.0
1533555124,1149.0
1533555129,1147.0
1533555134,1146.0
1533555139,1146.0
1533555144,1146.0
1533555150,1146.0
1533555156,1146.0
1533555164,1146.0
1533555169,1146.0
1533555175,1146.0
1533555180,1146.0
1533555185,1146.0
1533555191,1146.0
1533555197,1146.0
1533555203,1146.0
1533555209,1146.0
1533555214,1146.0
1533555219,1146.0
1533555225,1146.0
1533555230,1146.0
1533555235,1146.0
1533555241,1146.0
1533555247,1146.0
1533555253,1146.0
1533555259,1146.0
1533555265,1146.0
1533555270,1146.0
1533555276,1146.0
1533555281,1146.0
1533555287,1146.0
1533555293,1146.0
1533555298,1146.0
1533555303,1146.0
1533555309,1146.0
1533555314,1146.0
1533555319,1146.0
1533555325,1146.0
1533555331,1146.0
1533555337,1146.0
1533555342,1146.0
1533555347,1146.0
1533555352,1146.0
1533555358,1146.0
1533555364,1146.0
1533555369,1146.0
1533555375,1146.0
1533555381,1146.0
1533555386,1145.0
1533555392,1145.0
1533555398,1141.0
1533555404,1136.0
1533555409,1131.0
1533555415,1126.0
1533555420,1124.0
1533555426,1124.0
1533555432,1124.0
1533555438,1123.0
1533555443,1123.0
1533555449,1123.0
1533555454,1123.0
1533555460,1122.0
1533555466,1122.0
1533555472,1123.0
1533555478,1123.0
1533555484,1123.0
1533555490,1123.0
1533555495,1122.0
1533555501,1121.0
1533555506,1120.0
1533555511,1121.0
1533555517,1122.0
1533555523,1123.0
1533555528,1122.0
1533555534,1121.0
1533555539,1121.0
1533555545,1121.0
1533555551,1122.0
1533555556,1123.0
1533555562,1123.0
1533555568,1123.0
1533555573,1123.0
1533555578,1124.0
1533555584,1124.0
1533555590,1124.0
1533555595,1124.0
1533555601,1124.0
1533555606,1124.0
1533555612,1124.0
1533555617,1124.0
1533555623,1125.0
1533555629,1125.0
1533555635,1125.0
1533555641,1125.0
1533555647,1126.0
1533555652,1126.0
1533555658,1126.0
1533555664,1126.0
1533555669,1126.0
1533555675,1126.0
1533555680,1126.0
1533555686,1126.0
1533555692,1126.0
1533555698,1126.0
1533555703,1126.0
1533555709,1126.0
1533555715,1126.0
1533555720,1126.0
1533555725,1126.0
1533555731,1126.0
1533555737,1126.0
1533555743,1126.0
1533555749,1126.0
1533555754,1126.0
1533555759,1126.0
1533555764,1126.0
1533555770,1126.0
1533555775,1126.0
1533555781,1126.0
1533555787,1126.0
1533555798,1130.0
1533555805,1134.0
1533555811,1138.0
1533555816,1140.0
1533555822,1141.0
1533555828,1143.0
1533555834,1145.0
1533555840,1146.0
1533555846,1147.0
1533555851,1148.0
1533555857,1149.0
1533555862,1150.0
1533555868,1151.0
1533555874,1152.0
1533555880,1153.0
1533555886,1155.0
1533555892,1156.0
1533555897,1157.0
1533555903,1157.0
1533555909,1158.0
1533555915,1157.0
1533555921,1157.0
1533555926,1158.0
1533555932,1157.0
1533555939,1159.0
1533555945,1160.0
1533555956,1163.0
1533555962,1165.0
1533555968,1166.0
1533555973,1167.0
1533555978,1166.0
1533555984,1166.0
1533555989,1165.0
1533555994,1166.0
1533556000,1167.0
1533556005,1168.0
1533556011,1171.0
1533556017,1175.0
1533556023,1177.0
1533556029,1177.0
1533556034,1179.0
1533556039,1181.0
1533556044,1183.0
1533556050,1186.0
1533556056,1189.0
1533556062,1189.0
1533556068,1188.0
1533556074,1191.0
1533556079,1191.0
1533556085,1194.0
1533556091,1200.0
1533556097,1205.0
1533556102,1208.0
1533556108,1210.0
1533556114,1211.0
1533556119,1213.0
1533556125,1216.0
1533556130,1219.0
1533556136,1223.0
1533556142,1225.0
1533556147,1227.0
1533556153,1231.0
1533556159,1232.0
1533556164,1232.0
1533556170,1232.0
1533556175,1233.0
1533556180,1235.0
1533556186,1236.0
1533556192,1237.0
1533556198,1240.0
1533556204,1244.0
1533556210,1246.0
1533556215,1246.0
1533556220,1249.0
1533556226,1252.0
1533556232,1255.0
1533556238,1257.0
1533556244,1258.0
1533556250,1258.0
1533556256,1258.0
1533556262,1260.0
1533556268,1263.0
1533556273,1265.0
1533556278,1268.0
1533556283,1271.0
1533556289,1272.0
1533556294,1273.0
1533556300,1273.0
1533556310,1276.0
1533556316,1277.0
1533556322,1278.0
1533556328,1281.0
1533556333,1282.0
1533556338,1283.0
1533556343,1284.0
1533556349,1284.0
1533556355,1284.0
1533556361,1283.0
1533556367,1283.0
1533556373,1283.0
1533556379,1283.0
1533556384,1283.0
1533556389,1283.0
1533556394,1282.0
1533556400,1283.0
1533556406,1283.0
1533556412,1283.0
1533556418,1282.0
1533556424,1283.0
1533556429,1284.0
1533556435,1284.0
1533556441,1284.0
1533556447,1285.0
1533556453,1286.0
1533556458,1286.0
1533556463,1287.0
1533556469,1288.0
1533556475,1290.0
1533556481,1292.0
1533556486,1292.0
1533556492,1292.0
1533556498,1292.0
1533556504,1293.0
1533556510,1293.0
1533556516,1293.0
1533556522,1293.0
1533556528,1293.0
1533556534,1293.0
1533556540,1293.0
1533556545,1292.0
1533556550,1291.0
1533556555,1292.0
1533556561,1291.0
1533556566,1290.0
1533556571,1289.0
1533556577,1287.0
1533556583,1286.0
1533556589,1284.0
1533556594,1284.0
1533556599,1284.0
1533556605,1283.0
1533556610,1284.0
1533556615,1285.0
1533556620,1287.0
1533556626,1289.0
1533556632,1290.0
1533556638,1292.0
1533556643,1292.0
1533556649,1293.0
1533556655,1293.0
1533556661,1294.0
1533556667,1294.0
1533556672,1293.0
1533556677,1293.0
1533556682,1292.0
1533556688,1293.0
1533556694,1294.0
1533556699,1294.0
1533556704,1294.0
1533556710,1295.0
1533556715,1297.0
1533556721,1298.0
1533556726,1298.0
1533556732,1298.0
1533556738,1298.0
1533556743,1298.0
1533556749,1298.0
1533556754,1298.0
1533556759,1298.0
1533556765,1298.0
1533556770,1299.0
1533556776,1299.0
1533556781,1299.0
1533556787,1299.0
1533556793,1299.0
1533556798,1299.0
1533556804,1299.0
1533556810,1299.0
1533556816,1300.0
1533556822,1300.0
1533556828,1300.0
1533507357,1227.0
1533508440,1161.0
1533509432,1167.0
1533507622,1268.0
1533509326,1191.0
1533507424,1260.0
1533508441,1145.0
1533509476,1221.0
1533510490,1172.0
1533512382,1183.0
1533513391,1173.0
1533510959,1182.0
1533512203,1186.0
1533513365,1201.0
1533510832,1202.0
1533511872,1154.0
1533512896,1151.0
1533513920,1196.0
1533514924,1171.0
1533515927,1169.0
1533516814,1179.0
1533516820,1177.0
1533516825,1175.0
1533516830,1174.0
1533516836,1173.0
1533516841,1172.0
1533516847,1172.0
1533516852,1171.0
1533516857,1170.0
1533516863,1167.0
1533516869,1164.0
1533516875,1162.0
1533516880,1163.0
1533516885,1164.0
1533516890,1164.0
1533516896,1164.0
1533516902,1164.0
1533516908,1164.0
1533516914,1164.0
1533516919,1164.0
1533516925,1164.0
1533516931,1164.0
1533516937,1164.0
1533516943,1164.0
1533516948,1164.0
1533516953,1164.0
1533516959,1164.0
1533516965,1164.0
1533516971,1164.0
1533516977,1164.0
1533516983,1164.0
1533516989,1164.0
1533516995,1164.0
1533517000,1164.0
1533517006,1164.0
1533517012,1164.0
1533517018,1164.0
1533517024,1164.0
1533517030,1164.0
1533517035,1164.0
1533517040,1164.0
1533517046,1164.0
1533517052,1164.0
1533517057,1164.0
1533517062,1164.0
1533517067,1164.0
1533517072,1164.0
1533517078,1164.0
1533517084,1164.0
1533517089,1164.0
1533517095,1164.0
1533517100,1164.0
1533517106,1164.0
1533517111,1164.0
1533517117,1164.0
1533517123,1164.0
1533517128,1164.0
1533517133,1164.0
1533517139,1165.0
1533517145,1165.0
1533517151,1165.0
1533517156,1165.0
1533517162,1165.0
1533517167,1166.0
1533517172,1167.0
1533517178,1167.0
1533517184,1167.0
1533517189,1168.0
1533510495,1172.0
1533510501,1172.0
1533510506,1172.0
1533510512,1172.0
1533510517,1172.0
1533510523,1172.0
1533510529,1172.0
1533510535,1172.0
1533510541,1172.0
1533510546,1172.0
1533510552,1172.0
1533510557,1172.0
1533510562,1172.0
1533510568,1172.0
1533510574,1172.0
1533510579,1172.0
1533510584,1172.0
1533510589,1171.0
1533510594,1171.0
1533510600,1170.0
1533510605,1172.0
1533510611,1173.0
1533510617,1174.0
1533510622,1174.0
1533510628,1173.0
1533510634,1173.0
1533510639,1173.0
1533510644,1173.0
1533510650,1173.0
1533510656,1175.0
1533510662,1177.0
1533510668,1177.0
1533510674,1178.0
1533510680,1180.0
1533510686,1183.0
1533510691,1183.0
1533510697,1188.0
1533510703,1188.0
1533510708,1189.0
1533510714,1189.0
1533510719,1189.0
1533510725,1192.0
1533510730,1194.0
1533510736,1194.0
1533510742,1195.0
1533510748,1195.0
1533510754,1196.0
1533510760,1201.0
1533510766,1204.0
1533510771,1206.0
1533510777,1209.0
1533510782,1210.0
1533510788,1211.0
1533510794,1212.0
1533510799,1213.0
1533510804,1214.0
1533510810,1215.0
1533510815,1215.0
1533510821,1216.0
1533510827,1217.0
1533510832,1218.0
1533510838,1219.0
1533510844,1221.0
1533510849,1222.0
1533510854,1224.0
1533510859,1226.0
1533510865,1229.0
1533510871,1233.0
1533510877,1237.0
1533510882,1240.0
1533510887,1243.0
1533510893,1245.0
1533510899,1246.0
1533510904,1245.0
1533510909,1246.0
1533510915,1248.0
1533510920,1250.0
1533510926,1251.0
1533510931,1252.0
1533510937,1252.0
1533510943,1252.0
1533510949,1252.0
1533510955,1251.0
1533510961,1249.0
1533510967,1246.0
1533510972,1245.0
1533510978,1246.0
1533510983,1247.0
1533512387,1183.0
1533512392,1183.0
1533512398,1183.0
1533512403,1183.0
1533512409,1183.0
1533512414,1183.0
1533512420,1183.0
1533512425,1183.0
1533512431,1183.0
1533512436,1183.0
1533512441,1183.0
1533512447,1183.0
1533512453,1183.0
1533512464,1183.0
1533512470,1183.0
1533512476,1182.0
1533512482,1181.0
1533512488,1181.0
1533512493,1181.0
1533512499,1181.0
1533512505,1181.0
1533512510,1181.0
1533512516,1181.0
1533512522,1181.0
1533512528,1181.0
1533512534,1181.0
1533512540,1181.0
1533512545,1181.0
1533512551,1181.0
1533512556,1181.0
1533512562,1181.0
1533512568,1181.0
1533512574,1181.0
1533512580,1181.0
1533512586,1181.0
1533512592,1181.0
1533512598,1181.0
1533512603,1181.0
1533512609,1181.0
1533512615,1181.0
1533512621,1181.0
1533512626,1181.0
1533512632,1181.0
1533512638,1180.0
1533512643,1179.0
1533512649,1179.0
1533512654,1178.0
1533512660,1179.0
1533512666,1179.0
1533512672,1176.0
1533512678,1176.0
1533512684,1174.0
1533512690,1174.0
1533512695,1175.0
1533512700,1177.0
1533512706,1177.0
1533512711,1178.0
1533512717,1181.0
1533512723,1181.0
1533512729,1181.0
1533512734,1181.0
1533512740,1181.0
1533512746,1180.0
1533512752,1181.0
1533512758,1182.0
1533512764,1182.0
1533512770,1185.0
1533512775,1188.0
1533512780,1191.0
1533512786,1193.0
1533512791,1195.0
1533512797,1197.0
1533512803,1199.0
1533512809,1201.0
1533512814,1203.0
1533512820,1205.0
1533512826,1206.0
1533512832,1208.0
1533512837,1210.0
1533512843,1211.0
1533512849,1213.0
1533512855,1215.0
1533512861,1217.0
1533512867,1218.0
1533512873,1219.0
1533512878,1221.0
1533512883,1222.0
1533512889,1223.0
1533513397,1172.0
1533513402,1171.0
1533513407,1171.0
1533513413,1170.0
1533513419,1169.0
1533513424,1168.0
1533513430,1168.0
1533513436,1169.0
1533513442,1170.0
1533513447,1170.0
1533513453,1170.0
1533513458,1170.0
1533513464,1170.0
1533513470,1170.0
1533513476,1170.0
1533513481,1170.0
1533513486,1170.0
1533513492,1170.0
1533513497,1170.0
1533513503,1171.0
1533513509,1170.0
1533513514,1170.0
1533513520,1171.0
1533513525,1171.0
1533513530,1171.0
1533513536,1171.0
1533513542,1171.0
1533513553,1171.0
1533513559,1171.0
1533513564,1171.0
1533513570,1171.0
1533513575,1171.0
1533513581,1171.0
1533513587,1171.0
1533513593,1171.0
1533513598,1171.0
1533510001,1188.0
1533510007,1188.0
1533510012,1190.0
1533510018,1191.0
1533510024,1193.0
1533510030,1194.0
1533510035,1195.0
1533510041,1194.0
1533510047,1194.0
1533510053,1195.0
1533510058,1197.0
1533510131,1216.0
1533510137,1216.0
1533510143,1216.0
1533510149,1216.0
1533510154,1216.0
1533510159,1216.0
1533510164,1216.0
1533510170,1217.0
1533510175,1217.0
1533510181,1216.0
1533510187,1216.0
1533510193,1216.0
1533510198,1217.0
1533510204,1215.0
1533510210,1211.0
1533510216,1212.0
1533510222,1210.0
1533510228,1207.0
1533510234,1206.0
1533510240,1207.0
1533510245,1208.0
1533510251,1211.0
1533510262,1211.0
1533510267,1210.0
1533510272,1211.0
1533510278,1209.0
1533510284,1208.0
1533510290,1207.0
1533510295,1205.0
1533510301,1204.0
1533510307,1201.0
1533510313,1196.0
1533510318,1192.0
1533510324,1189.0
1533510329,1187.0
1533510335,1186.0
1533510341,1183.0
1533510346,1181.0
1533510351,1178.0
1533510357,1175.0
1533510363,1169.0
1533510965,1182.0
1533510971,1183.0
1533510977,1183.0
1533510982,1183.0
1533510988,1184.0
1533510994,1185.0
1533511067,1186.0
1533511073,1185.0
1533511079,1184.0
1533511084,1185.0
1533511090,1187.0
1533511096,1187.0
1533511101,1188.0
1533511107,1187.0
1533511113,1187.0
1533511118,1188.0
1533511124,1190.0
1533511129,1190.0
1533511134,1188.0
1533511139,1186.0
1533511145,1186.0
1533511150,1186.0
1533511155,1186.0
1533511161,1187.0
1533511167,1183.0
1533511173,1181.0
1533511179,1180.0
1533511184,1179.0
1533511190,1180.0
1533511196,1181.0
1533511201,1181.0
1533511206,1179.0
1533511212,1179.0
1533511218,1179.0
1533511224,1179.0
1533511230,1179.0
1533511235,1180.0
1533511241,1180.0
1533511247,1180.0
1533511252,1178.0
1533511257,1176.0
1533511263,1178.0
1533511269,1180.0
1533511274,1182.0
1533511280,1183.0
1533511285,1184.0
1533511353,1195.0
1533511358,1197.0
1533511364,1198.0
1533511369,1197.0
1533511374,1196.0
1533511379,1197.0
1533511417,1200.0
1533511423,1204.0
1533511429,1208.0
1533511435,1210.0
1533511441,1212.0
1533511447,1215.0
1533511453,1218.0
1533511459,1218.0
1533511464,1219.0
1533511469,1219.0
1533511475,1218.0
1533511486,1218.0
1533511492,1218.0
1533511497,1219.0
1533511503,1219.0
1533511509,1219.0
1533511514,1218.0
1533511519,1231.0
1533511525,1229.0
1533511530,1227.0
1533511536,1226.0
1533511542,1224.0
1533511547,1224.0
1533511552,1224.0
1533511558,1226.0
1533511563,1226.0
1533511569,1223.0
1533511575,1219.0
1533511580,1216.0
1533511586,1215.0
1533511592,1212.0
1533511598,1212.0
1533511604,1212.0
1533511616,1211.0
1533511622,1211.0
1533511627,1211.0
1533512208,1198.0
1533512214,1198.0
1533512220,1198.0
1533512226,1198.0
1533512232,1198.0
1533512237,1198.0
1533512243,1198.0
1533512249,1198.0
1533512254,1198.0
1533512259,1197.0
1533512264,1197.0
1533512269,1197.0
1533512275,1198.0
1533512281,1198.0
1533512286,1198.0
1533512292,1198.0
1533512298,1198.0
1533512303,1198.0
1533512308,1197.0
1533512314,1197.0
1533512320,1196.0
1533512325,1196.0
1533512331,1196.0
1533512337,1196.0
1533512343,1196.0
1533512349,1196.0
1533512354,1196.0
1533512360,1196.0
1533512366,1196.0
1533512371,1196.0
1533512377,1196.0
1533512382,1196.0
1533512387,1196.0
1533512392,1196.0
1533512397,1196.0
1533512402,1196.0
1533512408,1196.0
1533512420,1196.0
1533512425,1196.0
1533512430,1196.0
1533512436,1196.0
1533512441,1196.0
1533512447,1196.0
1533512453,1196.0
1533512458,1196.0
1533512464,1196.0
1533512470,1196.0
1533512475,1196.0
1533512480,1196.0
1533512486,1196.0
1533512492,1196.0
1533512498,1196.0
1533512503,1196.0
1533512509,1196.0
1533512515,1196.0
1533512521,1196.0
1533512526,1196.0
1533512532,1196.0
1533512538,1196.0
1533512549,1196.0
1533512554,1196.0
1533512560,1196.0
1533512565,1196.0
1533512571,1196.0
1533512577,1196.0
1533512583,1196.0
1533512588,1196.0
1533512594,1196.0
1533512600,1196.0
1533512606,1196.0
1533512612,1196.0
1533512617,1196.0
1533512623,1196.0
1533512628,1196.0
1533512634,1196.0
1533512645,1196.0
1533512650,1196.0
1533512655,1196.0
1533512660,1196.0
1533512666,1196.0
1533512677,1197.0
1533512682,1197.0
1533512687,1198.0
1533512693,1198.0
1533512699,1198.0
1533512705,1199.0
1533512711,1199.0
1533512716,1200.0
1533513371,1211.0
1533513376,1210.0
1533513382,1208.0
1533513387,1207.0
1533513393,1205.0
1533513398,1201.0
1533513404,1198.0
1533513414,1198.0
1533513420,1201.0
1533513425,1201.0
1533513431,1200.0
1533513437,1202.0
1533513447,1199.0
1533513453,1198.0
1533513458,1197.0
1533513463,1198.0
1533513469,1198.0
1533513485,1205.0
1533513491,1205.0
1533513497,1205.0
1533513503,1204.0
1533513509,1203.0
1533513514,1204.0
1533513520,1205.0
1533513526,1205.0
1533513532,1207.0
1533513537,1206.0
1533513542,1206.0
1533513548,1206.0
1533513553,1207.0
1533513558,1207.0
1533513563,1208.0
1533513569,1206.0
1533513574,1203.0
1533513579,1202.0
1533513585,1201.0
1533513591,1201.0
1533513596,1201.0
1533510008,1161.0
1533510014,1161.0
1533510020,1161.0
1533510032,1161.0
1533510038,1161.0
1533510043,1161.0
1533510048,1161.0
1533510054,1161.0
1533510060,1161.0
1533510065,1161.0
1533510071,1161.0
1533510076,1161.0
1533510082,1161.0
1533510087,1161.0
1533510092,1161.0
1533510098,1161.0
1533510104,1161.0
1533510110,1161.0
1533510116,1161.0
1533510128,1158.0
1533510134,1157.0
1533510139,1156.0
1533510145,1155.0
1533510151,1154.0
1533510156,1154.0
1533510162,1153.0
1533510167,1153.0
1533510173,1153.0
1533510179,1153.0
1533510185,1153.0
1533510191,1153.0
1533510197,1153.0
1533510203,1153.0
1533510209,1153.0
1533510214,1153.0
1533510220,1153.0
1533510225,1153.0
1533510231,1153.0
1533510236,1153.0
1533510242,1153.0
1533510248,1153.0
1533510254,1153.0
1533510259,1153.0
1533510265,1153.0
1533510271,1153.0
1533510276,1153.0
1533510282,1153.0
1533510287,1153.0
1533510293,1153.0
1533510299,1153.0
1533510837,1215.0
1533510842,1216.0
1533510848,1216.0
1533510854,1217.0
1533510859,1217.0
1533510865,1217.0
1533510871,1218.0
1533510877,1219.0
1533510883,1219.0
1533510889,1219.0
1533510895,1221.0
1533510900,1221.0
1533510906,1222.0
1533510911,1223.0
1533510917,1224.0
1533510923,1226.0
1533510928,1228.0
1533510934,1230.0
1533510940,1231.0
1533510946,1233.0
1533510952,1235.0
1533510957,1236.0
1533510963,1237.0
1533510969,1238.0
1533510974,1239.0
1533510980,1240.0
1533510986,1241.0
1533510992,1241.0
1533510997,1242.0
1533511003,1242.0
1533511009,1244.0
1533511014,1245.0
1533511019,1246.0
1533511025,1248.0
1533511030,1249.0
1533511035,1251.0
1533511041,1253.0
1533511047,1254.0
1533511052,1255.0
1533511058,1256.0
1533511064,1258.0
1533511070,1259.0
1533511076,1260.0
1533511082,1261.0
1533511088,1263.0
1533511093,1263.0
1533511099,1262.0
1533511105,1259.0
1533511110,1260.0
1533511116,1260.0
1533511121,1262.0
1533511127,1264.0
1533511133,1265.0
1533511138,1265.0
1533511143,1264.0
1533511149,1264.0
1533511155,1264.0
1533511161,1264.0
1533511166,1264.0
1533511172,1263.0
1533511177,1263.0
1533511182,1263.0
1533511188,1262.0
1533511193,1262.0
1533511199,1262.0
1533511205,1262.0
1533511210,1262.0
1533511216,1262.0
1533511221,1262.0
1533511226,1262.0
1533511232,1262.0
1533511238,1262.0
1533511244,1262.0
1533511250,1262.0
1533511256,1264.0
1533511262,1265.0
1533511268,1266.0
1533511273,1266.0
1533511279,1266.0
1533511285,1267.0
1533511291,1267.0
1533511296,1266.0
1533511302,1266.0
1533511307,1266.0
1533511313,1265.0
1533511318,1264.0
1533511324,1262.0
1533511330,1262.0
1533511877,1167.0
1533511883,1169.0
1533511889,1171.0
1533511895,1172.0
1533511901,1174.0
1533511906,1176.0
1533511912,1179.0
1533511918,1181.0
1533511923,1183.0
1533511929,1184.0
1533511935,1184.0
1533511940,1185.0
1533511946,1186.0
1533511952,1187.0
1533511958,1189.0
1533511964,1190.0
1533511969,1193.0
1533511975,1195.0
1533511980,1197.0
1533511986,1199.0
1533511992,1200.0
1533511998,1202.0
1533512004,1203.0
1533512009,1203.0
1533512014,1203.0
1533512020,1203.0
1533512026,1202.0
1533512032,1202.0
1533512038,1205.0
1533512044,1207.0
1533512050,1209.0
1533512056,1210.0
1533512061,1212.0
1533512067,1214.0
1533512072,1215.0
1533512078,1216.0
1533512084,1217.0
1533512090,1220.0
1533512096,1220.0
1533512102,1220.0
1533512108,1220.0
1533512114,1222.0
1533512120,1223.0
1533512125,1225.0
1533512130,1226.0
1533512136,1228.0
1533512142,1228.0
1533512148,1230.0
1533512153,1231.0
1533512158,1233.0
1533512163,1234.0
1533512168,1235.0
1533512174,1236.0
1533512180,1237.0
1533512186,1237.0
1533512192,1238.0
1533512198,1242.0
1533512204,1244.0
1533512209,1245.0
1533512215,1246.0
1533512221,1248.0
1533512227,1250.0
1533512233,1253.0
1533512239,1254.0
1533512245,1256.0
1533512251,1256.0
1533512256,1258.0
1533512261,1259.0
1533512266,1261.0
1533512272,1262.0
1533512278,1264.0
1533512283,1265.0
1533512288,1266.0
1533512294,1266.0
1533512299,1266.0
1533512305,1267.0
1533512311,1267.0
1533512316,1266.0
1533512322,1265.0
1533512327,1265.0
1533512333,1265.0
1533512338,1264.0
1533512344,1265.0
1533512350,1265.0
1533512356,1264.0
1533512361,1264.0
1533512366,1264.0
1533512372,1264.0
1533512901,1162.0
1533512907,1162.0
1533512912,1162.0
1533512918,1162.0
1533512930,1162.0
1533512936,1162.0
1533512942,1162.0
1533512948,1162.0
1533512954,1162.0
1533512959,1162.0
1533512964,1162.0
1533512970,1162.0
1533512975,1162.0
1533512981,1162.0
1533512986,1162.0
1533512991,1162.0
1533512997,1162.0
1533513002,1162.0
1533513008,1162.0
1533513014,1162.0
1533513020,1162.0
1533513026,1162.0
1533513032,1162.0
1533513038,1162.0
1533513044,1162.0
1533513050,1162.0
1533513056,1162.0
1533513062,1162.0
1533513068,1162.0
1533513074,1162.0
1533513080,1162.0
1533513086,1162.0
1533513092,1163.0
1533513098,1165.0
1533513103,1166.0
1533513108,1167.0
1533513114,1168.0
1533513120,1170.0
1533513126,1171.0
1533513131,1172.0
1533513137,1172.0
1533513143,1172.0
1533513148,1173.0
1533513154,1174.0
1533513160,1176.0
1533513165,1178.0
1533513171,1180.0
1533513177,1182.0
1533513183,1184.0
1533513188,1185.0
1533513194,1187.0
1533513200,1190.0
1533513206,1192.0
1533513212,1194.0
1533513218,1196.0
1533513224,1199.0
1533513230,1200.0
1533513236,1202.0
1533513242,1204.0
1533513248,1205.0
1533513254,1206.0
1533513260,1206.0
1533513266,1208.0
1533513271,1209.0
1533513277,1211.0
1533513283,1213.0
1533513288,1214.0
1533513294,1216.0
1533513299,1218.0
1533513305,1218.0
1533513311,1217.0
1533513317,1215.0
1533513322,1214.0
1533513328,1213.0
1533513334,1213.0
1533513340,1212.0
1533513346,1213.0
1533513352,1213.0
1533513358,1215.0
1533513364,1215.0
1533513369,1217.0
1533513374,1217.0
1533513380,1217.0
1533513386,1218.0
1533513392,1218.0
1533513398,1219.0
1533513404,1219.0
1533513410,1219.0
1533513926,1212.0
1533513932,1214.0
1533513938,1217.0
1533513943,1219.0
1533513948,1221.0
1533513954,1226.0
1533513959,1227.0
1533513964,1228.0
1533513970,1229.0
1533513975,1230.0
1533513981,1232.0
1533513986,1234.0
1533513992,1235.0
1533513998,1238.0
1533514004,1239.0
1533514010,1240.0
1533514016,1242.0
1533514022,1242.0
1533514027,1243.0
1533514033,1244.0
1533514038,1243.0
1533514044,1244.0
1533514049,1247.0
1533514055,1247.0
1533514061,1249.0
1533514066,1250.0
1533514072,1249.0
1533514077,1251.0
1533514083,1255.0
1533514088,1258.0
1533514099,1261.0
1533514105,1262.0
1533514111,1259.0
1533514117,1258.0
1533514122,1258.0
1533514128,1257.0
1533514133,1256.0
1533514139,1256.0
1533514145,1255.0
1533514151,1255.0
1533514157,1257.0
1533514163,1259.0
1533514169,1260.0
1533514175,1262.0
1533514180,1263.0
1533514186,1263.0
1533514191,1263.0
1533514196,1262.0
1533514202,1262.0
1533514207,1262.0
1533514213,1262.0
1533514218,1262.0
1533514223,1262.0
1533514229,1262.0
1533514234,1262.0
1533514240,1263.0
1533514245,1263.0
1533514250,1263.0
1533514255,1263.0
1533514261,1263.0
1533514266,1264.0
1533514271,1265.0
1533514277,1265.0
1533514282,1264.0
1533514288,1264.0
1533514294,1264.0
1533514300,1264.0
1533514306,1264.0
1533514311,1264.0
1533514317,1264.0
1533514323,1264.0
1533514328,1265.0
1533514334,1264.0
1533514340,1263.0
1533514346,1261.0
1533514352,1259.0
1533514358,1256.0
1533514364,1254.0
1533514370,1251.0
1533514375,1248.0
1533514381,1246.0
1533514386,1244.0
1533514392,1239.0
1533514398,1235.0
1533514403,1232.0
1533514409,1228.0
1533514414,1225.0
1533514419,1221.0
1533514930,1183.0
1533514936,1183.0
1533514942,1184.0
1533514948,1183.0
1533514954,1183.0
1533514959,1184.0
1533514965,1184.0
1533514970,1185.0
1533514976,1185.0
1533514981,1185.0
1533514986,1186.0
1533514992,1187.0
1533514997,1188.0
1533515008,1187.0
1533515013,1188.0
1533515018,1188.0
1533515024,1189.0
1533515030,1188.0
1533515035,1188.0
1533515041,1192.0
1533515047,1194.0
1533515053,1196.0
1533515059,1198.0
1533515064,1200.0
1533515070,1202.0
1533515075,1204.0
1533515081,1207.0
1533515086,1208.0
1533515092,1210.0
1533515097,1212.0
1533515102,1215.0
1533515108,1219.0
1533515114,1222.0
1533515120,1225.0
1533515125,1225.0
1533515131,1229.0
1533515136,1231.0
1533515142,1233.0
1533515147,1234.0
1533515153,1236.0
1533515158,1237.0
1533515164,1239.0
1533515169,1240.0
1533515174,1241.0
1533515179,1241.0
1533515185,1241.0
1533515191,1241.0
1533515197,1242.0
1533515202,1243.0
1533515207,1243.0
1533515213,1242.0
1533515219,1242.0
1533515224,1243.0
1533515230,1244.0
1533515235,1244.0
1533515240,1245.0
1533515246,1246.0
1533515251,1243.0
1533515256,1244.0
1533515262,1245.0
1533515268,1248.0
1533515273,1250.0
1533515278,1253.0
1533515284,1254.0
1533515289,1257.0
1533515294,1260.0
1533515299,1263.0
1533515305,1264.0
1533515311,1264.0
1533515316,1263.0
1533515322,1263.0
1533515327,1262.0
1533515333,1262.0
1533515339,1262.0
1533515344,1262.0
1533515349,1262.0
1533515355,1262.0
1533515361,1263.0
1533515366,1262.0
1533515372,1260.0
1533515378,1259.0
1533515384,1258.0
1533515389,1258.0
1533515395,1258.0
1533515400,1258.0
1533515406,1258.0
1533515412,1258.0
1533515417,1259.0
1533515932,1181.0
1533515937,1181.0
1533515943,1181.0
1533515948,1181.0
1533515954,1181.0
1533515960,1181.0
1533515966,1181.0
1533515978,1181.0
1533515984,1181.0
1533515989,1181.0
1533515995,1181.0
1533516000,1181.0
1533516006,1181.0
1533516011,1181.0
1533516017,1181.0
1533516022,1182.0
1533516028,1182.0
1533516033,1182.0
1533516038,1181.0
1533516044,1180.0
1533516050,1181.0
1533516056,1182.0
1533516061,1181.0
1533516066,1179.0
1533516071,1180.0
1533516077,1183.0
1533516083,1185.0
1533516089,1186.0
1533516094,1188.0
1533516099,1190.0
1533516104,1191.0
1533516110,1191.0
1533516116,1191.0
1533516121,1191.0
1533516127,1190.0
1533516132,1190.0
1533516137,1190.0
1533516142,1193.0
1533516148,1195.0
1533516153,1196.0
1533516158,1197.0
1533516164,1199.0
1533516170,1199.0
1533516176,1200.0
1533516182,1202.0
1533516187,1203.0
1533516192,1205.0
1533516198,1206.0
1533516204,1207.0
1533516209,1210.0
1533516220,1215.0
1533516226,1218.0
1533516231,1221.0
1533516236,1224.0
1533516242,1227.0
1533516248,1230.0
1533516254,1234.0
1533516259,1236.0
1533516265,1240.0
1533516271,1242.0
1533516277,1244.0
1533516282,1244.0
1533516288,1241.0
1533516294,1240.0
1533516300,1242.0
1533516306,1244.0
1533516312,1246.0
1533516317,1247.0
1533516323,1249.0
1533516328,1250.0
1533516333,1251.0
1533516338,1252.0
1533516344,1254.0
1533516350,1255.0
1533516356,1257.0
1533516361,1257.0
1533516366,1259.0
1533516372,1258.0
1533516378,1259.0
1533516384,1259.0
1533516390,1259.0
1533516395,1259.0
1533516400,1259.0
1533516406,1258.0
1533516411,1258.0
1533516417,1258.0
1533516422,1258.0
1533516428,1258.0
1533513601,1201.0
1533507363,1239.0
1533507369,1239.0
1533507375,1239.0
1533507381,1239.0
1533507386,1239.0
1533507391,1239.0
1533507397,1239.0
1533507403,1239.0
1533507409,1239.0
1533507414,1239.0
1533507420,1239.0
1533507425,1239.0
1533507483,191.0
1533507489,191.0
1533507495,191.0
1533507501,1195.0
1533507507,1254.0
1533507513,1260.0
1533507520,1256.0
1533507526,1252.0
1533507531,1250.0
1533507537,1250.0
1533507542,1250.0
1533507548,1250.0
1533507554,1250.0
1533507560,1250.0
1533507566,1250.0
1533507572,1251.0
1533507584,1251.0
1533507590,1251.0
1533507595,1251.0
1533507600,1251.0
1533507605,1251.0
1533507611,1251.0
1533507616,1251.0
1533507622,1251.0
1533507628,1251.0
1533507634,1251.0
1533507639,1250.0
1533507645,1250.0
1533507650,1250.0
1533507656,1250.0
1533507662,1250.0
1533507667,1250.0
1533507673,1250.0
1533507679,1250.0
1533507684,1250.0
1533507690,1250.0
1533507695,1250.0
1533507701,1250.0
1533507706,1250.0
1533507712,1250.0
1533507718,1250.0
1533507724,1250.0
1533507730,1249.0
1533507736,1249.0
1533507742,1249.0
1533507747,1249.0
1533507753,1249.0
1533507758,1249.0
1533507764,1249.0
1533507769,1249.0
1533507775,1249.0
1533507780,1249.0
1533507786,1249.0
1533507792,1249.0
1533507798,1249.0
1533507804,1249.0
1533507810,1249.0
1533507816,1249.0
1533507821,1249.0
1533507827,1248.0
1533507832,1247.0
1533507838,1246.0
1533507843,1246.0
1533507849,1246.0
1533507855,1246.0
1533507861,1246.0
1533507866,1246.0
1533507872,1246.0
1533507878,1246.0
1533507884,1247.0
1533507889,1246.0
1533507895,1246.0
1533507901,1246.0
1533507907,1246.0
1533507913,1246.0
1533507918,1246.0
1533508445,1174.0
1533508451,1175.0
1533508456,1177.0
1533508462,1179.0
1533508467,1181.0
1533508473,1183.0
1533508479,1184.0
1533508484,1185.0
1533508490,1187.0
1533508495,1188.0
1533508501,1188.0
1533508506,1188.0
1533508512,1189.0
1533508518,1190.0
1533508524,1192.0
1533508530,1193.0
1533508535,1194.0
1533508540,1195.0
1533508545,1196.0
1533508550,1198.0
1533508556,1199.0
1533508561,1198.0
1533508566,1201.0
1533508572,1201.0
1533508578,1202.0
1533508583,1204.0
1533508588,1205.0
1533508594,1207.0
1533508600,1209.0
1533508605,1210.0
1533508611,1212.0
1533508617,1215.0
1533508623,1217.0
1533508628,1218.0
1533508633,1220.0
1533508639,1221.0
1533508645,1223.0
1533508651,1223.0
1533508656,1225.0
1533508662,1226.0
1533508668,1228.0
1533508674,1231.0
1533508680,1233.0
1533508686,1237.0
1533508692,1240.0
1533508698,1242.0
1533508703,1244.0
1533508709,1245.0
1533508715,1247.0
1533508721,1251.0
1533508726,1251.0
1533508732,1253.0
1533508737,1255.0
1533508742,1256.0
1533508747,1258.0
1533508753,1259.0
1533508758,1260.0
1533508764,1262.0
1533508769,1263.0
1533508774,1263.0
1533508780,1263.0
1533508785,1264.0
1533508790,1263.0
1533508796,1263.0
1533508801,1262.0
1533508807,1261.0
1533508813,1261.0
1533508819,1261.0
1533508825,1260.0
1533508830,1260.0
1533508835,1260.0
1533508841,1260.0
1533508847,1260.0
1533508852,1260.0
1533508858,1260.0
1533508863,1260.0
1533508868,1260.0
1533508874,1260.0
1533508879,1260.0
1533508884,1260.0
1533508890,1260.0
1533508896,1261.0
1533508902,1262.0
1533508907,1263.0
1533508913,1260.0
1533508918,1260.0
1533508924,1260.0
1533508930,1260.0
1533509438,1179.0
1533509444,1180.0
1533509449,1180.0
1533509455,1179.0
1533509460,1179.0
1533509466,1180.0
1533509472,1180.0
1533509477,1180.0
1533509482,1180.0
1533509487,1180.0
1533509492,1180.0
1533509498,1180.0
1533509503,1180.0
1533509509,1180.0
1533509514,1181.0
1533509519,1180.0
1533509525,1178.0
1533509531,1177.0
1533509537,1174.0
1533509543,1173.0
1533509548,1171.0
1533509554,1171.0
1533509559,1168.0
1533509564,1166.0
1533509570,1167.0
1533509576,1170.0
1533509582,1173.0
1533509588,1175.0
1533509594,1177.0
1533509600,1178.0
1533509606,1180.0
1533509611,1183.0
1533509617,1185.0
1533509623,1190.0
1533509628,1192.0
1533509633,1194.0
1533509639,1199.0
1533509645,1201.0
1533509650,1203.0
1533509656,1204.0
1533509661,1205.0
1533509667,1206.0
1533509672,1208.0
1533509678,1209.0
1533509683,1210.0
1533509689,1210.0
1533509695,1210.0
1533509700,1211.0
1533509706,1210.0
1533509711,1196.0
1533509717,1198.0
1533509722,1199.0
1533509727,1199.0
1533509732,1199.0
1533509738,1200.0
1533509743,1200.0
1533509748,1202.0
1533509754,1205.0
1533509759,1206.0
1533509765,1208.0
1533509771,1209.0
1533509777,1210.0
1533509783,1209.0
1533509788,1211.0
1533509794,1213.0
1533509799,1215.0
1533509804,1217.0
1533509810,1219.0
1533509816,1223.0
1533509821,1227.0
1533509827,1228.0
1533509833,1229.0
1533509839,1230.0
1533509845,1231.0
1533509850,1233.0
1533509856,1235.0
1533509862,1235.0
1533509867,1236.0
1533509873,1239.0
1533509879,1240.0
1533509884,1242.0
1533509889,1243.0
1533509894,1244.0
1533509900,1244.0
1533509905,1244.0
1533509910,1243.0
1533509916,1242.0
1533509922,1241.0
1533507628,1262.0
1533507633,1260.0
1533507638,1258.0
1533507643,1257.0
1533507649,1256.0
1533507655,1254.0
1533507660,1252.0
1533507666,1249.0
1533507672,1248.0
1533507678,1248.0
1533508343,179.0
1533508349,179.0
1533508355,181.0
1533508360,182.0
1533508366,184.0
1533508371,179.0
1533508377,179.0
1533508383,180.0
1533508388,180.0
1533508400,181.0
1533508405,1145.0
1533508411,1222.0
1533508417,1240.0
1533508423,1249.0
1533508428,1254.0
1533508434,1255.0
1533508440,1255.0
1533508446,1255.0
1533508451,1255.0
1533508457,1253.0
1533508462,1248.0
1533508468,1245.0
1533508474,1242.0
1533508480,1239.0
1533508486,1235.0
1533508492,1232.0
1533508497,1229.0
1533508503,1225.0
1533508509,1222.0
1533508515,1219.0
1533508520,1217.0
1533508525,1214.0
1533508530,1212.0
1533508536,1209.0
1533508542,1206.0
1533508548,1203.0
1533508554,1201.0
1533508559,1195.0
1533508564,1192.0
1533508569,1192.0
1533508575,1191.0
1533508581,1190.0
1533508587,1189.0
1533508593,1187.0
1533508599,1184.0
1533508605,1181.0
1533508611,1180.0
1533508617,1181.0
1533508622,1181.0
1533508627,1182.0
1533508633,1181.0
1533508638,1181.0
1533508644,1181.0
1533508650,1181.0
1533508655,1182.0
1533508661,1183.0
1533508666,1183.0
1533508671,1183.0
1533508677,1183.0
1533508715,1183.0
1533508721,1183.0
1533508727,1183.0
1533508732,1183.0
1533508737,1182.0
1533508743,1183.0
1533508748,1181.0
1533508754,1182.0
1533508759,1182.0
1533508765,1182.0
1533508770,1178.0
1533508776,1180.0
1533508781,1180.0
1533508787,1182.0
1533508792,1185.0
1533508797,1186.0
1533508803,1187.0
1533508808,1187.0
1533508814,1187.0
1533509331,1189.0
1533509337,1189.0
1533509342,1189.0
1533509348,1189.0
1533509353,1189.0
1533509359,1189.0
1533509365,1189.0
1533509371,1189.0
1533509377,1189.0
1533509383,1189.0
1533509389,1189.0
1533509395,1189.0
1533509401,1189.0
1533509406,1189.0
1533509412,1189.0
1533509418,1189.0
1533509423,1189.0
1533509429,1189.0
1533509434,1189.0
1533509440,1189.0
1533509446,1189.0
1533509457,1189.0
1533509463,1189.0
1533509469,1189.0
1533509475,1189.0
1533509481,1189.0
1533509486,1189.0
1533509491,1189.0
1533509497,1189.0
1533509503,1189.0
1533509509,1189.0
1533509514,1189.0
1533509519,1189.0
1533509525,1189.0
1533509530,1189.0
1533509536,1189.0
1533509542,1189.0
1533509548,1189.0
1533509554,1189.0
1533509559,1189.0
1533509564,1189.0
1533509569,1189.0
1533509575,1189.0
1533509581,1189.0
1533509586,1189.0
1533509591,1189.0
1533509597,1188.0
1533509602,1187.0
1533509607,1187.0
1533509613,1186.0
1533509618,1186.0
1533509623,1187.0
1533509629,1187.0
1533509635,1187.0
1533509641,1187.0
1533509775,1188.0
1533509781,1188.0
1533509787,1188.0
1533509793,1189.0
1533509799,1187.0
1533509811,1182.0
1533509817,1180.0
1533509822,1178.0
1533509828,1179.0
1533509833,1182.0
1533509839,1184.0
1533509844,1184.0
1533509850,1182.0
1533509856,1182.0
1533509861,1180.0
1533509867,1177.0
1533509873,1178.0
1533509880,1179.0
1533509885,1181.0
1533509891,1180.0
1533509897,1178.0
1533509903,1178.0
1533509908,1179.0
1533509913,1179.0
1533509919,1178.0
1533509925,1176.0
1533509931,1175.0
1533509936,1174.0
1533509941,1174.0
1533509947,1176.0
1533509953,1176.0
1533509959,1178.0
1533509965,1180.0
1533507430,1254.0
1533507436,1250.0
1533507442,1247.0
1533507448,1245.0
1533507454,1242.0
1533507459,1241.0
1533507464,1239.0
1533507470,1241.0
1533507476,1240.0
1533507482,1238.0
1533507488,1237.0
1533507494,1238.0
1533507500,1239.0
1533507506,1239.0
1533507511,1241.0
1533507517,1242.0
1533507523,1242.0
1533507528,1242.0
1533507534,1242.0
1533507539,1242.0
1533507544,1242.0
1533507550,1242.0
1533507556,1242.0
1533507561,1242.0
1533507566,1242.0
1533507572,1242.0
1533507578,1242.0
1533507584,1242.0
1533507590,1242.0
1533507596,1242.0
1533507602,1242.0
1533507608,1242.0
1533507614,1242.0
1533507620,1242.0
1533507625,1242.0
1533507630,1242.0
1533507635,1242.0
1533507641,1242.0
1533507647,1242.0
1533507653,1242.0
1533507659,1242.0
1533507665,1242.0
1533507671,1242.0
1533507676,1242.0
1533507682,1242.0
1533507688,1242.0
1533507694,1242.0
1533507700,1242.0
1533507705,1242.0
1533507711,1242.0
1533507716,1242.0
1533507722,1242.0
1533507728,1242.0
1533507733,1242.0
1533507739,1242.0
1533507745,1242.0
1533507750,1242.0
1533507755,1242.0
1533507761,1242.0
1533507767,1242.0
1533507773,1242.0
1533507778,1242.0
1533507783,1242.0
1533507789,1242.0
1533507794,1242.0
1533507800,1242.0
1533507805,1242.0
1533507811,1242.0
1533507816,1242.0
1533507822,1242.0
1533507827,1242.0
1533507833,1242.0
1533507839,1242.0
1533507845,1242.0
1533507850,1242.0
1533507855,1242.0
1533507861,1242.0
1533507867,1242.0
1533507872,1242.0
1533507878,1242.0
1533507883,1242.0
1533507889,1242.0
1533507894,1242.0
1533507899,1242.0
1533507905,1242.0
1533507911,1242.0
1533507917,1242.0
1533507923,1242.0
1533508447,1143.0
1533508452,1143.0
1533508458,1143.0
1533508464,1143.0
1533508470,1143.0
1533508476,1143.0
1533508482,1143.0
1533508487,1143.0
1533508493,1143.0
1533508499,1143.0
1533508505,1143.0
1533508510,1143.0
1533508516,1143.0
1533508522,1143.0
1533508528,1144.0
1533508533,1144.0
1533508538,1145.0
1533508544,1145.0
1533508550,1145.0
1533508556,1146.0
1533508561,1147.0
1533508566,1147.0
1533508572,1147.0
1533508584,1149.0
1533508590,1150.0
1533508596,1151.0
1533508601,1152.0
1533508607,1154.0
1533508613,1155.0
1533508619,1156.0
1533508624,1157.0
1533508630,1158.0
1533508636,1160.0
1533508647,1163.0
1533508652,1164.0
1533508658,1165.0
1533508663,1167.0
1533508669,1168.0
1533508680,1169.0
1533508685,1169.0
1533508691,1170.0
1533508697,1171.0
1533508703,1172.0
1533508709,1172.0
1533508715,1173.0
1533508720,1174.0
1533508726,1174.0
1533508732,1175.0
1533508737,1176.0
1533508742,1176.0
1533508746,1176.0
1533508752,1177.0
1533508758,1178.0
1533508764,1179.0
1533508769,1179.0
1533508774,1179.0
1533508780,1180.0
1533508786,1183.0
1533508792,1184.0
1533508798,1185.0
1533508803,1185.0
1533508808,1186.0
1533508814,1186.0
1533508820,1186.0
1533508826,1186.0
1533508832,1187.0
1533508838,1189.0
1533508844,1190.0
1533508849,1192.0
1533508855,1193.0
1533508860,1194.0
1533508866,1195.0
1533508872,1196.0
1533508877,1197.0
1533508882,1199.0
1533508887,1200.0
1533508893,1202.0
1533508904,1204.0
1533508910,1206.0
1533508916,1208.0
1533508922,1210.0
1533508928,1211.0
1533508934,1212.0
1533508940,1213.0
1533508946,1214.0
1533508952,1216.0
1533508958,1218.0
1533508964,1219.0
1533509482,1213.0
1533509488,1210.0
1533509493,1207.0
1533509499,1205.0
1533509504,1200.0
1533509510,1197.0
1533509516,1196.0
1533509522,1195.0
1533509528,1193.0
1533509534,1192.0
1533509540,1187.0
1533509546,1185.0
1533509552,1184.0
1533509558,1182.0
1533509564,1181.0
1533509570,1180.0
1533509576,1179.0
1533509581,1178.0
1533509587,1176.0
1533509593,1173.0
1533509598,1170.0
1533509604,1170.0
1533509610,1168.0
1533509615,1166.0
1533509621,1161.0
1533509627,1158.0
1533509633,1153.0
1533509639,1149.0
1533509645,1145.0
1533509651,1141.0
1533509657,1137.0
1533509662,1134.0
1533509667,1133.0
1533509678,1132.0
1533509684,1132.0
1533509690,1132.0
1533509696,1132.0
1533509701,1132.0
1533509707,1132.0
1533509713,1132.0
1533509718,1132.0
1533509724,1132.0
1533509730,1132.0
1533509736,1132.0
1533509742,1132.0
1533509747,1132.0
1533509753,1132.0
1533509758,1132.0
1533509764,1132.0
1533509770,1132.0
1533509776,1132.0
1533509782,1132.0
1533509787,1132.0
1533509793,1132.0
1533509798,1132.0
1533509803,1132.0
1533509809,1132.0
1533509815,1132.0
1533509821,1132.0
1533509827,1132.0
1533509832,1132.0
1533509838,1132.0
1533509844,1132.0
1533509850,1132.0
1533509856,1132.0
1533509861,1132.0
1533509867,1132.0
1533509873,1132.0
1533509879,1132.0
1533509884,1132.0
1533509890,1132.0
1533509896,1132.0
1533509902,1132.0
1533509908,1132.0
1533509914,1132.0
1533509919,1132.0
1533509924,1132.0
1533509936,1132.0
1533509941,1134.0
1533509947,1135.0
1533509953,1137.0
1533509958,1138.0
1533509963,1139.0
1533509968,1141.0
1533509973,1143.0
1533509979,1144.0
1533509985,1144.0
1533509990,1143.0
1533513691,1252.0
1533513697,1251.0
1533513703,1252.0
1533513709,1251.0
1533513714,1250.0
1533513720,1250.0
1533513726,1250.0
1533513732,1249.0
1533513737,1250.0
1533513742,1250.0
1533513748,1250.0
1533513753,1250.0
1533513758,1250.0
1533513764,1251.0
1533513770,1251.0
1533513776,1251.0
1533513782,1251.0
1533513788,1251.0
1533513794,1250.0
1533513800,1250.0
1533513806,1250.0
1533513812,1250.0
1533513818,1250.0
1533513824,1250.0
1533513830,1250.0
1533513836,1250.0
1533513841,1268.0
1533513847,1268.0
1533513853,1269.0
1533513865,1270.0
1533513871,1270.0
1533513877,1270.0
1533513883,1271.0
1533513888,1271.0
1533513894,1271.0
1533513900,1271.0
1533513905,1271.0
1533513911,1271.0
1533513917,1270.0
1533513922,1270.0
1533513928,1269.0
1533513933,1269.0
1533513938,1269.0
1533513944,1270.0
1533513950,1270.0
1533513962,1270.0
1533513968,1270.0
1533513974,1270.0
1533513980,1270.0
1533513986,1270.0
1533513992,1270.0
1533513998,1270.0
1533514004,1270.0
1533514010,1270.0
1533514016,1270.0
1533514022,1270.0
1533514028,1270.0
1533514034,1270.0
1533514040,1270.0
1533514046,1270.0
1533514052,1270.0
1533514057,1270.0
1533514063,1270.0
1533514069,1270.0
1533514075,1270.0
1533514080,1270.0
1533514091,1270.0
1533514097,1270.0
1533514103,1270.0
1533514108,1270.0
1533514115,1270.0
1533514121,1270.0
1533514126,1270.0
1533514132,1270.0
1533514138,1270.0
1533514143,1270.0
1533514148,1270.0
1533514154,1270.0
1533514159,1270.0
1533514164,1270.0
1533514170,1269.0
1533514175,1269.0
1533514181,1268.0
1533514186,1268.0
1533514192,1268.0
1533514198,1268.0
1533514204,1266.0
1533514209,1265.0
1533514215,1263.0
1533514220,1261.0
1533514226,1259.0
1533514232,1257.0
1533514238,1256.0
1533514244,1253.0
1533514250,1250.0
1533514256,1248.0
1533514262,1245.0
1533514268,1242.0
1533514273,1242.0
1533514285,1231.0
1533514291,1228.0
1533514297,1225.0
1533514302,1222.0
1533514308,1221.0
1533514314,1220.0
1533514320,1218.0
1533514326,1216.0
1533514331,1214.0
1533514337,1211.0
1533514343,1209.0
1533514348,1207.0
1533514354,1206.0
1533514359,1205.0
1533514364,1205.0
1533514370,1203.0
1533514382,1199.0
1533514388,1195.0
1533514394,1194.0
1533514399,1192.0
1533514405,1190.0
1533514411,1187.0
1533514417,1186.0
1533514422,1186.0
1533514428,1185.0
1533514434,1182.0
1533514440,1180.0
1533514446,1179.0
1533514452,1177.0
1533514458,1175.0
1533514463,1175.0
1533514469,1174.0
1533514474,1173.0
1533514480,1173.0
1533514485,1172.0
1533514490,1172.0
1533514496,1174.0
1533514502,1174.0
1533514508,1173.0
1533514514,1173.0
1533514520,1173.0
1533514526,1173.0
1533514532,1173.0
1533514537,1173.0
1533514543,1173.0
1533514549,1173.0
1533514554,1173.0
1533514560,1173.0
1533514566,1173.0
1533514571,1173.0
1533514577,1173.0
1533514582,1173.0
1533514588,1173.0
1533514594,1173.0
1533514599,1173.0
1533514605,1173.0
1533514610,1173.0
1533514615,1173.0
1533514621,1173.0
1533514626,1173.0
1533514632,1173.0
1533514638,1173.0
1533514644,1173.0
1533514650,1173.0
1533514656,1173.0
1533514662,1173.0
1533514667,1174.0
1533514672,1172.0
1533514677,1172.0
1533514682,1171.0
1533514687,1171.0
1533514693,1171.0
1533514699,1171.0
1533514704,1171.0
1533514710,1171.0
1533514715,1171.0
1533514721,1171.0
1533514727,1171.0
1533514732,1171.0
1533514737,1171.0
1533514743,1171.0
1533514748,1171.0
1533514753,1171.0
1533514759,1171.0
1533514765,1171.0
1533514770,1171.0
1533514776,1171.0
1533514782,1171.0
1533514788,1171.0
1533514794,1171.0
1533514800,1171.0
1533514805,1171.0
1533514811,1171.0
1533514817,1171.0
1533514823,1171.0
1533514829,1172.0
1533514834,1172.0
1533514839,1172.0
1533514845,1173.0
1533514850,1174.0
1533514856,1175.0
1533514862,1176.0
1533514868,1178.0
1533514874,1178.0
1533514880,1180.0
1533514886,1181.0
1533514892,1183.0
1533514897,1185.0
1533514903,1187.0
1533514909,1189.0
1533514915,1189.0
1533514920,1190.0
1533514925,1190.0
1533514931,1191.0
1533514936,1191.0
1533514941,1192.0
1533514947,1192.0
1533514952,1193.0
1533514958,1193.0
1533514964,1193.0
1533514969,1192.0
1533514975,1193.0
1533514980,1194.0
1533514992,1198.0
1533514997,1200.0
1533515002,1201.0
1533515008,1202.0
1533515013,1203.0
1533515019,1204.0
1533515024,1205.0
1533515030,1207.0
1533515036,1208.0
1533515041,1211.0
1533515047,1212.0
1533515052,1214.0
1533515058,1216.0
1533515064,1219.0
1533515070,1222.0
1533515075,1223.0
1533515081,1223.0
1533515087,1224.0
1533515092,1224.0
1533515097,1224.0
1533515102,1224.0
1533515107,1224.0
1533515113,1225.0
1533515118,1225.0
1533515124,1225.0
1533515130,1226.0
1533515135,1226.0
1533515140,1227.0
1533515151,1229.0
1533515157,1230.0
1533515162,1231.0
1533515168,1231.0
1533515174,1231.0
1533515179,1233.0
1533515185,1235.0
1533515190,1237.0
1533515196,1239.0
1533515201,1240.0
1533515207,1241.0
1533515213,1242.0
1533515218,1243.0
1533515223,1244.0
1533515229,1246.0
1533515234,1248.0
1533515240,1249.0
1533515245,1250.0
1533515251,1252.0
1533515257,1253.0
1533515262,1255.0
1533515268,1257.0
1533515273,1258.0
1533515278,1259.0
1533515284,1261.0
1533515289,1262.0
1533515294,1264.0
1533515300,1266.0
1533515311,1267.0
1533515317,1268.0
1533515322,1268.0
1533515328,1268.0
1533515333,1268.0
1533515339,1268.0
1533515345,1268.0
1533515350,1270.0
1533515356,1273.0
1533515361,1275.0
1533515367,1276.0
1533515372,1278.0
1533515378,1280.0
1533515384,1282.0
1533515390,1284.0
1533515396,1285.0
1533515402,1287.0
1533515408,1288.0
1533515414,1289.0
1533515419,1290.0
1533515425,1292.0
1533515431,1293.0
1533515436,1294.0
1533515442,1296.0
1533515447,1298.0
1533515453,1300.0
1533515458,1300.0
1533515464,1301.0
1533515470,1302.0
1533515476,1303.0
1533515482,1303.0
1533515488,1303.0
1533515493,1302.0
1533515504,1301.0
1533515509,1301.0
1533515514,1302.0
1533515519,1302.0
1533515525,1302.0
1533515531,1302.0
1533515537,1304.0
1533515542,1304.0
1533515548,1306.0
1533515553,1307.0
1533515559,1309.0
1533515565,1309.0
1533515570,1308.0
1533515576,1309.0
1533515581,1309.0
1533515587,1310.0
1533515593,1310.0
1533515598,1309.0
1533515603,1310.0
1533515609,1310.0
1533515616,1310.0
1533515621,1310.0
1533515627,1311.0
1533515632,1311.0
1533515638,1311.0
1533515644,1311.0
1533515650,1311.0
1533515656,1311.0
1533515661,1311.0
1533515667,1311.0
1533515673,1311.0
1533515678,1312.0
1533515684,1313.0
1533515690,1313.0
1533515696,1314.0
1533515702,1314.0
1533515708,1314.0
1533515714,1314.0
1533515720,1314.0
1533515726,1314.0
1533515732,1314.0
1533515737,1314.0
1533515743,1314.0
1533515755,1314.0
1533515761,1313.0
1533515766,1313.0
1533515772,1311.0
1533515778,1311.0
1533515783,1310.0
1533515795,1308.0
1533515801,1307.0
1533515806,1307.0
1533515812,1308.0
1533515817,1308.0
1533515822,1308.0
1533515828,1309.0
1533515834,1309.0
1533515840,1308.0
1533515846,1308.0
1533515852,1307.0
1533515858,1306.0
1533515863,1306.0
1533515868,1306.0
1533515874,1306.0
1533515879,1306.0
1533515885,1305.0
1533515890,1304.0
1533515896,1303.0
1533515902,1300.0
1533515907,1298.0
1533515913,1296.0
1533515918,1296.0
1533515924,1292.0
1533515930,1291.0
1533515936,1289.0
1533515942,1284.0
1533515948,1282.0
1533515954,1279.0
1533515960,1276.0
1533515966,1274.0
1533515972,1272.0
1533515977,1271.0
1533515983,1271.0
1533515989,1270.0
1533515995,1267.0
1533516000,1263.0
1533516006,1260.0
1533516012,1257.0
1533516018,1254.0
1533516023,1250.0
1533516029,1250.0
1533516034,1245.0
1533516039,1243.0
1533516045,1241.0
1533516050,1237.0
1533516056,1231.0
1533516062,1226.0
1533516068,1223.0
1533516074,1220.0
1533516080,1219.0
1533516085,1219.0
1533516091,1218.0
1533516097,1215.0
1533516103,1213.0
1533516108,1211.0
1533516114,1208.0
1533516120,1206.0
1533516126,1203.0
1533516131,1202.0
1533516136,1202.0
1533516147,1200.0
1533516153,1198.0
1533516158,1196.0
1533516164,1192.0
1533516170,1191.0
1533516176,1190.0
1533516182,1186.0
1533516188,1183.0
1533516194,1180.0
1533516200,1179.0
1533516206,1178.0
1533516211,1179.0
1533516216,1179.0
1533516222,1178.0
1533516228,1177.0
1533516234,1176.0
1533516240,1176.0
1533516246,1175.0
1533516251,1174.0
1533516257,1174.0
1533516263,1174.0
1533516269,1174.0
1533516275,1174.0
1533516280,1174.0
1533516286,1176.0
1533516291,1176.0
1533516296,1176.0
1533516302,1176.0
1533516307,1176.0
1533516313,1176.0
1533516319,1178.0
1533516325,1178.0
1533516331,1177.0
1533516337,1176.0
1533516343,1175.0
1533516349,1174.0
1533516355,1173.0
1533516360,1173.0
1533516366,1173.0
1533516371,1173.0
1533516377,1173.0
1533516382,1173.0
1533516387,1173.0
1533516392,1173.0
1533516398,1173.0
1533516404,1173.0
1533516410,1173.0
1533516416,1173.0
1533516422,1173.0
1533516428,1173.0
1533516434,1173.0
1533516440,1173.0
1533516446,1173.0
1533516451,1173.0
1533516457,1173.0
1533516463,1173.0
1533516468,1173.0
1533516474,1173.0
1533516480,1173.0
1533516486,1173.0
1533516491,1173.0
1533516497,1173.0
1533516503,1173.0
1533516509,1173.0
1533516516,1173.0
1533516522,1172.0
1533516528,1173.0
1533516534,1175.0
1533516540,1178.0
1533516546,1180.0
1533516552,1182.0
1533516558,1183.0
1533516564,1183.0
1533516570,1185.0
1533516576,1186.0
1533516582,1189.0
1533516587,1191.0
1533516598,1193.0
1533516604,1193.0
1533516609,1193.0
1533516614,1193.0
1533516619,1194.0
1533516625,1195.0
1533516631,1197.0
1533516637,1198.0
1533516642,1198.0
1533516648,1198.0
1533516654,1200.0
1533516660,1202.0
1533516665,1204.0
1533516671,1206.0
1533516677,1208.0
1533516682,1210.0
1533516688,1209.0
1533516693,1209.0
1533516698,1209.0
1533516704,1209.0
1533516710,1208.0
1533516716,1207.0
1533516728,1205.0
1533516734,1207.0
1533516739,1209.0
1533516745,1211.0
1533516751,1214.0
1533516757,1216.0
1533516762,1216.0
1533516768,1218.0
1533516774,1219.0
1533516779,1220.0
1533516785,1221.0
1533516790,1223.0
1533516795,1226.0
1533516800,1228.0
1533516806,1230.0
1533516812,1234.0
1533516818,1237.0
1533516823,1238.0
1533516829,1240.0
1533516835,1241.0
1533516841,1241.0
1533516847,1242.0
1533516852,1242.0
1533516857,1243.0
1533516863,1244.0
1533516869,1245.0
1533516875,1246.0
1533516880,1246.0
1533516886,1246.0
1533516891,1246.0
1533516896,1245.0
1533516902,1245.0
1533516908,1245.0
1533516914,1245.0
1533516919,1245.0
1533516925,1245.0
1533516930,1245.0
1533516936,1245.0
1533516942,1246.0
1533516947,1246.0
1533516953,1247.0
1533516959,1248.0
1533516965,1249.0
1533516971,1250.0
1533516976,1251.0
1533516982,1252.0
1533516987,1253.0
1533516992,1254.0
1533516998,1255.0
1533517004,1257.0
1533517009,1258.0
1533517015,1260.0
1533517020,1262.0
1533517025,1263.0
1533517031,1263.0
1533517036,1264.0
1533517041,1265.0
1533517047,1265.0
1533517053,1267.0
1533517058,1268.0
1533517063,1270.0
1533517069,1272.0
1533517074,1274.0
1533517079,1275.0
1533517084,1277.0
1533517090,1279.0
1533517095,1281.0
1533517100,1282.0
1533517106,1283.0
1533517112,1283.0
1533517118,1283.0
1533517124,1283.0
1533517129,1284.0
1533517135,1286.0
1533517140,1286.0
1533517146,1288.0
1533517152,1289.0
1533517158,1290.0
1533517163,1290.0
1533517169,1290.0
1533517174,1291.0
1533517180,1291.0
1533517186,1290.0
1533517192,1290.0
1533517198,1290.0
1533517200,1184.0
1533517206,1185.0
1533517212,1186.0
1533517218,1186.0
1533517223,1187.0
1533517229,1188.0
1533517235,1189.0
1533517240,1189.0
1533517250,1192.0
1533517256,1195.0
1533517262,1196.0
