Sensor,s_0
1533680015,29.641710000000003
1533681014,29.660522
1533682010,29.660587
1533680030,29.640864999999998
1533681840,29.660564
1533680228,29.64136
1533681258,29.641685000000003
1533682296,29.643715
1533683314,29.660637
1533684325,29.660525999999997
1533685346,29.661915
1533686353,29.66028
1533683857,29.660580000000003
1533685028,29.659312999999997
1533686119,29.660473000000003
1533683521,29.641453
1533684554,29.641979999999997
1533685580,29.64045
1533686610,29.6603
1533687617,29.660491999999998
1533687622,29.660491999999998
1533687628,29.660491999999998
1533687633,29.660491999999998
1533687638,29.660491999999998
1533687644,29.660491999999998
1533687650,29.660491999999998
1533687656,29.660491999999998
1533687662,29.660491999999998
1533687668,29.660491999999998
1533687673,29.660491999999998
1533687679,29.660491999999998
1533687684,29.660491999999998
1533687690,29.660491999999998
1533687695,29.660491999999998
1533687701,29.660491999999998
1533687707,29.660491999999998
1533687712,29.660491999999998
1533687718,29.660491999999998
1533687724,29.660491999999998
1533687730,29.660491999999998
1533687735,29.660491999999998
1533687740,29.660491999999998
1533687746,29.660491999999998
1533687752,29.660491999999998
1533687758,29.660491999999998
1533687764,29.660491999999998
1533687770,29.660491999999998
1533687776,29.660491999999998
1533687782,29.660491999999998
1533687788,29.660491999999998
1533687794,29.660491999999998
1533687799,29.660491999999998
1533687804,29.660491999999998
1533687810,29.660491999999998
1533687816,29.660491999999998
1533687822,29.660491999999998
1533687827,29.660491999999998
1533687833,29.660491999999998
1533687839,29.660491999999998
1533687844,29.660491999999998
1533687850,29.660491999999998
1533687856,29.660491999999998
1533687862,29.660491999999998
1533687868,29.660491999999998
1533687873,29.660491999999998
1533687878,29.660491999999998
1533687884,29.660491999999998
1533687890,29.660491999999998
1533687896,29.660491999999998
1533687902,29.660491999999998
1533687908,29.660491999999998
1533687913,29.660491999999998
1533687919,29.660491999999998
1533687925,29.660491999999998
1533687930,29.660491999999998
1533687936,29.6605
1533687942,29.660580000000003
1533687948,29.660666999999997
1533687953,29.660739999999997
1533687959,29.660739999999997
1533687964,29.66077
1533687970,29.66084
1533687975,29.660960000000003
1533687980,29.661105999999997
1533687985,29.661254999999997
1533687991,29.661453
1533687997,29.661667
1533688002,29.661859999999997
1533683527,29.641605
1533683533,29.6417
1533683539,29.641685000000003
1533683544,29.6417
1533683549,29.641765999999997
1533683555,29.641846
1533683560,29.6419
1533683566,29.642017000000003
1533683572,29.64204
1533683577,29.64204
1533683583,29.642014000000003
1533683588,29.642000000000003
1533683594,29.641968
1533683600,29.641968
1533683605,29.641968
1533683610,29.64197
1533683615,29.64197
1533683621,29.641979999999997
1533683627,29.641979999999997
1533683633,29.641979999999997
1533683639,29.64197
1533683650,29.641907000000003
1533683656,29.6419
1533683662,29.641894999999998
1533683667,29.641907000000003
1533683672,29.641907000000003
1533683678,29.641903
1533683684,29.641907000000003
1533683689,29.641907000000003
1533683694,29.641903
1533683699,29.641907000000003
1533683705,29.641907000000003
1533683710,29.641903
1533683716,29.641903
1533683722,29.6419
1533683728,29.6419
1533683733,29.641894999999998
1533683739,29.641894999999998
1533683745,29.6419
1533683751,29.641889999999997
1533683757,29.641889999999997
1533683762,29.641888
1533683768,29.641889999999997
1533683773,29.641889999999997
1533683779,29.641889999999997
1533683785,29.641889999999997
1533683790,29.641889999999997
1533683796,29.64188
1533683802,29.641883999999997
1533683808,29.64188
1533683814,29.641872
1533683819,29.641872
1533683824,29.641876000000003
1533683830,29.641876000000003
1533683840,29.64192
1533683846,29.64192
1533683851,29.641914
1533683857,29.641914
1533683862,29.64192
1533683868,29.641939999999998
1533683873,29.641953
1533683878,29.641953
1533683883,29.641945
1533683889,29.641945
1533683894,29.641953
1533683906,29.64195
1533683912,29.641959999999997
1533683918,29.641968
1533683924,29.641968
1533683929,29.641968
1533683934,29.641968
1533683940,29.641968
1533683946,29.641968
1533683951,29.641964
1533683957,29.641968
1533683962,29.641964
1533683968,29.641964
1533683975,29.641959999999997
1533683981,29.641956
1533683986,29.641953
1533683992,29.641953
1533683998,29.641953
1533684003,29.641964
1533684009,29.641968
1533684015,29.641975000000002
1533684021,29.64197
1533684027,29.641979999999997
1533684033,29.641979999999997
1533684559,29.641979999999997
1533684565,29.64197
1533684571,29.64197
1533684577,29.641968
1533684582,29.641964
1533684588,29.641956
1533684593,29.641964
1533684599,29.641968
1533684605,29.641959999999997
1533684610,29.641959999999997
1533684616,29.641959999999997
1533684621,29.641959999999997
1533684627,29.641964
1533684632,29.641968
1533684638,29.641979999999997
1533684643,29.641979999999997
1533684649,29.641979999999997
1533684655,29.641983000000003
1533684661,29.641979999999997
1533684666,29.641979999999997
1533684672,29.641979999999997
1533684677,29.641979999999997
1533684682,29.641979999999997
1533684688,29.641979999999997
1533684693,29.641979999999997
1533684699,29.641979999999997
1533684705,29.641979999999997
1533684710,29.641975000000002
1533684716,29.641922
1533684722,29.64186
1533684727,29.641792000000002
1533684733,29.641712
1533684738,29.641697
1533684744,29.641674000000002
1533684750,29.641655
1533684755,29.641647
1533684761,29.64166
1533684772,29.641605
1533684778,29.641550000000002
1533684783,29.64154
1533684789,29.641419999999997
1533684794,29.641354
1533684805,29.641212000000003
1533684810,29.641154999999998
1533684816,29.641067999999997
1533684822,29.640970000000003
1533684828,29.640864999999998
1533684833,29.640766
1533684839,29.640648
1533684845,29.640521999999997
1533684851,29.640410000000003
1533684857,29.640279999999997
1533684863,29.640155999999998
1533684868,29.640053
1533684875,29.639927
1533684881,29.6398
1533684886,29.639740000000003
1533684892,29.63982
1533684898,29.639927
1533684904,29.640034
1533684910,29.640133
1533684916,29.6402
1533684921,29.640247000000002
1533684927,29.640335
1533684933,29.640347
1533684938,29.640389999999996
1533684944,29.640423
1533684950,29.640392
1533684956,29.640372999999997
1533684962,29.64036
1533684968,29.640358
1533684974,29.640327
1533684979,29.64033
1533684984,29.640354000000002
1533684989,29.640389999999996
1533684995,29.640430000000002
1533685000,29.640465
1533685006,29.640479999999997
1533685012,29.640487999999998
1533685017,29.640484
1533685022,29.640484
1533685027,29.640484
1533685033,29.640487999999998
1533685038,29.640487999999998
1533685043,29.640487999999998
1533685049,29.640487999999998
1533685055,29.640487999999998
1533685061,29.640487999999998
1533685586,29.640347
1533685592,29.640230000000003
1533685598,29.640113999999997
1533685608,29.639885
1533685614,29.639780000000002
1533685619,29.639767
1533685625,29.63982
1533685631,29.639908
1533685636,29.640006999999997
1533685642,29.64016
1533685647,29.64031
1533685653,29.640354000000002
1533685658,29.640347
1533685664,29.640343
1533685670,29.640335
1533685675,29.640316
1533685681,29.640304999999998
1533685687,29.640304999999998
1533685692,29.640273999999998
1533685697,29.640265999999997
1533685702,29.640300000000003
1533685708,29.64033
1533685714,29.640366
1533685719,29.640396000000003
1533685725,29.640434
1533685737,29.640453
1533685743,29.640453
1533685749,29.640456999999998
1533685755,29.640459999999997
1533685760,29.640459999999997
1533685766,29.640456999999998
1533685771,29.640453
1533685777,29.640430000000002
1533685783,29.640366
1533685789,29.640231999999997
1533685795,29.640120000000003
1533685800,29.640022000000002
1533685805,29.639964999999997
1533685810,29.639935
1533685816,29.639923000000003
1533685822,29.639896
1533685828,29.639812
1533685833,29.639854
1533685839,29.640009999999997
1533685845,29.640205
1533685850,29.640423
1533685856,29.640667
1533685862,29.640864999999998
1533685867,29.641039999999997
1533685873,29.641197
1533685879,29.641266
1533685884,29.64139
1533685890,29.641506
1533685896,29.64157
1533685901,29.641598000000002
1533685907,29.641593999999998
1533685913,29.641585999999997
1533685918,29.641506
1533685929,29.641415000000002
1533685935,29.64148
1533685940,29.641537
1533685946,29.641575000000003
1533685952,29.641599999999997
1533685957,29.641599999999997
1533685963,29.641593999999998
1533685968,29.641598000000002
1533685974,29.641593999999998
1533685980,29.641593999999998
1533685986,29.64159
1533685991,29.64159
1533685996,29.641585999999997
1533686002,29.641585999999997
1533686007,29.641579999999998
1533686013,29.641579999999998
1533686019,29.641579999999998
1533686024,29.641575000000003
1533686030,29.641579999999998
1533686036,29.641585999999997
1533686041,29.641593999999998
1533686046,29.641599999999997
1533686052,29.641599999999997
1533686058,29.641605
1533686064,29.64161
1533686070,29.641605
1533686075,29.641605
1533686081,29.641605
1533686087,29.641605
1533686093,29.641605
1533686615,29.6603
1533686621,29.6603
1533686627,29.6603
1533686633,29.6603
1533686638,29.6603
1533686643,29.6603
1533686649,29.6603
1533686654,29.6603
1533686660,29.6603
1533686666,29.660305
1533686672,29.660305
1533686678,29.660305
1533686684,29.660305
1533686689,29.660305
1533686694,29.660305
1533686700,29.660305
1533686706,29.660305
1533686712,29.660305
1533686717,29.660305
1533686723,29.660305
1533686729,29.660305
1533686735,29.660305
1533686740,29.660305
1533686746,29.660310000000003
1533686751,29.660310000000003
1533686757,29.660310000000003
1533686763,29.660310000000003
1533686769,29.660310000000003
1533686774,29.660310000000003
1533686780,29.660310000000003
1533686785,29.660310000000003
1533686791,29.660310000000003
1533686796,29.660310000000003
1533686802,29.660310000000003
1533686807,29.660313000000002
1533686812,29.660313000000002
1533686818,29.660313000000002
1533686823,29.660313000000002
1533686829,29.660313000000002
1533686834,29.660313000000002
1533686840,29.660313000000002
1533686845,29.660313000000002
1533686851,29.660313000000002
1533686856,29.660313000000002
1533686862,29.660313000000002
1533686868,29.660313000000002
1533686873,29.660313000000002
1533686878,29.660313000000002
1533686884,29.660313000000002
1533686890,29.660313000000002
1533686896,29.660313000000002
1533686901,29.660313000000002
1533686906,29.660313000000002
1533686912,29.660313000000002
1533686918,29.660313000000002
1533686924,29.660313000000002
1533686930,29.660313000000002
1533686936,29.660316
1533686941,29.660316
1533686946,29.660316
1533686952,29.660316
1533686957,29.660316
1533686962,29.660316
1533686967,29.660316
1533686973,29.660316
1533686978,29.660316
1533686983,29.660316
1533686989,29.66032
1533686994,29.66032
1533687000,29.66032
1533687006,29.66032
1533687011,29.66032
1533687017,29.66032
1533687022,29.66032
1533687027,29.66032
1533687033,29.66032
1533687039,29.66032
1533687045,29.66032
1533687051,29.66032
1533687056,29.66032
1533687062,29.66032
1533687068,29.660324000000003
1533687073,29.660324000000003
1533687079,29.660324000000003
1533687085,29.660324000000003
1533687091,29.660324000000003
1533687097,29.660328
1533687102,29.660328
1533688394,29.658447000000002
1533688551,29.660519999999998
1533688556,29.66046
1533688562,29.66041
1533688568,29.660465000000002
1533688574,29.660507000000003
1533688580,29.660507000000003
1533688586,29.660510000000002
1533688592,29.660514999999997
1533688598,29.660514999999997
1533688604,29.660514999999997
1533688610,29.660514999999997
1533688616,29.660514999999997
1533688622,29.660514999999997
1533688628,29.660514999999997
1533688634,29.660514999999997
1533688639,29.660514999999997
1533688645,29.660514999999997
1533688651,29.660514999999997
1533688657,29.660514999999997
1533688663,29.660514999999997
1533688668,29.660514999999997
1533688674,29.660514999999997
1533688680,29.660514999999997
1533688685,29.660514999999997
1533688691,29.660514999999997
1533688697,29.660519999999998
1533688702,29.660519999999998
1533688708,29.660519999999998
1533688713,29.660519999999998
1533688719,29.660519999999998
1533688725,29.660519999999998
1533688731,29.660519999999998
1533688736,29.660519999999998
1533688741,29.660519999999998
1533688747,29.660519999999998
1533688752,29.660519999999998
1533688758,29.660519999999998
1533688764,29.660519999999998
1533688770,29.660519999999998
1533688776,29.660519999999998
1533688781,29.660519999999998
1533688787,29.660519999999998
1533688792,29.660519999999998
1533688798,29.660519999999998
1533688804,29.660519999999998
1533688810,29.660519999999998
1533688815,29.660519999999998
1533688820,29.660519999999998
1533688826,29.660519999999998
1533688832,29.660519999999998
1533688838,29.660519999999998
1533688844,29.660519999999998
1533688850,29.660519999999998
1533688856,29.660519999999998
1533688861,29.660519999999998
1533688867,29.660519999999998
1533688872,29.660519999999998
1533688878,29.660519999999998
1533688883,29.660519999999998
1533688888,29.660519999999998
1533688894,29.660519999999998
1533688900,29.660519999999998
1533688906,29.660519999999998
1533688911,29.660519999999998
1533688916,29.660519999999998
1533688921,29.660519999999998
1533688927,29.660519999999998
1533688933,29.660519999999998
1533688939,29.660519999999998
1533688944,29.660519999999998
1533688950,29.660519999999998
1533688956,29.660519999999998
1533688961,29.660519999999998
1533688967,29.660519999999998
1533688973,29.660519999999998
1533688978,29.660519999999998
1533688984,29.660519999999998
1533688989,29.660519999999998
1533688994,29.660519999999998
1533689000,29.660519999999998
1533689011,29.660519999999998
1533689017,29.660519999999998
1533689023,29.660519999999998
1533689028,29.660519999999998
1533689034,29.660519999999998
1533689040,29.660519999999998
1533689046,29.660519999999998
1533689051,29.660519999999998
1533688405,29.658447000000002
1533688411,29.658447000000002
1533688417,29.658447000000002
1533688423,29.658474
1533688429,29.658520000000003
1533688435,29.6586
1533688441,29.658720000000002
1533688447,29.658880000000003
1533688453,29.659084
1533688459,29.659336000000003
1533688465,29.659576
1533688470,29.65967
1533688476,29.659748
1533688482,29.659813
1533688488,29.659813
1533688493,29.659813
1533688498,29.659813
1533688504,29.659813
1533688510,29.659813
1533688515,29.659813
1533688521,29.659813
1533688526,29.659813
1533688532,29.659813
1533688537,29.659813
1533688543,29.659813
1533688549,29.659813
1533688554,29.659813
1533688559,29.659813
1533688564,29.659813
1533688570,29.659813
1533688575,29.659813
1533688580,29.659813
1533688586,29.659813
1533688592,29.659813
1533688597,29.659813
1533688603,29.659813
1533688609,29.659813
1533688615,29.659813
1533688621,29.659813
1533688626,29.659813
1533688631,29.659813
1533688637,29.659813
1533688642,29.659813
1533688647,29.659813
1533688653,29.659813
1533688658,29.659813
1533688664,29.659813
1533688669,29.659813
1533688674,29.659813
1533688680,29.659813
1533688686,29.659813
1533688691,29.659813
1533688697,29.659813
1533688703,29.659813
1533688708,29.659813
1533688714,29.659813
1533688720,29.659813
1533688725,29.659813
1533688731,29.659813
1533688736,29.659813
1533688742,29.659813
1533688747,29.659816999999997
1533688753,29.659816999999997
1533688758,29.659816999999997
1533688763,29.659816999999997
1533688769,29.659820000000003
1533688775,29.659820000000003
1533688780,29.659820000000003
1533688786,29.659820000000003
1533688792,29.659863
1533688798,29.660114
1533688803,29.660305
1533688809,29.660442000000003
1533688815,29.66059
1533688820,29.660732000000003
1533688826,29.660946000000003
1533688832,29.661189999999998
1533688837,29.661423
1533688843,29.6616
1533688849,29.66174
1533688854,29.661839999999998
1533688860,29.661915
1533688866,29.662003
1533688872,29.662052000000003
1533688878,29.66207
1533688883,29.66202
1533688888,29.661915
1533688894,29.661865
1533688899,29.66194
1533688905,29.662059999999997
1533688911,29.662036999999998
1533688916,29.662067
1533688922,29.662129999999998
1533688928,29.662117000000002
1533688934,29.66196
1533688940,29.66176
1533688945,29.661540000000002
1533688951,29.66131
1533688956,29.661113999999998
1533688962,29.660899999999998
1533688967,29.660763000000003
1533688973,29.66073
1533688979,29.66062
1533688985,29.660580000000003
1533688991,29.660539999999997
1533688997,29.660534
1533689003,29.660534
1533689014,29.660534
1533689019,29.660534
1533689024,29.660525999999997
1533689030,29.660525999999997
1533689035,29.660525999999997
1533689040,29.660525999999997
1533689046,29.660525999999997
1533689052,29.660519999999998
1533689057,29.660514999999997
1533689063,29.660503
1533689069,29.6605
1533689074,29.660490000000003
1533689080,29.660491999999998
1533689085,29.660491999999998
1533689091,29.6605
1533689096,29.6605
1533689101,29.660503
1533689107,29.660510000000002
1533689112,29.660510000000002
1533689118,29.660510000000002
1533689123,29.660514999999997
1533689134,29.660514999999997
1533689140,29.660514999999997
1533689145,29.660514999999997
1533689150,29.660514999999997
1533689156,29.660514999999997
1533689161,29.660514999999997
1533689166,29.660514999999997
1533689172,29.660514999999997
1533689177,29.660514999999997
1533689182,29.660514999999997
1533689188,29.660514999999997
1533689193,47.660515
1533689199,47.660515
1533689205,47.660515
1533689210,47.660515
1533689215,47.660515
1533689221,47.660515
1533689226,47.660515
1533689231,47.660515
1533689237,47.660515
1533689243,47.660515
1533689248,47.660515
1533689254,47.660515
1533689260,47.660515
1533689266,47.660515
1533689272,47.660515
1533689277,47.660515
1533689283,47.660515
1533689288,47.660515
1533689294,47.660515
1533689300,47.660515
1533689305,47.660515
1533689316,47.66051
1533689322,47.66051
1533689328,47.66051
1533689333,47.6605
1533689339,47.660446
1533689344,47.660385
1533689350,47.660347
1533689356,47.660374
1533689362,47.660374
1533689368,47.660366
1533689373,47.660366
1533689379,47.660366
1533689384,47.660366
1533689390,47.660366
1533689396,47.660366
1533689402,47.660366
1533689407,47.660366
1533689413,47.660366
1533689419,47.660366
1533689424,47.660366
1533689429,47.660366
1533689434,47.660366
1533689440,47.660366
1533689445,47.660366
1533689450,47.660366
1533689456,47.660366
1533689462,47.660366
1533689467,47.660366
1533689472,47.660366
1533689477,47.660366
1533689483,47.660366
1533689488,47.660366
1533689493,47.660366
1533689499,47.660366
1533689505,47.660366
1533689511,47.660366
1533689516,47.660366
1533689522,47.660366
1533689527,47.660366
1533689533,47.660366
1533689538,47.660366
1533689544,47.660366
1533689549,47.660366
1533689555,47.660366
1533689561,47.660366
1533689567,47.660366
1533689572,47.660366
1533689578,47.660366
1533689584,47.660366
1533689590,47.660366
1533689595,47.66037
1533689601,47.66037
1533689606,47.66037
1533689612,47.66037
1533689618,47.66037
1533689623,47.66037
1533689628,47.66037
1533689634,47.66037
1533689640,47.660374
1533689645,47.660374
1533689651,47.660374
1533689657,47.660374
1533689663,47.660374
1533689669,47.660374
1533689675,47.660374
1533689681,47.660374
1533689686,47.660374
1533689692,47.660374
1533689697,47.660374
1533689703,47.660374
1533689708,47.660374
1533689714,47.660374
1533689719,47.660374
1533689724,47.660374
1533689730,47.660374
1533689736,47.660374
1533689742,47.660374
1533689747,47.660374
1533689753,47.660374
1533689759,47.660374
1533689765,47.660374
1533689771,47.660374
1533689776,47.660374
1533689782,47.660374
1533689788,47.660374
1533689793,47.660374
1533689799,47.66041
1533689804,47.66044
1533689810,47.66047
1533689816,47.66048
1533689821,47.660473
1533689827,47.660473
1533689833,47.66047
1533689838,47.660465
1533689843,47.660465
1533689849,47.660465
1533689854,47.66046
1533689860,47.660477
1533689866,47.66048
1533689872,47.66048
1533689877,47.66048
1533689883,47.66048
1533689888,47.66048
1533689894,47.66048
1533689900,47.66049
1533689905,47.66049
1533689911,47.660484
1533689916,47.660484
1533689922,47.660484
1533689927,47.660484
1533689933,47.660484
1533689938,47.660484
1533689943,47.660484
1533689949,47.660484
1533689954,47.660484
1533689960,47.660484
1533689966,47.660484
1533689972,47.660484
1533689978,47.660484
1533689984,47.660484
1533689989,47.660484
1533689995,47.660484
1533686402,47.660465
1533686408,47.660465
1533686414,47.660465
1533686420,47.660465
1533686425,47.660465
1533686437,47.660465
1533686442,47.660465
1533686447,47.660465
1533686453,47.660465
1533686459,47.660465
1533686465,47.660465
1533686471,47.660465
1533686477,47.660465
1533686482,47.660465
1533686487,47.660465
1533686492,47.660465
1533686497,47.660465
1533686503,47.660465
1533686508,47.660465
1533686514,47.660465
1533686519,47.660465
1533686525,47.660465
1533686531,47.660465
1533686537,47.660465
1533686543,47.660465
1533686548,47.660465
1533686554,47.660465
1533686559,47.660465
1533686565,47.660465
1533686570,47.660465
1533686576,47.660465
1533686582,47.660465
1533686588,47.660465
1533686593,47.660465
1533686598,47.660465
1533686604,47.660465
1533686610,47.660465
1533686616,47.660465
1533686622,47.660465
1533686628,47.660465
1533686633,47.660465
1533686639,47.660465
1533686644,47.660465
1533686650,47.660465
1533686655,47.660465
1533686661,47.660465
1533686667,47.660465
1533686673,47.660465
1533686678,47.660465
1533686683,47.660465
1533686689,47.660465
1533686695,47.660465
1533686700,47.660465
1533686706,47.660465
1533686711,47.660465
1533686717,47.660465
1533686723,47.660465
1533686729,47.660465
1533686735,47.660465
1533686740,47.660465
1533686746,47.660465
1533686752,47.660465
1533686757,47.660465
1533686763,47.660465
1533686768,47.660465
1533686774,47.660465
1533686780,47.660465
1533686790,47.660465
1533686796,47.660465
1533686801,47.660465
1533680020,47.641415
1533680026,47.641403
1533680032,47.641525
1533680038,47.641106
1533680049,47.64115
1533680055,47.641125
1533680060,47.641125
1533680065,47.641075
1533680070,47.640926
1533680076,47.640766
1533680082,47.64065
1533680088,47.640507
1533680093,47.640453
1533680099,47.64041
1533680104,47.640472
1533680110,47.64054
1533680115,47.640606
1533680121,47.64078
1533680126,47.64078
1533680131,47.64112
1533680136,47.641285
1533680142,47.64149
1533680148,47.641655
1533680153,47.641808
1533680159,47.642
1533680165,47.642212
1533680170,47.642372
1533680176,47.64258
1533680181,47.642754
1533680187,47.642952
1533680192,47.6431
1533680198,47.643307
1533680203,47.643467
1533680208,47.643635
1533680214,47.643833
1533680220,47.644005
1533680225,47.644184
1533680231,47.64444
1533680236,47.644657
1533680241,47.64488
1533680247,47.645214
1533680252,47.645535
1533680258,47.64584
1533680264,47.646107
1533680269,47.64615
1533680275,47.646305
1533680280,47.646236
1533680286,47.64616
1533680292,47.646015
1533680297,47.645912
1533680303,47.6458
1533680308,47.645733
1533680314,47.6457
1533680319,47.645756
1533680325,47.646057
1533680330,47.646408
1533680336,47.647026
1533680341,47.6476
1533680347,47.648075
1533680352,47.648453
1533680358,47.648933
1533680363,47.649303
1533680368,47.649605
1533680373,47.64986
1533680379,47.65024
1533680384,47.65058
1533680389,47.65102
1533680395,47.65145
1533680400,47.651817
1533680406,47.65224
1533680411,47.65258
1533680417,47.65304
1533680422,47.653408
1533680428,47.65375
1533680434,47.65417
1533680440,47.654545
1533680445,47.65483
1533680451,47.655174
1533680456,47.655453
1533680461,47.655735
1533680466,47.656033
1533680472,47.656345
1533680478,47.656647
1533680483,47.6569
1533680489,47.65731
1533680495,47.657745
1533680500,47.65812
1533680506,47.65856
1533686807,47.660465
1533686813,47.660465
1533686819,47.660465
1533686825,47.660465
1533686831,47.660465
1533686837,47.660465
1533686843,47.660465
1533686848,47.660465
1533686854,47.660465
1533686860,47.660465
1533686866,47.660465
1533686872,47.660465
1533686878,47.660465
1533686883,47.660465
1533686888,47.660465
1533686893,47.660465
1533686899,47.660465
1533686904,47.660465
1533686909,47.660465
1533686915,47.660465
1533686921,47.660465
1533686927,47.660465
1533686933,47.660465
1533686938,47.660465
1533686944,47.660465
1533686950,47.660465
1533686955,47.660465
1533686961,47.660465
1533686967,47.660465
1533686972,47.660465
1533686984,47.660465
1533686990,47.660465
1533686996,47.660465
1533687001,47.660465
1533687007,47.660465
1533687013,47.660465
1533687018,47.660465
1533687024,47.660465
1533687030,47.660465
1533687035,47.660465
1533687041,47.660465
1533687046,47.660465
1533687052,47.660465
1533687058,47.660465
1533687063,47.660465
1533687068,47.660465
1533687080,47.660465
1533687086,47.660465
1533687092,47.660465
1533687098,47.660477
1533687104,47.660515
1533687110,47.660595
1533687116,47.660706
1533687122,47.660866
1533687128,47.66108
1533687134,47.661255
1533687175,47.662033
1533687180,47.66198
1533687186,47.66193
1533687192,47.661865
1533687197,47.661846
1533687203,47.66189
1533687236,47.661995
1533687242,47.661934
1533687248,47.66189
1533687253,47.661842
1533687259,47.66178
1533687264,47.661694
1533687301,47.66064
1533687307,47.660393
1533687312,47.660145
1533687318,47.659805
1533687323,47.659527
1533687329,47.659233
1533687368,47.658295
1533687374,47.658203
1533687380,47.658108
1533687386,47.65804
1533687392,47.658012
1533687398,47.657993
1533687404,47.657887
1533687410,47.65778
1533687416,47.65766
1533687421,47.65769
1533687432,47.657795
1533687438,47.657818
1533687444,47.657818
1533687449,47.657818
1533681020,47.660522
1533681025,47.660522
1533681031,47.660522
1533681037,47.660522
1533681042,47.660522
1533681048,47.66052
1533681053,47.66052
1533681058,47.66052
1533681063,47.66052
1533681069,47.66052
1533681075,47.66052
1533681081,47.66052
1533681086,47.66052
1533681092,47.66052
1533681098,47.66052
1533681103,47.66052
1533681108,47.66052
1533681114,47.66052
1533681120,47.66052
1533681125,47.66052
1533681131,47.66052
1533681137,47.66052
1533681142,47.66052
1533681148,47.66052
1533681154,47.66052
1533681160,47.66052
1533681165,47.66052
1533681171,47.66052
1533681177,47.66052
1533681182,47.66052
1533681188,47.66052
1533681194,47.66052
1533681199,47.66052
1533681205,47.66052
1533681211,47.66052
1533681217,47.66052
1533681222,47.66052
1533681228,47.66052
1533681233,47.66052
1533681239,47.66052
1533681244,47.66052
1533681250,47.66052
1533681255,47.66052
1533681260,47.66052
1533681266,47.66052
1533681272,47.66052
1533681277,47.66052
1533681283,47.66052
1533681289,47.66052
1533681294,47.66052
1533681300,47.66052
1533681305,47.66052
1533681311,47.66052
1533681316,47.66052
1533681321,47.66052
1533681327,47.66052
1533681333,47.66052
1533681339,47.660534
1533681345,47.66058
1533681350,47.66059
1533681355,47.660686
1533681360,47.66075
1533681366,47.66082
1533681372,47.66091
1533681377,47.66099
1533681383,47.66114
1533681389,47.66129
1533681394,47.66143
1533681400,47.6616
1533681406,47.661755
1533681411,47.661865
1533681417,47.66198
1533681423,47.662056
1533681429,47.662052
1533681434,47.662006
1533681440,47.661995
1533681445,47.66198
1533681451,47.66195
1533681456,47.661915
1533681462,47.661865
1533681467,47.661827
1533681473,47.66187
1533681479,47.661972
1533681484,47.66204
1533681490,47.6621
1533681495,47.66211
1533681501,47.662067
1533681507,47.661987
1533682015,47.66061
1533682021,47.6606
1533682027,47.660595
1533682032,47.660595
1533682038,47.660595
1533682044,47.660595
1533682049,47.660595
1533682054,47.660595
1533682060,47.660595
1533682065,47.660606
1533682070,47.660694
1533682076,47.6608
1533682082,47.660812
1533682088,47.660812
1533682093,47.66081
1533682098,47.660774
1533682104,47.66066
1533682110,47.66059
1533682116,47.660587
1533682122,47.660625
1533682127,47.660614
1533682132,47.66056
1533682138,47.660553
1533682144,47.660553
1533682150,47.660553
1533682155,47.660553
1533682161,47.66055
1533682167,47.66055
1533682173,47.66055
1533682179,47.66055
1533682184,47.66055
1533682190,47.66055
1533682195,47.66055
1533682201,47.66055
1533682207,47.66055
1533682212,47.66055
1533682218,47.66055
1533682228,47.66055
1533682234,47.66055
1533682239,47.660545
1533682245,47.660545
1533682251,47.660545
1533682257,47.66055
1533682263,47.66055
1533682269,47.66055
1533682275,47.66055
1533682281,47.66055
1533682287,47.66055
1533682293,47.66055
1533682299,47.66055
1533682305,47.66055
1533682310,47.66055
1533682315,47.66055
1533682321,47.66055
1533682326,47.66055
1533682332,47.66055
1533682338,47.66055
1533682344,47.66055
1533682349,47.66055
1533682355,47.66055
1533682361,47.66055
1533682367,47.660553
1533682372,47.660553
1533682378,47.660553
1533682383,47.660553
1533682389,47.660553
1533682395,47.660553
1533682400,47.660553
1533682411,47.660553
1533682417,47.660553
1533682423,47.660553
1533682429,47.660553
1533682435,47.660553
1533682441,47.660553
1533682447,47.660553
1533682453,47.660553
1533682459,47.660553
1533682465,47.660553
1533682471,47.660553
1533682477,47.660553
1533682483,47.660553
1533682489,47.660553
1533682494,47.660553
1533682500,47.66055
1533682505,47.66055
1533682511,47.66055
1533682516,47.66055
1533682522,47.66055
1533680035,47.64084
1533680041,47.640785
1533680047,47.640747
1533680052,47.640705
1533680058,47.64064
1533680064,47.640587
1533680069,47.640553
1533680075,47.64052
1533680081,47.6405
1533680087,47.640495
1533680092,47.6405
1533680098,47.64052
1533680103,47.640545
1533680109,47.640583
1533680114,47.640686
1533680120,47.64086
1533680126,47.64106
1533680131,47.64122
1533680137,47.641426
1533680143,47.64161
1533680148,47.641773
1533680154,47.642006
1533680160,47.642223
1533680166,47.64242
1533680171,47.642593
1533680176,47.642754
1533680181,47.642933
1533680187,47.643147
1533680192,47.64331
1533680198,47.64353
1533680204,47.643738
1533680210,47.643948
1533680216,47.64411
1533680221,47.64427
1533680227,47.64452
1533680232,47.644722
1533680238,47.644997
1533680244,47.64529
1533680249,47.645554
1533680255,47.645866
1533680260,47.646008
1533680265,47.646328
1533680271,47.646385
1533680276,47.646305
1533680282,47.646194
1533680287,47.64607
1533680293,47.645943
1533680299,47.64582
1533680305,47.64569
1533680311,47.645634
1533680316,47.64568
1533680322,47.64591
1533680327,47.64608
1533680332,47.646305
1533680338,47.646587
1533680343,47.646847
1533680349,47.64715
1533680355,47.64737
1533681041,47.647205
1533681109,47.650505
1533681115,47.65109
1533681121,47.651573
1533681126,47.651997
1533681132,47.65259
1533681138,47.653122
1533681179,47.656227
1533681184,47.656548
1533681189,47.65694
1533681195,47.65745
1533681200,47.65782
1533681211,47.658493
1533681217,47.658844
1533681223,47.65926
1533681229,47.659706
1533681235,47.660015
1533681241,47.660225
1533681247,47.660446
1533681253,47.660675
1533681259,47.660927
1533681265,47.6612
1533681271,47.66147
1533681277,47.66166
1533681283,47.661785
1533681288,47.661865
1533681294,47.661953
1533681300,47.662
1533681305,47.661892
1533681310,47.661793
1533681846,47.660545
1533681851,47.660534
1533681857,47.660534
1533681862,47.660526
1533681868,47.66053
1533681873,47.66053
1533681878,47.66053
1533681883,47.66053
1533681889,47.66053
1533681895,47.66053
1533681901,47.66053
1533681907,47.66053
1533681913,47.660526
1533681952,47.660526
1533681958,47.660526
1533681964,47.660526
1533681970,47.660526
1533681976,47.660526
1533681981,47.660526
1533681986,47.660526
1533681991,47.660526
1533681997,47.660526
1533682003,47.660526
1533682009,47.660526
1533682015,47.660526
1533682021,47.660526
1533682027,47.660526
1533682033,47.660526
1533682039,47.660526
1533682051,47.660526
1533682057,47.660526
1533682063,47.660526
1533682069,47.660603
1533682075,47.66068
1533682081,47.660667
1533682087,47.66062
1533682093,47.660614
1533682099,47.660614
1533682105,47.660614
1533682111,47.660614
1533682117,47.66061
1533682123,47.66061
1533682128,47.660606
1533682134,47.660606
1533682140,47.660606
1533682146,47.660606
1533682151,47.660606
1533682157,47.660606
1533682163,47.660606
1533682168,47.660606
1533682173,47.660606
1533682179,47.660606
1533682185,47.660606
1533682191,47.660606
1533682196,47.660606
1533682201,47.660606
1533682207,47.660606
1533682213,47.660606
1533682219,47.660606
1533682224,47.660606
1533682230,47.660606
1533682236,47.660606
1533682242,47.660606
1533682248,47.660606
1533682253,47.660606
1533682259,47.660606
1533682264,47.660606
1533682270,47.660606
1533682275,47.660606
1533682281,47.660606
1533682286,47.660606
1533682292,47.660606
1533682297,47.660606
1533682303,47.660606
1533682309,47.660606
1533682314,47.660606
1533682320,47.660606
1533682326,47.660606
1533682331,47.660606
1533682337,47.660606
1533682342,47.660606
1533682348,47.660606
1533682354,47.660606
1533682360,47.660606
1533682366,47.660606
1533682371,47.660606
1533682377,47.660606
1533682382,47.660606
1533680234,47.641357
1533680239,47.641354
1533680245,47.64136
1533680251,47.64136
1533680256,47.64136
1533680262,47.641365
1533680268,47.641407
1533680273,47.64142
1533680279,47.64142
1533680284,47.641426
1533680290,47.641415
1533680295,47.641415
1533680306,47.64142
1533680312,47.641407
1533680318,47.641415
1533680324,47.64142
1533680330,47.641434
1533680335,47.641426
1533680341,47.641426
1533680346,47.641426
1533680352,47.641434
1533680358,47.64142
1533680364,47.641422
1533680369,47.641426
1533680375,47.64142
1533680381,47.641438
1533680387,47.641426
1533680392,47.64139
1533680398,47.641365
1533680403,47.641354
1533680409,47.641346
1533680414,47.64134
1533680420,47.64134
1533680426,47.64134
1533680431,47.641342
1533680437,47.641365
1533680442,47.641365
1533680453,47.641373
1533680459,47.641373
1533680464,47.64138
1533680469,47.641373
1533680475,47.64136
1533680481,47.641365
1533680486,47.641346
1533680492,47.641266
1533680497,47.641167
1533680503,47.640953
1533680509,47.640755
1533680515,47.64059
1533680520,47.640514
1533680526,47.640533
1533680532,47.640594
1533680537,47.64072
1533680543,47.640896
1533680549,47.6411
1533680554,47.641296
1533680559,47.6415
1533680565,47.641777
1533680570,47.642002
1533680576,47.64228
1533680581,47.642532
1533680587,47.642864
1533680592,47.643135
1533680598,47.64345
1533680603,47.643726
1533680609,47.644073
1533680615,47.644405
1533680620,47.644634
1533680626,47.644753
1533680632,47.644573
1533680638,47.644375
1533680643,47.6442
1533680649,47.643986
1533680655,47.643867
1533680661,47.64384
1533680666,47.643906
1533680672,47.644047
1533680678,47.644226
1533680684,47.64437
1533680690,47.64446
1533680696,47.644535
1533680701,47.644676
1533680707,47.644783
1533680713,47.64474
1533680725,47.644287
1533680731,47.644016
1533680737,47.643707
1533680743,47.643425
1533681264,47.64168
1533681270,47.64168
1533681276,47.64168
1533681282,47.64168
1533681287,47.641727
1533681293,47.641758
1533681304,47.641773
1533681309,47.641773
1533681315,47.64176
1533681321,47.641747
1533681327,47.64174
1533681332,47.641727
1533681338,47.641727
1533681343,47.64173
1533681349,47.64174
1533681355,47.641735
1533681360,47.641754
1533681366,47.641743
1533681372,47.6417
1533681378,47.641663
1533681383,47.641663
1533681389,47.64168
1533681394,47.641655
1533681400,47.641613
1533681406,47.64157
1533681412,47.641506
1533681417,47.64142
1533681423,47.64135
1533681428,47.641273
1533681434,47.64122
1533681440,47.64113
1533681446,47.641075
1533681452,47.641003
1533681458,47.640926
1533681464,47.64088
1533681469,47.640812
1533681474,47.640736
1533681480,47.64066
1533681486,47.640606
1533681498,47.64039
1533681503,47.64028
1533681509,47.64018
1533681515,47.640034
1533681521,47.639896
1533681526,47.63983
1533681532,47.639893
1533681537,47.64006
1533681543,47.640255
1533681549,47.640446
1533681554,47.640602
1533681560,47.64076
1533681566,47.64092
1533681572,47.64107
1533681578,47.641254
1533681584,47.64144
1533681590,47.64163
1533681596,47.641804
1533681602,47.641933
1533681608,47.64198
1533681614,47.6419
1533681620,47.641773
1533681626,47.641605
1533681631,47.64148
1533681637,47.641327
1533681643,47.64116
1533681649,47.641003
1533681660,47.640766
1533681666,47.640644
1533681672,47.640503
1533681677,47.640404
1533681683,47.640453
1533681688,47.64058
1533681694,47.640755
1533681700,47.640945
1533681705,47.6411
1533681710,47.641243
1533681716,47.641415
1533681722,47.64156
1533681727,47.641716
1533681733,47.641884
1533681738,47.64202
1533681744,47.642193
1533681749,47.64234
1533681755,47.642513
1533681760,47.64266
1533681766,47.642868
1533681771,47.64301
1533681776,47.643208
1533682302,42.643726
1533682307,42.64383
1533682313,42.644005
1533682319,42.64422
1533682324,42.644367
1533682334,42.64448
1533682340,42.644566
1533682346,42.644684
1533682351,42.644753
1533682356,42.644768
1533682362,42.644646
1533682368,42.64446
1533682373,42.644295
1533682379,42.64411
1533682384,42.64393
1533682390,42.643692
1533682395,42.643505
1533682400,42.643467
1533682405,42.643074
1533682411,42.642853
1533682416,42.642685
1533682422,42.642475
1533682428,42.642235
1533682433,42.64202
1533682439,42.64178
1533682444,42.641575
1533682450,42.641365
1533682455,42.641193
1533682460,42.641003
1533682466,42.64077
1533682478,42.64057
1533682484,42.64073
1533682490,42.640953
1533682495,42.641136
1533682501,42.64134
1533682506,42.641487
1533682511,42.641632
1533682516,42.641766
1533682527,42.64192
1533682538,42.64179
1533682543,42.64162
1533682548,42.641426
1533682554,42.641193
1533682560,42.640972
1533682565,42.640785
1533682571,42.64053
1533682577,42.640316
1533682583,42.64015
1533682588,42.63998
1533682593,42.63994
1533682599,42.640125
1533682605,42.640392
1533682610,42.64056
1533682615,42.64072
1533682621,42.640915
1533682627,42.641094
1533682633,42.641205
1533682638,42.64127
1533682644,42.641376
1533682649,42.6415
1533682654,42.6416
1533682660,42.641693
1533682666,42.64168
1533682671,42.64168
1533682676,42.641727
1533682688,42.641754
1533682693,42.641766
1533682698,42.64178
1533682704,42.641808
1533682710,42.641808
1533682715,42.641827
1533682721,42.641853
1533682726,42.641853
1533682732,42.641914
1533682738,42.641956
1533682743,42.641968
1533682749,42.64196
1533682755,42.64196
1533682760,42.641956
1533682766,42.641968
1533682772,42.642006
1533682777,42.64197
1533682782,42.64197
1533682787,42.641987
1533682792,42.642
1533682798,42.64202
1533682803,42.660667
1533682808,42.66067
1533683319,42.66064
1533683324,42.66064
1533683330,42.66065
1533683335,42.66065
1533683342,42.66065
1533683347,42.66065
1533683352,42.66065
1533683357,42.66065
1533683363,42.66065
1533683369,42.66065
1533683380,42.660686
1533683386,42.66081
1533683392,42.661
1533683397,42.661148
1533683402,42.661324
1533683407,42.661472
1533683413,42.6616
1533683418,42.661743
1533683424,42.66189
1533683430,42.661995
1533683435,42.662067
1533683440,42.66206
1533683447,42.66202
1533683452,42.661995
1533683458,42.66198
1533683463,42.66197
1533683468,42.661953
1533683474,42.661926
1533683480,42.661884
1533683485,42.66186
1533683490,42.66184
1533683496,42.661835
1533683501,42.661884
1533683507,42.662006
1533683513,42.662106
1533683519,42.662136
1533683524,42.66212
1533683530,42.662067
1533683535,42.662025
1533683541,42.66195
1533683546,42.6619
1533683552,42.661854
1533683557,42.661808
1533683562,42.661755
1533683567,42.66166
1533683573,42.661545
1533683578,42.6614
1533683584,42.66122
1533683589,42.661095
1533683595,42.66095
1533683601,42.66083
1533683606,42.660725
1533683611,42.660587
1533683617,42.660408
1533683622,42.660248
1533683628,42.66006
1533683634,42.65984
1533683640,42.659615
1533683647,42.65943
1533683652,42.659195
1533683657,42.659027
1533683663,42.65883
1533683668,42.658733
1533683674,42.658592
1533683679,42.658527
1533683685,42.65848
1533683691,42.658413
1533683697,42.65832
1533683703,42.658253
1533683709,42.65812
1533683715,42.65808
1533683721,42.658085
1533683727,42.658054
1533683732,42.657993
1533683743,42.657867
1533683749,42.65784
1533683755,42.65784
1533683761,42.657772
1533683766,42.65769
1533683772,42.657677
1533683778,42.657745
1533683784,42.657814
1533683789,42.657818
1533683794,42.657818
1533683799,42.657818
1533683805,42.657818
1533683810,42.657818
1533683816,42.657818
1533684331,42.660526
1533684337,42.660526
1533684348,42.660526
1533684353,42.660526
1533684359,42.660526
1533684364,42.660526
1533684370,42.660526
1533684375,42.660526
1533684381,42.660526
1533684387,42.660526
1533684393,42.660526
1533684399,42.660526
1533684405,42.660526
1533684411,42.660526
1533684416,42.660526
1533684422,42.660526
1533684427,42.660526
1533684432,42.660526
1533684438,42.660526
1533684443,42.660526
1533684448,42.660526
1533684454,42.660526
1533684459,42.660526
1533684465,42.660526
1533684471,42.660526
1533684477,42.660526
1533684482,42.660526
1533684488,42.660526
1533684493,42.660526
1533684498,42.660526
1533684503,42.660526
1533684508,42.660526
1533684514,42.660526
1533684519,42.660526
1533684525,42.660526
1533684531,42.660526
1533684536,42.660526
1533684542,42.660526
1533684547,42.660526
1533684554,42.660526
1533684560,42.660526
1533684566,42.660507
1533684572,42.6605
1533684578,42.6605
1533684584,42.6605
1533684590,42.6605
1533684596,42.6605
1533684601,42.66052
1533684607,42.66051
1533684613,42.66051
1533684619,42.6605
1533684625,42.660503
1533684630,42.660503
1533684636,42.660507
1533684642,42.660503
1533684648,42.6605
1533684654,42.660496
1533684659,42.660496
1533684665,42.660496
1533684670,42.660496
1533684676,42.660496
1533684681,42.660496
1533684686,42.660496
1533684692,42.660496
1533684698,42.660496
1533684704,42.660496
1533684709,42.660496
1533684715,42.660496
1533684720,42.660496
1533684726,42.660496
1533684731,42.660496
1533684736,42.660496
1533684741,42.660496
1533684746,42.660496
1533684752,42.660496
1533684758,42.660496
1533684764,42.660496
1533684769,42.660496
1533684774,42.660496
1533684780,42.660496
1533684785,42.660496
1533684791,42.660496
1533684797,42.660496
1533684802,42.660496
1533684808,42.660496
1533684814,42.6605
1533684820,42.6605
1533684826,42.6605
1533685351,42.661995
1533685356,42.66208
1533685362,42.662132
1533685368,42.662094
1533685374,42.662014
1533685379,42.66194
1533685385,42.66188
1533685390,42.66184
1533685396,42.661762
1533685401,42.66168
1533685406,42.661583
1533685412,42.66148
1533685418,42.66148
1533685423,42.66122
1533685429,47.661045
1533685440,47.660748
1533685445,47.660564
1533685451,47.660286
1533685457,47.659973
1533685463,47.659634
1533685468,47.65935
1533685473,47.659122
1533685479,47.658905
1533685485,47.65874
1533685490,47.65862
1533685496,47.65851
1533685502,47.658382
1533685508,47.6583
1533685514,47.65818
1533685519,47.658073
1533685524,47.65794
1533685530,47.65782
1533685536,47.657753
1533685541,47.657654
1533685547,47.657646
1533685552,47.657646
1533685557,47.657646
1533685563,47.657646
1533685568,47.657646
1533685574,47.657646
1533685579,47.657646
1533685584,47.657646
1533685590,47.657646
1533685596,47.657654
1533685601,47.65769
1533685607,47.657738
1533685612,47.657772
1533685618,47.657772
1533685623,47.657772
1533685628,47.657776
1533685634,47.657772
1533685639,47.657776
1533685645,47.657776
1533685651,47.657776
1533685656,47.657776
1533685661,47.657776
1533685667,47.65788
1533685672,47.658
1533685677,47.658127
1533685682,47.65826
1533685688,47.6584
1533685694,47.65862
1533685700,47.65886
1533685705,47.65907
1533685711,47.65933
1533685716,47.65953
1533685722,47.65977
1533685728,47.659992
1533685733,47.660145
1533685738,47.660133
1533685744,47.66016
1533685749,47.660305
1533685754,47.660515
1533685760,47.660694
1533685766,47.66083
1533685771,47.660957
1533685777,47.661118
1533685783,47.661293
1533685789,47.661446
1533685795,47.661606
1533685800,47.66173
1533685806,47.661858
1533685811,47.66197
1533685816,47.661995
1533685822,47.662003
1533685828,47.662006
1533685833,47.662014
1533685839,47.661964
1533686359,47.66028
1533686365,47.66028
1533686371,47.660282
1533686376,47.660282
1533686382,47.660282
1533686388,47.660286
1533686393,47.660286
1533686399,47.660286
1533682821,47.660507
1533682827,47.66024
1533682832,47.66
1533682837,47.659733
1533682843,47.659424
1533682849,47.659157
1533682915,47.65769
1533682921,47.65768
1533682927,47.65775
1533682933,47.657776
1533682939,47.657772
1533682945,47.657772
1533682951,47.657772
1533682957,47.657772
1533682963,47.657772
1533682969,47.657772
1533682975,47.65776
1533682981,47.657852
1533682987,47.657986
1533682993,47.658134
1533682999,47.658306
1533683005,47.65848
1533683011,47.65865
1533683017,47.658875
1533683023,47.659107
1533683029,47.659332
1533683035,47.659565
1533683041,47.659786
1533683047,47.65999
1533683052,47.66014
1533683058,47.660175
1533683063,47.660355
1533683069,47.660576
1533683075,47.66078
1533683081,47.661034
1533683086,47.66126
1533683091,47.661446
1533683096,47.661625
1533683102,47.661755
1533683108,47.66187
1533683113,47.661987
1533683119,47.661953
1533683124,47.661808
1533683130,47.66186
1533683136,47.66197
1533683147,47.662
1533683152,47.66176
1533683157,47.66144
1533683163,47.66118
1533683168,47.660934
1533683178,47.660507
1533683184,47.660305
1533683189,47.66028
1533683194,47.660294
1533683199,47.660297
1533683204,47.66029
1533683210,47.660374
1533683215,47.66039
1533683221,47.66039
1533683227,47.660393
1533683232,47.6604
1533683238,47.66041
1533683243,47.66042
1533683248,47.660427
1533683253,47.660435
1533683259,47.660435
1533683265,47.660435
1533683270,47.66044
1533683275,47.660442
1533683281,47.660442
1533683287,47.66044
1533683293,47.660446
1533683299,47.660454
1533683305,47.66046
1533683311,47.660465
1533683317,47.660465
1533683323,47.660465
1533683329,47.660465
1533683335,47.660465
1533683340,47.660465
1533683863,47.660587
1533683869,47.660595
1533683875,47.660667
1533683887,47.660553
1533683893,47.660492
1533683899,47.660465
1533683905,47.66046
1533683911,47.660465
1533683917,47.660465
1533683923,47.660465
1533683929,47.660465
1533683935,47.660465
1533683941,47.660465
1533683947,47.660465
1533683953,47.66046
1533683958,47.66046
1533683963,47.66046
1533683969,47.66046
1533683975,47.66046
1533683980,47.66046
1533683985,47.66046
1533683990,47.66046
1533683996,47.66046
1533684002,47.66046
1533684008,47.66046
1533684014,47.66046
1533684020,47.66046
1533684026,47.66046
1533684032,47.66046
1533684038,47.66046
1533684043,47.66046
1533684049,47.66046
1533684055,47.66046
1533684061,47.66046
1533684067,47.66046
1533684073,47.66046
1533684079,47.66046
1533684085,47.66046
1533684091,47.66046
1533684097,47.66046
1533684103,47.66046
1533684109,47.66046
1533684115,47.66046
1533684121,47.66046
1533684127,47.66046
1533684133,47.66046
1533684145,47.66046
1533684151,47.66046
1533684157,47.66046
1533684163,47.66046
1533684169,47.66046
1533684175,47.66046
1533684181,47.66046
1533684187,47.66046
1533684193,47.66046
1533684199,47.66046
1533684205,47.66046
1533684211,47.66046
1533684217,47.66046
1533684223,47.66046
1533684229,47.66046
1533684235,47.66046
1533684241,47.66046
1533684247,47.66046
1533684253,47.66046
1533684259,47.66046
1533684265,47.66046
1533684271,47.66046
1533684277,47.66046
1533684283,47.66046
1533684289,47.66046
1533684295,47.66046
1533684302,47.66046
1533684307,47.66046
1533684313,47.66046
1533684319,47.66046
1533684324,47.66046
1533684330,47.66046
1533684336,47.66046
1533684341,47.66046
1533684347,47.66046
1533684352,47.66046
1533684358,47.66046
1533684364,47.66046
1533684369,47.66046
1533684374,47.66046
1533684379,47.66046
1533684385,47.66046
1533685034,47.659492
1533685040,47.65966
1533685046,47.659832
1533685052,47.65999
1533685058,47.660145
1533685064,47.660194
1533685070,47.660305
1533685082,47.660606
1533685088,47.66076
1533685094,47.66091
1533685100,47.661087
1533685106,47.66126
1533685112,47.661472
1533685118,47.66164
1533685123,47.661747
1533685129,47.661846
1533685134,47.66193
1533685139,47.662
1533685145,47.661964
1533685151,47.66182
1533685156,47.661793
1533685161,47.661793
1533685166,47.661793
1533685206,47.661274
1533685212,47.66107
1533685217,47.66094
1533685223,47.660892
1533685228,47.660793
1533685234,47.660606
1533685240,47.66042
1533685246,47.660355
1533685251,47.66036
1533685256,47.66036
1533685262,47.66036
1533685268,47.66036
1533685274,47.66036
1533685280,47.66036
1533685286,47.66036
1533685292,47.66036
1533685298,47.66036
1533685304,47.66036
1533685310,47.66036
1533685316,47.66036
1533685322,47.66036
1533685328,47.66036
1533685334,47.66036
1533685340,47.66036
1533685346,47.66036
1533685352,47.66036
1533685358,47.66036
1533685364,47.660355
1533685370,47.66042
1533685376,47.660473
1533685382,47.66048
1533685388,47.660492
1533685394,47.660492
1533685406,47.66049
1533685411,47.66049
1533685417,47.66049
1533685423,47.66049
1533685428,47.66049
1533685434,47.66049
1533685440,47.660515
1533685445,47.660515
1533685451,47.660515
1533685457,47.66051
1533685463,47.660515
1533685469,47.660515
1533685474,47.660515
1533685480,47.660515
1533685486,47.660515
1533685491,47.660515
1533685496,47.660515
1533685502,47.660515
1533685508,47.660515
1533685514,47.660515
1533685520,47.660515
1533685526,47.660515
1533685532,47.660515
1533685538,47.660515
1533685544,47.660515
1533685550,47.660515
1533685556,47.660515
1533685562,47.660515
1533685568,47.66051
1533685574,47.66051
1533685580,47.66051
1533685586,47.66051
1533686124,47.660473
1533686129,47.660473
1533686134,47.66048
1533686140,47.66048
1533686146,47.66048
1533686151,47.66048
1533686156,47.660473
1533686162,47.660477
1533686168,47.660473
1533686174,47.660473
1533686179,47.660473
1533686185,47.66048
1533686191,47.660484
1533686197,47.66049
1533686202,47.660484
1533686208,47.66048
1533686213,47.660484
1533686218,47.66048
1533686224,47.66049
1533686229,47.66049
1533686234,47.66049
1533686240,47.66049
1533686246,47.66049
1533686252,47.66049
1533686258,47.66049
1533686264,47.660484
1533686269,47.660484
1533686275,47.66048
1533686281,47.66048
1533686287,47.66048
1533686292,47.66048
1533686298,47.66048
1533686309,47.660473
1533686314,47.660473
1533686320,47.660473
1533686326,47.66047
1533686332,47.66047
1533686338,47.66047
1533686344,47.660465
1533686350,47.66048
1533686355,47.66048
1533686361,47.660484
1533686367,47.660473
1533686372,47.660465
1533686378,47.660465
1533686384,47.660465
1533686390,47.660465
1533686396,47.660465
1533682803,47.64205
1533682809,47.642048
1533682814,47.642048
1533682820,47.642048
1533682825,47.642048
1533682831,47.642036
1533682836,47.642033
1533682841,47.64202
1533682846,47.64192
1533682852,47.641846
1533682857,47.64184
1533682863,47.641888
1533682868,47.641907
1533682874,47.64188
1533682879,47.64189
1533682885,47.641914
1533682890,47.641933
1533682896,47.641945
1533682901,47.64192
1533682906,47.641903
1533682911,47.641895
1533682917,47.641888
1533682923,47.641872
1533682929,47.641872
1533682934,47.641876
1533682939,47.641872
1533682945,47.641872
1533682951,47.641872
1533682956,47.641872
1533682962,47.641876
1533682968,47.641872
1533682973,47.641872
1533682979,47.641872
1533682985,47.641876
1533682990,47.64188
1533682996,47.641888
1533683002,47.641888
1533683008,47.64189
1533683013,47.6419
1533683018,47.6419
1533689558,47.66052
1533689563,47.66052
1533689569,47.66052
1533689575,47.660515
1533689581,47.660515
1533689587,47.660515
1533689592,47.660515
1533689598,47.660515
1533689604,47.660515
1533689609,47.66052
1533689621,47.66052
1533689627,47.660515
1533689632,47.660515
1533689638,47.6605
1533689644,47.66049
1533689650,47.660473
1533689656,47.660465
1533689661,47.660454
1533689667,47.660446
1533689673,47.660442
1533689678,47.660442
1533689684,47.660446
1533689689,47.660446
1533689695,47.660446
1533689701,47.660446
1533689706,47.660446
1533689712,47.660446
1533689718,47.660446
1533689723,47.660446
1533689729,47.660446
1533689735,47.660446
1533689741,47.660446
1533689747,47.660446
1533689752,47.660446
1533689758,47.660446
1533689764,47.660446
1533689770,47.660446
1533689776,47.660446
1533689782,47.66045
1533689787,47.66045
1533689792,47.660473
1533689798,47.66061
1533689804,47.660843
1533689810,47.66106
1533689816,47.66128
1533689821,47.661453
1533689827,47.66167
1533689833,47.661854
1533689838,47.661995
1533689844,47.66209
1533689850,47.6621
1533689855,47.662075
1533689861,47.662052
1533689867,47.662025
1533689873,47.66198
1533689878,47.661953
1533689884,47.661907
1533689890,47.661934
1533689895,47.661953
1533689900,47.662006
1533689940,47.66197
1533689946,47.661926
1533689952,47.66189
1533689957,47.661827
1533689962,47.661747
1533689968,47.66165
1533686402,47.64152
1533686412,47.641575
1533686418,47.6416
1533686424,47.641624
1533686429,47.64164
1533686435,47.641647
1533686441,47.64165
1533686447,47.64165
1533686452,47.64167
1533686458,47.641705
1533686463,47.64172
1533686469,47.641727
1533686475,47.641735
1533686480,47.641735
1533686486,47.64174
1533686492,47.641735
1533686498,47.64173
1533686504,47.6417
1533686510,47.641674
1533686516,47.641655
1533686521,47.641655
1533686526,47.64166
1533686531,47.64168
1533686537,47.6417
1533686543,47.641697
1533686549,47.6417
1533686555,47.6417
1533686561,47.6417
1533686566,47.64171
1533686572,47.64171
1533686578,47.641712
1533686583,47.64172
1533686589,47.64176
1533686594,47.641777
1533686600,47.641785
1533686606,47.641792
1533686612,47.6418
1533686618,47.641808
1533686623,47.641808
1533686629,47.641804
1533686634,47.64179
1533686640,47.641785
1533686645,47.641792
1533686651,47.641796
1533686657,47.641792
1533686668,47.641785
1533686673,47.64178
1533686679,47.641773
1533686684,47.641766
1533686689,47.641766
1533686695,47.641766
1533686701,47.64176
1533686707,47.64176
1533686713,47.64176
1533686718,47.64176
1533686724,47.64176
1533686730,47.64176
1533686736,47.64176
1533686742,47.64176
1533686748,47.64176
1533686753,47.64176
1533686759,47.641758
1533686764,47.64176
1533686770,47.64179
1533686775,47.641773
1533686780,47.64177
1533686786,47.641666
1533686797,47.641632
1533686803,47.641632
1533686808,47.641655
1533686813,47.641697
1533686819,47.641735
1533686829,47.641727
1533686835,47.641727
1533686840,47.64172
1533686846,47.641712
1533686851,47.64169
1533686857,47.64172
1533686863,47.641724
1533686868,47.641727
1533686873,47.641735
1533686879,47.64173
1533686884,47.641735
1533686889,47.641735
1533686894,47.641735
1533686900,47.641693
1533686906,47.641632
1533686912,47.641567
1533686917,47.64153
1533686923,47.641525
1533686928,47.64152
1533686934,47.64152
1533686940,47.64152
1533686946,47.641487
1533686958,47.641468
1533686964,47.64144
1533686970,47.64142
1533686976,47.64145
1533686981,47.64155
1533686986,47.641594
1533686991,47.641624
1533686997,47.64162
1533687003,47.641563
1533687008,47.641514
1533687013,47.641453
1533687019,47.64139
1533687024,47.64131
1533687030,47.641247
1533687035,47.6412
1533687040,47.64116
1533687046,47.641094
1533687052,47.64102
1533687058,47.64094
1533687064,47.640816
1533687070,47.6407
1533687076,47.6406
1533687082,47.640472
1533687087,47.640366
1533687093,47.6402
1533687098,47.640087
1533687104,47.639965
1533687110,47.63991
1533687116,47.63999
1533687121,47.64014
1533687127,47.6403
1533687132,47.64044
1533687138,47.640614
1533687144,47.64078
1533687149,47.640812
1533687155,47.641075
1533687161,47.641254
1533687166,47.64139
1533687172,47.641556
1533687183,47.6417
1533687188,47.642006
1533687193,47.64204
1533687199,47.641953
1533687205,47.641792
1533687210,47.641666
1533687215,47.64154
1533687221,47.641388
1533687227,47.641216
1533687233,47.641075
1533687239,47.640945
1533687245,47.64084
1533687250,47.64076
1533687256,47.640644
1533687262,47.640514
1533687268,47.640373
1533687276,47.640347
1533687281,47.64049
1533687287,47.640667
1533687292,47.640812
1533687297,47.640945
1533687303,47.64112
1533687309,47.64127
1533687314,47.641426
1533687319,47.6415
1533687325,47.64171
1533687331,47.641888
1533687336,47.64204
1533687342,47.642197
1533687347,47.64232
1533687353,47.642498
1533687359,47.64268
1533687364,47.642845
1533687370,47.64303
1533687375,47.64317
1533687380,47.643364
1533687385,47.643566
1533687391,47.64379
1533687397,47.644005
1533687403,47.644188
1533687408,47.64432
1533687414,47.64451
1533687419,47.6446
1533687424,47.644627
1533687430,47.64459
1533687435,47.644535
1533687440,47.644466
1533687446,47.644386
1533687452,47.64432
1533687458,47.644245
1533687463,47.644157
1533687468,47.644085
1533687474,47.64402
1533687479,47.643948
1533687485,47.643875
1533687491,47.64386
1533687496,47.643894
1533687502,47.644016
1533687508,47.64418
1533687514,47.64435
1533687519,47.64448
1533687525,47.64462
1533687530,47.644688
1533687536,47.6447
1533687541,47.64469
1533687546,47.64468
1533687552,47.644653
1533687557,47.64461
1533687563,47.644535
1533687569,47.64447
1533687574,47.644424
1533687580,47.64436
1533687586,47.644295
1533687592,47.6443
1533687598,47.6443
1533687604,47.6443
1533687610,47.644302
1533687616,47.6443
1533687622,47.644295
1533687628,47.644295
1533687634,47.644295
1533687640,47.64428
1533687646,47.64418
1533687651,47.644104
1533687657,47.644
1533687663,47.643875
1533687668,47.64377
1533687674,47.64377
1533687679,47.64351
1533687684,47.64338
1533687695,47.643284
1533687701,47.64333
1533687707,47.64336
1533687713,47.64336
1533687719,47.64336
1533687724,47.64336
1533687729,47.64336
1533687735,47.64336
1533687740,47.643353
1533687746,47.643356
1533687752,47.643353
1533687757,47.643368
1533687763,47.64344
1533687768,47.64353
1533687774,47.643635
1533687779,47.64372
1533687784,47.64385
1533687790,47.644005
1533687796,47.64416
1533687801,47.64427
1533687807,47.644352
1533687812,47.64441
1533687817,47.64447
1533687823,47.644592
1533687828,47.644676
1533687834,47.6447
1533687839,47.644653
1533687845,47.644543
1533687851,47.644405
1533687857,47.644245
1533687863,47.6441
1533687869,47.643948
1533687876,47.643814
1533687882,47.64378
1533687887,47.643833
1533687893,47.64393
1533687898,47.644005
1533687904,47.644108
1533687909,47.644203
1533687915,47.64434
1533687920,47.64443
1533687926,47.64448
1533687931,47.644527
1533687937,47.644623
1533687942,47.644714
1533687953,47.644814
1533687959,47.644794
1533687964,47.644814
1533687969,47.64479
1533687975,47.64477
1533687981,47.64478
1533687987,47.644783
1533687992,47.644787
1533687998,47.644787
1533688004,47.64478
1533688010,47.64478
1533688016,47.64477
1533688022,47.644768
1533688027,47.644768
1533688033,47.644768
1533688039,47.64477
1533688045,47.64477
1533688050,47.644775
1533688056,47.644775
1533688061,47.644775
1533688067,47.64478
1533688073,47.644783
1533688079,47.6448
1533688085,47.64481
1533688091,47.644814
1533688097,47.644814
1533688102,47.644814
1533688107,47.644814
1533688112,47.644802
1533688117,47.6448
1533688123,47.644802
1533688129,47.644806
1533688134,47.644806
1533688140,47.644806
1533688146,47.6448
1533688151,47.644802
1533688674,47.65027
1533688679,47.64284
1533688685,47.64272
1533688690,47.64258
1533688698,47.642387
1533688704,47.642178
1533688709,47.641975
1533688714,47.64176
1533688720,47.641552
1533688732,47.641052
1533688737,47.64087
1533688743,47.64065
1533688749,47.64049
1533688755,47.640587
1533688761,47.640846
1533688766,47.641052
1533688772,47.64126
1533688777,47.641453
1533688783,47.641674
1533688788,47.641792
1533688794,47.6419
1533688800,47.64186
1533688806,47.64163
1533688812,47.641357
1533688818,47.641094
1533688824,47.640835
1533688830,47.64056
1533688836,47.6403
1533688842,47.640057
1533688848,47.63986
1533688854,47.63976
1533688859,47.639965
1533688864,47.64021
1533688869,47.640392
1533688875,47.64059
1533688881,47.640785
1533688887,47.641014
1533688892,47.64113
1533688898,47.6412
1533688904,47.64134
1533688910,47.641514
1533688916,47.64164
1533688921,47.64172
1533688926,47.64173
1533688932,47.641716
1533688938,47.64172
1533688944,47.641697
1533688950,47.641697
1533688956,47.641712
1533688961,47.641808
1533688966,47.64186
1533688971,47.641914
1533688977,47.641933
1533688982,47.64192
1533688987,47.641853
1533688993,47.64182
1533688998,47.64186
1533689003,47.641884
1533689009,47.64188
1533689014,47.64188
1533689019,47.64188
1533689024,47.641872
1533689030,47.641872
1533689036,47.641872
1533689042,47.641872
1533689047,47.641872
1533689052,47.641865
1533689058,47.641865
1533689064,47.641865
1533689069,47.64186
1533689074,47.64186
1533689085,47.641853
1533689090,47.64185
1533689096,47.64184
1533689101,47.641834
1533689107,47.641834
1533689112,47.641827
1533689118,47.641815
1533689124,47.641792
1533689130,47.641766
1533689136,47.641735
1533689147,47.641647
1533689153,47.641586
1533689159,47.641586
1533689164,47.641598
1533689170,47.6416
1533689176,47.641655
1533689181,47.641674
1533689187,47.641605
1533689192,47.64155
1533689197,47.641514
1533689203,47.641468
1533689208,47.641407
1533689213,47.64136
1533689219,47.641285
1533689225,47.6412
1533689230,47.64113
1533689236,47.64108
1533689241,47.641075
1533689247,47.641014
1533689252,47.640945
1533689258,47.640865
1533689264,47.640785
1533689270,47.64073
1533689276,47.640663
1533689281,47.6406
1533689287,47.640507
1533689293,47.64042
1533689298,47.64033
1533689304,47.640194
1533689310,47.640053
1533689315,47.639973
1533689321,47.63985
1533689326,47.639793
1533689332,47.639828
1533689338,47.639923
1533689343,47.640045
1533689349,47.64019
1533689355,47.640347
1533689361,47.640484
1533689367,47.64049
1533689373,47.640472
1533689379,47.640434
1533689384,32.640457
1533689389,32.640507
1533689395,32.6405
1533689400,32.64049
1533689406,32.640488
1533689411,32.64049
1533689417,32.6405
1533689423,32.6405
1533689429,32.640503
1533689435,32.640503
1533689440,32.6405
1533689445,32.64049
1533689451,32.640488
1533689457,32.640465
1533689463,32.640457
1533689469,32.640415
1533689475,32.64028
1533689481,32.640133
1533689487,32.63995
1533689492,32.639847
1533689502,32.640057
1533689508,32.6403
1533689513,32.640514
1533689519,32.640736
1533689524,32.640926
1533689529,32.64115
1533689535,32.641308
1533689541,32.641407
1533689546,32.64149
1533689552,32.641605
1533689557,32.6417
1533689563,32.641727
1533689568,32.64178
1533689574,32.641872
1533689580,32.641888
1533689585,32.64188
1533689596,32.641872
1533689602,32.641872
1533689608,32.641872
1533689613,32.641872
1533689618,32.64186
1533689623,32.64186
1533689629,32.64186
1533689635,32.641865
1533689641,32.641865
1533689646,32.641865
1533689652,32.641865
1533689658,32.641865
1533689663,32.641853
1533689669,32.641853
1533689674,32.64185
1533689680,32.64186
1533689685,32.641914
1533689691,32.64194
1533689696,32.641945
1533689702,32.641914
1533689708,32.641907
1533689714,32.641907
1533689726,32.641895
1533689732,32.64189
1533689737,32.64189
1533689743,32.641888
1533689748,32.64188
1533689754,32.641872
1533689759,32.641872
1533689765,32.641876
1533689770,32.64188
1533689776,32.641888
1533689781,32.64189
1533689787,32.64189
1533689793,32.6419
1533689798,32.641907
1533689803,32.641907
1533689809,32.641907
1533689815,32.6419
1533689821,32.641888
1533689827,32.641888
1533689832,32.641884
1533689838,32.641876
1533689844,32.641872
1533689850,32.64188
1533689856,32.641884
1533689862,32.641888
1533689868,32.641888
1533689874,32.641872
1533689880,32.64184
1533689886,32.641766
1533689892,32.64171
1533689898,32.64171
1533689903,32.641655
1533689909,32.641674
1533689915,32.641693
1533689920,32.641697
1533689926,32.641674
1533689932,32.64165
1533689937,32.641617
1533689943,32.641594
1533689948,32.641575
1533689954,32.641525
1533689960,32.64147
1533689965,32.641415
1533689971,32.641354
1533689976,32.64129
1533689982,32.64122
1533689988,32.641148
1533689994,32.641075
1533690001,32.660484
1533690007,32.660484
1533690013,32.660484
1533690018,32.660484
1533690024,32.660484
1533690029,32.660484
1533690035,32.660484
1533690040,32.660484
1533690046,32.660484
1533690051,32.660484
1533690057,32.660484
1533690063,32.660484
1533690068,32.660484
1533690074,32.660484
1533690079,32.660484
1533690085,32.660484
1533690091,32.660484
1533690096,32.660484
1533690102,32.660484
1533690108,32.660484
1533690113,32.660484
1533690118,32.660484
1533690124,32.660484
1533690130,32.660484
1533690136,32.660484
1533690142,32.660484
1533690147,32.660484
1533690153,32.66049
1533690158,32.66049
1533690164,32.66049
1533690170,32.66049
1533690175,32.66049
1533690181,32.66049
1533690187,32.66049
1533690193,32.66049
1533690199,32.66049
1533690205,32.66049
1533690211,32.66049
1533690216,32.66049
1533690222,32.66049
1533690227,32.66049
1533690233,32.66049
1533690239,32.66049
1533690245,32.66049
1533690251,32.66049
1533690256,32.66049
1533690261,32.66049
1533690266,32.66049
1533690272,32.66049
1533690278,32.66049
1533690283,32.66049
1533690289,32.66049
1533690295,32.66049
1533690300,32.66049
1533690306,32.66049
1533690312,32.66049
1533690317,32.66049
1533690323,32.66049
1533690329,32.66049
1533690334,32.66049
1533690339,32.66049
1533690345,32.66049
1533690350,32.66049
1533690356,32.66049
1533690362,32.66049
1533690368,32.66049
1533690374,32.66049
1533690380,32.66049
1533690386,32.66049
1533690392,32.66049
1533690398,32.66049
1533690403,32.66049
1533690408,32.66049
1533690414,32.66049
1533690420,32.66049
1533690425,32.66049
1533690431,32.66049
1533690436,32.66049
1533690442,32.66049
1533690447,32.66049
1533690453,32.66049
1533690459,32.66049
1533690464,32.66049
1533690469,32.66049
1533690475,32.66049
1533690480,32.66049
1533690486,32.66049
1533690491,32.66049
1533690497,32.66049
1533690503,32.66049
1533690509,32.66049
1533690515,32.66049
1533690521,32.66049
1533690526,32.66049
1533690531,32.66049
1533690537,32.66049
1533690542,32.66049
1533690548,32.66049
1533690553,32.66049
1533690559,32.66049
1533690565,32.66049
1533690571,32.66049
1533690576,32.66049
1533690582,32.66049
1533690588,32.66049
1533690593,32.66049
1533690598,32.66049
1533690603,32.66049
1533690609,32.66049
1533690615,32.66049
1533690621,32.66049
1533690627,32.66049
1533690633,32.66049
1533690638,32.66049
1533690649,32.66049
1533690655,32.66049
1533690661,32.66049
1533690666,32.66049
1533690672,32.66049
1533690677,32.66049
1533690683,32.66049
1533690689,32.66049
1533690695,32.660545
1533690701,32.660625
1533690706,32.660713
1533690712,32.660854
1533690718,32.66102
1533690723,32.661167
1533690729,32.6613
1533690735,32.66148
1533690740,32.66162
1533690746,32.66176
1533690751,32.661877
1533690756,32.66196
1533690761,32.66202
1533690766,32.662052
1533690772,32.66205
1533690778,32.66202
1533690784,32.661987
1533690789,32.66196
1533690795,32.661926
1533690800,32.6619
1533690806,32.66186
1533690811,32.661835
1533690817,32.661865
1533690823,32.661945
1533690828,32.662
1533690833,32.662075
1533690839,32.662113
1533690845,32.6621
1533690850,32.662067
1533690856,32.662006
1533690861,32.66197
1533690866,32.661934
1533690872,32.66188
1533690878,32.66179
1533690884,32.66174
1533690889,32.661694
1533690895,32.66166
1533690901,32.661583
1533690907,32.661526
1533690912,32.661472
1533690917,32.66141
1533690923,32.661354
1533690929,32.661285
1533690935,32.661232
1533690941,32.6612
1533690946,32.661156
1533690951,32.66112
1533690957,32.66107
1533690962,32.661026
1533690967,32.660973
1533690973,32.66093
1533690978,32.660904
1533690983,32.66086
1533690989,32.6608
1533690995,32.660732
1533691000,32.66068
1533691006,32.660614
1533691012,32.66052
1533691018,32.660393
1533691023,32.660282
1533691029,32.66017
1533691035,32.660053
1533691041,32.6599
1533691047,32.65972
1533691053,32.659542
1533691058,32.659485
1533691064,32.659206
1533691069,32.659054
1533691074,32.658905
1533691079,32.658768
1533691085,32.658607
1533691090,32.65848
1533691096,32.6585
1533691102,32.658535
1533691108,32.658527
1533691113,32.65851
1533691119,32.65851
1533691124,32.658512
1533691129,32.658512
1533691135,32.658512
1533691140,32.658512
1533691145,32.658512
1533691151,32.658512
1533691156,32.658512
1533691162,32.658512
1533691168,32.658512
1533691174,32.658512
1533691179,32.658512
1533691185,32.658512
1533691190,32.658512
1533691196,32.658512
1533691202,32.658512
1533691207,32.658512
1533691213,32.658512
1533691218,32.658512
1533691224,32.658512
1533691230,32.658516
1533691235,32.65856
1533691241,32.65867
1533691246,32.65879
1533691251,32.65891
1533691256,32.659042
1533691262,32.65922
1533691267,32.6594
1533691273,32.65962
1533691278,32.65968
1533691283,32.659733
1533691289,32.659893
1533691294,32.660023
1533691299,32.660213
1533691304,32.660458
1533691310,32.66062
1533691315,32.66074
1533691321,32.66089
1533691326,32.661053
1533691332,32.661205
1533691338,32.661415
1533691344,32.661594
1533691350,32.661755
1533691356,32.661842
1533691361,32.661934
1533691366,32.66202
1533691376,32.661884
1533691382,32.661907
1533691387,32.661934
1533691393,32.661953
1533691398,32.66197
1533691404,32.661865
1533691409,32.66186
1533691415,32.662014
1533691420,32.662033
1533691426,32.66203
1533691432,32.662025
1533691437,32.66198
1533691443,32.662014
1533691448,32.66209
1533691454,32.66206
1533691459,32.66188
1533691464,32.6616
1533691470,32.66131
1533691476,32.661175
1533691482,32.66101
1533691487,32.660915
1533691492,32.66078
1533691498,32.66065
1533691504,32.660595
1533691510,32.660538
1533691515,32.66054
1533691520,32.66054
1533691526,32.660545
1533691531,32.660545
1533691537,32.660545
1533691543,32.660545
1533691548,32.660545
1533691554,32.660545
1533691560,32.660545
1533691565,32.660545
1533691571,32.660545
1533691577,32.660545
1533691583,32.660545
1533691589,32.660545
1533691595,32.660545
1533691600,32.660545
1533691606,32.660545
1533691611,32.660545
1533691617,32.660545
1533691623,32.660545
1533691629,32.660545
1533691635,32.660545
1533691640,32.660545
1533691646,32.660545
1533691651,32.660545
1533691657,32.660545
1533691663,32.660545
1533691669,32.660545
1533691680,32.660545
1533691685,32.660545
1533691690,32.660545
1533691696,32.660545
1533691702,32.660545
1533691708,32.660545
1533691713,32.660545
1533691718,32.660545
1533691723,32.660545
1533691729,32.66054
1533691735,32.66054
1533691741,32.66054
1533691746,32.66054
1533691752,32.66054
1533691757,32.66054
1533691763,32.66054
1533691768,32.66054
1533691774,32.66054
1533691779,32.66054
1533691785,32.66054
1533691790,32.66054
1533691801,32.66054
1533691807,32.66054
1533691813,32.66054
1533691819,32.66054
1533691825,32.66054
1533691831,32.66054
1533691837,32.66054
1533691843,32.66054
1533691849,32.66054
1533691854,32.66054
1533691860,32.66054
1533691865,32.66054
1533691871,32.66054
1533691877,32.66054
1533691883,32.66054
1533691889,32.66054
1533691894,32.66054
1533691899,32.660545
1533691905,32.660545
1533691911,32.660545
1533691917,32.660545
1533691923,32.660545
1533691929,32.660545
1533691935,32.660545
1533691940,32.660545
1533691946,32.660545
1533691952,32.660545
1533691957,32.660545
1533691962,32.660545
1533691968,32.660545
1533691974,32.660545
1533691979,32.660545
1533691985,32.660545
1533691991,32.660545
1533691997,32.660545
1533692003,32.660545
1533692008,32.660545
1533692015,32.660545
1533692021,32.660545
1533692027,32.660545
1533692033,32.660545
1533692044,32.660545
1533692049,32.660545
1533692055,32.660545
1533692061,32.660545
1533692066,32.660545
1533692072,32.660545
1533692077,32.660545
1533692083,32.660545
1533692089,32.660545
1533692094,32.660545
1533692099,32.660545
1533692105,32.660545
1533692110,32.660545
1533692116,32.660545
1533692121,32.660545
1533692127,32.660545
1533692133,32.660545
1533692138,32.660545
1533692144,32.660545
1533692149,32.660545
1533692155,32.660545
1533692160,32.660545
1533692166,32.660545
1533692172,32.660545
1533692177,32.660545
1533692183,32.660545
1533692188,32.660545
1533692194,32.660545
1533692200,32.660545
1533692206,32.660545
1533692211,32.660545
1533692217,32.660545
1533692223,32.660545
1533692229,32.660545
1533692235,32.660545
1533692240,32.660545
1533692246,32.660534
1533692251,32.66048
1533692257,32.66041
1533692263,32.660427
1533692269,32.66046
1533692275,32.660473
1533692285,32.66046
1533692291,32.66046
1533692297,32.66046
1533692303,32.66046
1533692308,32.66046
1533692314,32.66046
1533692320,32.66046
1533692326,32.66046
1533692331,32.660465
1533692337,32.660465
1533692342,32.660465
1533692348,32.660465
1533692353,32.660465
1533692358,32.660465
1533692364,32.660465
1533692369,32.660465
1533692374,32.660465
1533692380,32.660465
1533692386,32.660465
1533692391,32.660465
1533692396,32.660465
1533692401,32.660465
1533692407,32.660465
1533692412,32.660465
1533692418,32.66046
1533692424,32.66046
1533692429,32.66046
1533692434,32.66046
1533692440,32.66046
1533692446,32.66046
1533692452,32.66046
1533692457,32.660465
1533692462,32.660465
1533692468,32.660465
1533692474,32.660465
1533692480,32.660465
1533692485,32.660465
1533692490,32.66046
1533692495,32.66046
1533692501,32.66046
1533692507,32.66046
1533692513,32.66046
1533692519,32.66046
1533692525,32.66046
1533692531,32.66046
1533692536,32.66046
1533692542,32.66046
1533692548,32.66046
1533692554,32.66046
1533692559,32.66046
1533692565,32.66046
1533692571,32.66046
1533692576,32.66046
1533692581,32.66046
1533692587,32.66046
1533692593,32.66046
1533692598,32.66046
1533692604,32.660465
1533692610,32.660465
1533692616,32.660465
1533692622,32.660465
1533692628,32.660465
1533692633,32.660465
1533692639,32.660465
1533692645,32.660465
1533692651,32.660465
1533692656,32.660465
1533692662,32.660465
1533692667,32.660465
1533692673,32.660465
1533692679,32.660465
1533692685,32.660465
1533692691,32.660465
1533692697,32.660465
1533692703,32.660465
1533692708,32.660465
1533692714,32.660465
1533692719,32.660465
1533692725,32.660465
1533692731,32.660465
1533692737,32.660465
1533692743,32.660465
1533692748,32.660465
1533692754,32.660465
1533692760,32.660465
1533692766,32.660465
1533692771,32.660465
1533692777,32.660465
1533692783,32.660465
1533692788,32.660465
1533692794,32.660465
1533692799,32.660465
1533692805,32.660465
1533692810,32.660465
1533692816,32.660465
1533692821,32.660465
1533692826,32.660465
1533692832,32.660465
1533692838,32.660465
1533692843,32.660465
1533692849,32.660465
1533692855,32.660465
1533692861,32.660465
1533692867,32.660465
1533692873,32.660465
1533692878,32.660465
1533692884,32.660465
1533692890,32.660465
1533692895,32.660465
1533692900,32.660465
1533692906,32.660465
1533692912,32.660465
1533692918,32.660465
1533692924,32.660465
1533692930,32.660465
1533692936,32.660465
1533692941,32.660465
1533692947,32.660465
1533692953,32.660465
1533692959,32.660465
1533692965,32.660465
1533692970,32.660465
1533692976,32.660465
1533692981,32.660465
1533692987,32.660465
1533692992,32.660465
1533692997,32.660465
1533693003,32.660465
1533693008,32.660465
1533693014,32.660465
1533693019,32.660465
1533693025,32.660465
1533693031,32.660465
1533693036,32.660465
1533693042,32.660465
1533693048,32.660465
1533693053,32.660465
1533693059,32.660465
1533693065,32.660465
1533693071,32.660465
1533693076,32.660465
1533693081,32.660465
1533693087,32.660458
1533693092,32.660473
1533693097,32.660557
1533693103,32.6607
1533693109,32.660923
1533693114,32.661106
1533693120,32.661327
1533693125,32.66152
1533693131,32.66176
1533693137,32.661945
1533693142,32.662037
1533693148,32.662037
1533693153,32.66199
1533693159,32.66194
1533693164,32.66189
1533693170,32.66186
1533693176,32.66184
1533693181,32.661858
1533693187,32.66194
1533693193,32.66205
1533693199,32.662125
1533693205,32.66208
1533693211,32.66202
1533693216,32.661957
1533693221,32.661907
1533693226,32.66186
1533693232,32.66181
1533693237,32.661774
1533693243,32.661716
1533693248,32.661648
1533693254,32.661594
1533693259,32.66154
1533693265,32.66147
1533693271,32.66139
1533693277,32.66131
1533693282,32.661266
1533693288,32.661205
1533693293,32.661167
1533693299,32.661106
1533693305,32.661045
1533693310,32.661
1533693315,32.660946
1533693321,32.660892
1533693327,32.660835
1533693332,32.66078
1533693338,32.660706
1533693343,32.660652
1533693348,32.66056
1533693354,32.66042
1533693360,32.660328
1533693365,32.660233
1533693371,32.66012
1533693376,32.660015
1533693382,32.659843
1533693387,32.65972
1533693392,32.659565
1533693398,32.659355
1533693403,32.659153
1533693408,32.65893
1533693414,32.65872
1533693419,32.658535
1533693425,32.658466
1533693431,32.658474
1533693437,32.65851
1533693443,32.65852
1533693449,32.658524
1533693454,32.65855
1533693460,32.65851
1533693465,32.658485
1533693470,32.658466
1533693476,32.658463
1533693481,32.658466
1533693486,32.658466
1533693491,32.658466
1533693497,32.658466
1533693503,32.658466
1533693508,32.658466
1533693513,32.658466
1533693518,32.658466
1533693524,32.65854
1533693529,32.658672
1533693535,32.658833
1533693540,32.659008
1533693546,32.659225
1533693552,32.659435
1533693557,32.659622
1533693563,32.659714
1533693569,32.659855
1533693575,32.660057
1533693580,32.660225
1533693586,32.660465
1533693592,32.660603
1533693597,32.66063
1533690068,32.658634
1533690074,32.658493
1533690080,32.658413
1533690086,32.6583
1533690092,32.658165
1533690098,32.65802
1533690104,32.657932
1533690110,32.65786
1533690116,32.657906
1533690121,32.65796
1533690127,32.65803
1533690132,32.658054
1533690137,32.65806
1533690143,32.65806
1533690149,32.65806
1533690155,32.65806
1533690161,32.658062
1533690166,32.658062
1533690172,32.658062
1533690178,32.658062
1533690183,32.658062
1533690188,32.658062
1533690194,32.658062
1533690200,32.658062
1533690206,32.658062
1533690212,32.658062
1533690218,32.658062
1533690224,32.658062
1533690230,32.658062
1533690236,32.658062
1533690242,32.658062
1533690248,32.658062
1533690254,32.658062
1533690260,32.658062
1533690266,32.658066
1533690272,32.658066
1533690278,32.658066
1533690284,32.658066
1533690289,32.658066
1533690295,32.658066
1533690301,32.658077
1533690307,32.658188
1533690313,35.65838
1533690318,35.65855
1533690324,35.658783
1533690330,35.65909
1533690336,35.659355
1533690341,35.659554
1533690346,35.659725
1533690352,35.65998
1533690358,35.660183
1533690363,35.66021
1533690368,35.66037
1533690374,35.66057
1533690380,35.66073
1533690386,35.660954
1533690392,35.66122
1533690398,35.66147
1533690404,35.66168
1533690409,35.661774
1533690415,35.66193
1533690420,35.662006
1533690425,35.661945
1533690431,35.66184
1533690436,35.66181
1533690442,35.661945
1533690447,35.661995
1533690485,35.661102
1533690490,35.660892
1533690496,35.66062
1533690501,35.66048
1533690507,35.66046
1533690512,35.660458
1533690518,35.660454
1533690524,35.660454
1533690530,35.660454
1533690536,35.660454
1533690542,35.660454
1533690548,35.660454
1533690554,35.660454
1533690560,35.660454
1533690566,35.660454
1533690572,35.660454
1533690578,35.660454
1533690583,35.660458
1533690589,35.660458
1533690594,35.660458
1533690600,35.660458
1533690605,35.660458
1533690611,35.660458
1533690617,35.660458
1533690623,35.660458
1533690628,35.660458
1533690634,35.660458
1533690640,35.660458
1533690645,35.660458
1533690651,35.660458
1533690656,35.660458
1533690662,35.660458
1533690668,35.660458
1533690673,35.660458
1533690678,35.660458
1533690684,35.660458
1533690689,35.660458
1533690695,35.660458
1533690700,35.660458
1533690706,35.660458
1533690711,35.660458
1533690716,35.660458
1533690722,35.660458
1533690727,35.660458
1533690733,35.660458
1533690739,35.660458
1533690745,35.660458
1533690751,35.660458
1533690757,35.66046
1533690762,35.66046
1533690768,35.66046
1533690774,35.66046
1533690779,35.66046
1533690784,35.66046
1533690790,35.66046
1533690796,35.66046
1533690801,35.66046
1533690806,35.66046
1533690812,35.66046
1533690818,35.66046
1533690823,35.66046
1533690829,35.66046
1533690834,35.66046
1533690840,35.66046
1533690846,35.66046
1533690851,35.66046
1533690857,35.66046
1533690863,35.66046
1533690874,35.66046
1533690879,35.66046
1533690884,35.66046
1533690890,35.66046
1533690896,35.66046
1533690902,35.66046
1533690908,35.66046
1533690913,35.66046
1533690919,35.66046
1533690924,35.66046
1533690930,35.66046
1533690936,35.66046
1533690942,35.66046
1533690948,35.66046
1533690953,35.66046
1533690958,35.66046
1533690964,35.66046
1533690969,35.66046
1533690974,35.66046
1533690980,35.66046
1533690986,35.66046
1533690992,35.66046
1533690997,35.66046
1533691003,35.66046
1533691008,35.66046
1533691014,35.66046
1533691020,35.66046
1533691026,35.66046
1533691031,35.66046
1533691037,35.660465
1533691043,35.660465
1533691048,35.660465
1533691054,35.660465
1533691059,35.660465
1533691064,35.660465
1533691070,35.660465
1533691076,35.660465
1533691081,35.660465
1533691087,35.660465
1533691093,35.660465
1533691099,35.660465
1533691105,35.660465
1533691110,35.660465
1533691115,35.660465
1533691120,35.660465
1533691125,35.660465
1533691130,35.660465
1533691136,35.660465
1533691142,35.660465
1533691147,35.660465
1533691153,35.660465
1533691158,35.660465
1533691164,35.660465
1533691169,35.660465
1533691175,35.660465
1533691180,35.660465
1533691192,35.660465
1533691198,35.660465
1533691204,35.660465
1533691210,35.660465
1533691216,35.660465
1533691222,35.660465
1533691228,35.660465
1533691234,35.660465
1533691239,35.660465
1533691245,35.660465
1533691256,35.660465
1533691262,35.660465
1533691268,35.660465
1533691274,35.660465
1533691280,35.660465
1533691286,35.660465
1533691292,35.660465
1533691298,35.660465
1533691304,35.660465
1533691310,35.660465
1533691316,35.660465
1533691321,35.660465
1533691326,35.660465
1533691332,35.660465
1533691338,35.660465
1533691343,35.660465
1533691349,35.660465
1533691354,35.660465
1533691360,35.660465
1533691365,35.660465
1533691370,35.660465
1533691376,35.660465
1533691382,35.660465
1533691388,35.660465
1533691394,35.660465
1533691400,35.660465
1533691406,35.660465
1533691412,35.660465
1533691418,35.660465
1533691424,35.660465
1533691430,35.660465
1533691435,35.660465
1533691441,35.660465
1533691447,35.660465
1533691453,35.660465
1533691459,35.660465
1533691464,35.660465
1533691470,35.660465
1533691475,35.660465
1533691480,35.660465
1533691486,35.660465
1533691492,35.660465
1533691497,35.660465
1533691503,35.660465
1533691509,35.660465
1533691515,35.660465
1533691521,35.660465
1533691527,35.660465
1533691532,35.660465
1533691538,35.660465
1533691544,35.660465
1533691550,35.660465
1533691556,35.660465
1533691562,35.660465
1533691568,35.660465
1533691573,35.660465
1533691579,35.660465
1533691584,35.660465
1533691590,35.660465
1533691596,35.660465
1533691601,35.660465
1533691607,35.660442
1533691613,35.66046
1533691619,35.66048
1533691625,35.66048
1533691631,35.660477
1533691642,35.660477
1533691648,35.660477
1533691654,35.660473
1533691659,35.660473
1533691665,35.660473
1533691671,35.660473
1533691676,35.660473
1533691682,35.660473
1533691687,35.660473
1533691693,35.660473
1533691698,35.660473
1533691703,35.660473
1533691709,35.660473
1533691715,35.660473
1533691721,35.660473
1533691727,35.660473
1533691733,35.660473
1533691738,35.660473
1533691743,35.660473
1533691748,35.660473
1533691754,35.660473
1533691760,35.660473
1533691766,35.660473
1533691772,35.660473
1533691778,35.660473
1533691784,35.660473
1533691791,35.660473
1533691796,35.660473
1533691802,35.660473
1533691808,35.660473
1533691814,35.660473
1533691820,35.660473
1533691825,35.660473
1533691831,35.660473
1533691836,35.660473
1533691842,35.660473
1533691847,35.660473
1533691853,35.660473
1533691858,35.660473
1533691864,35.660473
1533691869,35.660473
1533691874,35.660473
1533691880,35.660473
1533691886,35.660473
1533691892,35.660473
1533691898,35.660473
1533691904,35.660473
1533691910,35.660473
1533691916,35.660473
1533691922,35.660473
1533691928,35.660473
1533691933,35.660473
1533691939,35.660473
1533691944,35.660473
1533691950,35.660473
1533691956,35.660473
1533691962,35.660473
1533691968,35.660473
1533691973,35.660473
1533691979,35.660473
1533691985,35.660473
1533691991,35.660473
1533691997,35.660473
1533692002,35.660473
1533692008,35.660473
1533692013,35.660473
1533692019,35.660473
1533692024,35.660473
1533692030,35.660473
1533692036,35.660473
1533692042,35.660473
1533692048,35.660473
1533692053,35.660473
1533692059,35.660473
1533692065,35.660473
1533692071,35.660473
1533692077,35.660473
1533692083,35.660473
1533692088,35.660473
1533692093,35.660473
1533692099,35.660473
1533692104,35.660473
1533692110,35.660473
1533692116,35.660473
1533692121,35.660473
1533692127,35.660473
1533692132,35.660473
1533692137,35.660473
1533692143,35.660473
1533692149,35.660473
1533692155,35.660473
1533692161,35.660473
1533692167,35.660473
1533692172,35.660473
1533692178,35.660473
1533692188,35.660473
1533692193,35.660473
1533692199,35.660473
1533692204,35.660473
1533692210,35.660473
1533692216,35.660473
1533692222,35.660473
1533692228,35.660473
1533692234,35.660473
1533692240,35.660473
1533692246,35.66048
1533692252,35.66054
1533692258,35.660633
1533692264,35.660778
1533692269,35.660934
1533692275,35.66112
1533692285,35.661415
1533692290,35.66156
1533692296,35.66173
1533692301,35.661896
1533692306,35.662003
1533692312,35.66207
1533692317,35.662067
1533692323,35.662033
1533692329,35.662003
1533692335,35.661972
1533692341,35.661945
1533692347,35.661892
1533692353,35.66186
1533692358,35.661846
1533692364,35.661915
1533692370,35.662006
1533692375,35.662086
1533692381,35.66212
1533692387,35.662086
1533692393,35.662033
1533692398,35.66198
1533692404,35.66192
1533692410,35.66188
1533692416,35.661808
1533692421,35.661736
1533692426,35.66164
1533692432,35.66152
1533692438,35.661392
1533692444,35.66122
1533692450,35.66101
1533692455,35.660854
1533692461,35.66062
1533692466,35.660393
1533692471,35.66011
1533692506,35.658573
1533692512,35.658455
1533692518,35.658356
1533692524,35.658253
1533692530,35.658157
1533692536,35.65803
1533692541,35.65792
1533692546,35.657936
1533692552,35.658
1533692558,35.658047
1533692563,35.658047
1533692569,35.65806
1533692575,35.658054
1533692581,35.658054
1533692586,35.658054
1533692592,35.65806
1533692597,35.658054
1533692603,35.658073
1533692609,35.658173
1533692615,35.658325
1533692621,35.65856
1533692626,35.65877
1533692632,35.65908
1533692637,35.659344
1533692643,35.659534
1533692648,35.659687
1533692654,35.659893
1533692660,35.66004
1533692666,35.660107
1533692672,35.66014
1533692678,35.66038
1533692686,35.660606
1533692691,35.660908
1533692697,35.66123
1533692702,35.661438
1533692707,35.661625
1533692712,35.661625
1533692718,35.66184
1533692724,35.661953
1533692729,35.662025
1533692735,35.66194
1533692740,35.661892
1533692745,35.661827
1533692750,35.66181
1533692756,35.66189
1533692762,35.661953
1533692797,35.66114
1533692803,35.660946
1533692808,35.66087
1533692814,35.6608
1533692819,35.66073
1533692825,35.6606
1533692831,35.660496
1533692836,35.66049
1533692842,35.66049
1533692848,35.66052
1533692854,35.660545
1533692859,35.660545
1533692865,35.660545
1533692871,35.660545
1533692877,35.660545
1533692883,35.66054
1533692888,35.660534
1533692894,35.660526
1533692900,35.660515
1533692905,35.6605
1533692911,35.660507
1533692917,35.660534
1533692922,35.660553
1533692928,35.660553
1533692933,35.66057
1533692939,35.660553
1533692944,35.66055
1533692949,35.66055
1533692954,35.66055
1533692960,35.66055
1533692966,35.66055
1533692972,35.66055
1533692978,35.66055
1533692984,35.66055
1533692990,35.66055
1533692997,35.66055
1533693002,35.66055
1533693008,35.66055
1533693014,35.66055
1533693020,35.66055
1533693026,35.66055
1533693031,35.660534
1533693037,35.660465
1533693042,35.660454
1533693048,35.660454
1533693053,35.660435
1533693059,35.660385
1533693065,35.66032
1533693071,35.660305
1533693077,35.660313
1533693083,35.660313
1533693088,35.660313
1533693094,35.660313
1533693100,35.660313
1533693106,35.660313
1533693112,35.660313
1533693117,35.660313
1533693123,35.660313
1533693128,35.660313
1533693134,35.660313
1533693140,35.66033
1533693146,35.66038
1533693152,35.66044
1533693158,35.66051
1533693164,35.660522
1533693170,35.66052
1533693176,35.66052
1533693182,35.66052
1533693188,35.66052
1533693194,35.66052
1533693199,35.66052
1533693205,35.66052
1533693210,35.66052
1533693215,35.66052
1533693220,35.66052
1533693225,35.66052
1533693230,35.66052
1533693236,35.66052
1533693242,35.66052
1533693248,35.66052
1533693254,35.66052
1533693260,35.66052
1533693266,35.66052
1533693272,35.66052
1533693278,35.660526
1533693284,35.660526
1533693290,35.660526
1533693296,35.660526
1533693301,41.660526
1533693307,41.660526
1533693312,41.660526
1533693318,41.660526
1533693324,41.660526
1533693329,41.660526
1533693334,41.660526
1533693339,41.660526
1533693344,41.660526
1533693350,41.660526
1533693356,41.660526
1533693362,41.660526
1533693368,41.660526
1533693374,41.660526
1533693379,41.660526
1533693385,41.660526
1533693391,41.660522
1533693397,41.660522
1533693402,41.660522
1533693408,41.660522
1533693414,41.660522
1533693420,41.660522
1533693425,41.660522
1533693431,41.660522
1533693437,41.660522
1533693443,41.660522
1533693449,41.660522
1533693454,41.660522
1533693459,41.660522
1533693465,41.660522
1533693470,41.660522
1533693476,41.660526
1533693482,41.660526
1533693488,41.660526
1533693494,41.660526
1533693500,41.660526
1533693506,41.660526
1533693512,41.660526
1533693518,41.660526
1533693524,41.660526
1533693530,41.660526
1533693536,41.660526
1533693542,41.660526
1533693548,41.660526
1533693554,41.660526
1533693560,41.660526
1533693566,41.660526
1533693572,41.660526
1533693578,41.660526
1533693584,41.660522
1533693590,41.660522
1533693596,41.660522
1533690000,41.64105
1533690005,41.640965
1533690010,41.640892
1533690016,41.64082
1533690022,41.640717
1533690027,41.64061
1533690033,41.640488
1533690038,41.640377
1533690044,41.640274
1533690049,41.640182
1533690054,41.6401
1533690059,41.640045
1533690065,41.639927
1533690070,41.63984
1533690075,41.63983
1533690081,41.639885
1533690087,41.63999
1533690093,41.640125
1533690099,41.64026
1533690105,41.64036
1533690110,41.640366
1533690116,41.640327
1533690122,41.640324
1533690128,41.64039
1533690134,41.640446
1533690140,41.64049
1533690146,41.6405
1533690151,41.640514
1533690157,41.640514
1533690163,41.64052
1533690169,41.640533
1533690174,41.640537
1533690180,41.640568
1533690186,41.64056
1533690192,41.640553
1533690198,41.640545
1533690203,41.640526
1533690209,41.640472
1533690214,41.64044
1533690220,41.640404
1533690226,41.64038
1533690237,41.640408
1533690243,41.640427
1533690248,41.640427
1533690254,41.64043
1533690260,41.640423
1533690265,41.640335
1533690271,41.640152
1533690277,41.640007
1533690283,41.63988
1533690289,41.63982
1533690295,41.63984
1533690301,41.639927
1533690306,41.640068
1533690311,41.640247
1533690317,41.6405
1533690323,41.640717
1533690329,41.640926
1533690335,41.64116
1533690340,41.64126
1533690345,41.64134
1533690351,41.64146
1533690356,41.64154
1533690362,41.641674
1533690368,41.641735
1533690373,41.641747
1533690379,41.641766
1533690384,41.64181
1533690390,41.64184
1533690396,41.641838
1533690401,41.641834
1533690407,41.641827
1533690412,41.641827
1533690418,41.64182
1533690424,41.64182
1533690429,41.64184
1533690435,41.641872
1533690441,41.641872
1533690447,41.641865
1533690452,41.64184
1533690458,41.641815
1533690464,41.64181
1533690469,41.641796
1533690474,41.64178
1533690480,41.64179
1533690486,41.641804
1533690497,41.64192
1533690502,41.641933
1533690508,41.64194
1533690514,41.64194
1533690519,41.641945
1533690524,41.641953
1533690530,41.64195
1533690535,41.64195
1533690541,41.64195
1533690547,41.641953
1533690553,41.641953
1533690558,41.64196
1533690564,41.641956
1533690569,41.641953
1533690575,41.641945
1533690581,41.64195
1533690586,41.64196
1533690591,41.641964
1533690597,41.641968
1533690603,41.64197
1533690609,41.641994
1533690615,41.641994
1533690620,41.642
1533690625,41.642
1533690631,41.642
1533690637,41.641994
1533690643,41.64199
1533690648,41.641987
1533690654,41.641956
1533690659,41.641914
1533690665,41.64184
1533690670,41.641792
1533690676,41.64176
1533690682,41.641735
1533690687,41.64171
1533690693,41.6417
1533690698,41.6417
1533690704,41.6417
1533690709,41.641655
1533690715,41.641632
1533690720,41.64163
1533690726,41.641605
1533690731,41.641575
1533690737,41.641506
1533690742,41.641468
1533690753,41.641388
1533690759,41.641296
1533690765,41.64123
1533690770,41.641205
1533690775,41.641167
1533690786,41.64107
1533690792,41.64102
1533690798,41.640945
1533690804,41.6409
1533690810,41.64078
1533690816,41.640694
1533690821,41.640633
1533690827,41.640526
1533690833,41.64044
1533690839,41.640335
1533690844,41.640255
1533690850,41.640175
1533690855,41.640106
1533690860,41.640045
1533690865,41.639965
1533690871,41.639854
1533690882,41.639748
1533690888,41.639797
1533690894,41.63986
1533690899,41.639915
1533690904,41.640087
1533690910,41.64022
1533690916,41.64034
1533690921,41.640434
1533690927,41.64048
1533690932,41.64047
1533690938,41.64043
1533690943,41.640457
1533690949,41.640484
1533690954,41.640503
1533690960,41.640488
1533690965,41.64048
1533690971,41.640514
1533690977,41.64048
1533690983,41.640472
1533690988,41.640472
1533690993,41.640472
1533690999,41.640465
1533691004,41.64046
1533691010,41.640453
1533691015,41.640427
1533691021,41.640427
1533691027,41.64044
1533691032,41.640408
1533691038,41.640358
1533691043,41.64028
1533691049,41.64012
1533691055,41.639973
1533691061,41.639843
1533691072,41.639988
1533691078,41.640182
1533691084,41.64042
1533691090,41.64071
1533691095,41.640965
1533691101,41.64124
1533691106,41.6414
1533691112,41.641636
1533691118,41.6417
1533691123,41.6417
1533691129,41.6417
1533691135,41.641712
1533691140,41.64172
1533691146,41.641724
1533691152,41.641724
1533691157,41.641735
1533691162,41.641735
1533691167,41.64177
1533691173,41.64172
1533691179,41.64174
1533691184,41.64179
1533691190,41.641827
1533691195,41.64177
1533691201,41.64174
1533691207,41.64174
1533691213,41.64179
1533691219,41.641888
1533691225,41.641914
1533691231,41.641926
1533691237,41.641922
1533691243,41.641933
1533691249,41.641933
1533691254,41.641933
1533691260,41.641933
1533691266,41.641933
1533691271,41.641926
1533691276,41.641926
1533691282,41.64193
1533691288,41.641933
1533691293,41.64193
1533691299,41.641926
1533691304,41.64192
1533691310,41.641914
1533691316,41.641907
1533691322,41.641907
1533691328,41.641914
1533691333,41.64192
1533691339,41.64192
1533691344,41.641914
1533691350,41.641884
1533691355,41.641846
1533691360,41.64182
1533691365,41.64182
1533691371,41.641846
1533691377,41.64185
1533691383,41.641872
1533691394,41.641964
1533691400,41.641968
1533691406,41.641968
1533691412,41.641945
1533691417,41.641872
1533691422,41.641823
1533691428,41.641785
1533691434,41.6417
1533691440,41.64164
1533691445,41.64163
1533691450,41.641644
1533691456,41.641632
1533691462,41.64163
1533691468,41.641613
1533691473,41.641598
1533691479,41.641594
1533691484,41.641586
1533691490,41.641556
1533691496,41.64148
1533691502,41.641426
1533691507,41.64137
1533691513,41.641293
1533691520,41.641228
1533691525,41.641167
1533691531,41.64117
1533691536,41.64112
1533691542,41.641052
1533691547,41.640987
1533691552,41.640915
1533691558,41.64081
1533691563,41.640686
1533691569,41.640553
1533691575,41.640427
1533691586,41.6402
1533691592,41.640083
1533691599,41.640007
1533691604,41.63991
1533691610,41.6399
1533691615,41.639977
1533691621,41.640114
1533691627,41.640266
1533691633,41.640434
1533691639,41.640648
1533691644,41.640846
1533691650,41.641014
1533691656,41.641174
1533691661,41.641304
1533691667,41.641453
1533691672,41.64158
1533691678,41.641754
1533691684,41.641914
1533691690,41.64203
1533691695,41.64203
1533691700,41.64201
1533691706,41.641888
1533691712,41.641727
1533691718,41.641575
1533691724,41.641426
1533691730,41.641304
1533691736,41.641155
1533691741,41.641068
1533691747,41.640934
1533691753,41.640835
1533691758,41.64076
1533691764,41.64064
1533691769,41.640556
1533691774,41.640465
1533691780,41.640373
1533691785,41.640366
1533691791,41.640408
1533691797,41.640533
1533691803,41.64068
1533691809,41.640835
1533691814,41.640972
1533691820,41.641106
1533691826,46.641228
1533691831,46.64131
1533691836,46.64139
1533691842,46.641476
1533691847,46.641594
1533691852,46.641594
1533691858,46.64182
1533691864,46.641945
1533691869,46.642048
1533691875,46.642147
1533691880,46.642254
1533691886,46.642387
1533691892,46.64252
1533691897,46.64263
1533691903,46.64279
1533691909,46.642933
1533691915,46.64312
1533691920,46.643246
1533691926,46.643375
1533691932,46.643505
1533691937,46.643642
1533691943,46.643764
1533691949,46.64387
1533691955,46.64396
1533691961,46.644096
1533691967,46.6443
1533691973,46.644493
1533691978,46.644466
1533691984,46.644386
1533691990,46.644394
1533691995,46.6444
1533692001,46.644405
1533692006,46.644413
1533692011,46.64442
1533692017,46.64442
1533692023,46.64442
1533692029,46.644413
1533692034,46.644287
1533692040,46.64418
1533692046,46.64416
1533692051,46.64411
1533692057,46.64399
1533692063,46.643856
1533692068,46.643745
1533692073,46.643635
1533692079,46.643433
1533692084,46.643227
1533692090,46.64298
1533692096,46.642742
1533692101,46.642548
1533692107,46.642292
1533692112,46.642105
1533692118,46.64188
1533692124,46.641724
1533692130,46.641483
1533692136,46.641197
1533692141,46.64093
1533692147,46.64064
1533692152,46.640568
1533692157,46.6407
1533692162,46.640934
1533692167,46.6412
1533692173,46.6415
1533692179,46.64178
1533692184,46.641968
1533692190,46.64202
1533692196,46.64188
1533692201,46.64166
1533692207,46.64138
1533692212,46.641113
1533692218,46.640827
1533692223,46.640545
1533692229,46.640247
1533692235,46.64004
1533692241,46.64
1533692247,46.640266
1533692253,46.640583
1533692259,46.640854
1533692264,46.641098
1533692270,46.641266
1533692276,46.64142
1533692282,46.64163
1533692287,46.64171
1533692292,46.64171
1533692298,46.64178
1533692304,46.641735
1533692310,46.641735
1533692316,46.641735
1533692322,46.64172
1533692328,46.64171
1533692333,46.64171
1533692338,46.64171
1533692344,46.6417
1533692349,46.6417
1533692355,46.641712
1533692361,46.641724
1533692367,46.64171
1533692372,46.64168
1533692378,46.641666
1533692384,46.64166
1533692389,46.641647
1533692395,46.64165
1533692401,46.64168
1533692407,46.641735
1533692413,46.64179
1533692419,46.641773
1533692424,46.64179
1533692430,46.64179
1533692435,46.64179
1533692441,46.64179
1533692446,46.64179
1533692451,46.64178
1533692456,46.641773
1533692462,46.64177
1533692468,46.64177
1533692474,46.641766
1533692480,46.64177
1533692486,46.641773
1533692491,46.641777
1533692499,46.641785
1533692504,46.64179
1533692509,46.641792
1533692515,46.641792
1533692521,46.641792
1533692526,46.6418
1533692532,46.641815
1533692537,46.641827
1533692542,46.641838
1533692548,46.64184
1533692554,46.64182
1533692560,46.64176
1533692566,46.641724
1533692572,46.64169
1533692577,46.641655
1533692582,46.641644
1533692588,46.641644
1533692594,46.641644
1533692599,46.641632
1533692604,46.64162
1533692614,46.64155
1533692619,46.6415
1533692625,46.6414
1533692631,46.6413
1533692637,46.641205
1533692642,46.64118
1533692648,46.641132
1533692653,46.6411
1533692659,46.641026
1533692665,46.64094
1533692671,46.64086
1533692677,46.640747
1533692683,46.640705
1533692688,46.640507
1533692693,46.640408
1533692699,46.640293
1533692712,46.640095
1533692718,46.63999
1533692723,46.6399
1533692729,46.639866
1533692734,46.639904
1533692739,46.639977
1533692745,46.6401
1533692751,46.640247
1533692756,46.64039
1533692761,46.640545
1533692767,46.640728
1533692773,46.64089
1533692779,46.640976
1533692785,46.641167
1533692791,46.641335
1533692797,46.641422
1533692802,46.641525
1533692807,46.64166
1533692813,46.641846
1533692819,46.641994
1533692824,46.642063
1533692830,46.642086
1533692836,46.642014
1533692842,46.641853
1533692848,46.641685
1533692854,46.64156
1533692859,46.641453
1533692865,46.64132
1533692870,46.641193
1533692875,46.64114
1533692881,46.641045
1533692887,46.640903
1533692893,46.640804
1533692898,46.64073
1533692903,46.64065
1533692909,46.64057
1533692915,46.640453
1533692921,46.64038
1533692926,46.640415
1533692932,46.640488
1533692938,46.64064
1533692943,46.640812
1533692949,46.640957
1533692954,46.641098
1533692960,46.641228
1533692966,46.64134
1533692972,46.641453
1533692977,46.641567
1533692984,46.64168
1533692989,46.641796
1533692995,46.641903
1533693000,46.642048
1533693006,46.64218
1533693011,46.64228
1533693017,46.642403
1533693023,46.642532
1533693028,46.642654
1533693034,46.642784
1533693039,46.642864
1533693045,46.643013
1533693050,46.64312
1533693056,46.64326
1533693062,46.643345
1533693068,46.643444
1533693073,46.64353
1533693079,46.64366
1533693084,46.64378
1533693090,46.643913
1533693095,46.644012
1533693101,46.644154
1533693107,46.644253
1533693112,46.64434
1533693118,46.64443
1533693123,46.644455
1533693128,46.644386
1533693134,46.644333
1533693139,46.64434
1533693145,46.644333
1533693150,46.644333
1533693156,46.644333
1533693162,46.64433
1533693168,46.644325
1533693173,46.644325
1533693179,46.644325
1533693189,46.644325
1533693195,46.644325
1533693200,46.644325
1533693206,46.644325
1533693212,46.644325
1533693217,46.644325
1533693223,46.644325
1533693229,46.644325
1533693234,46.644306
1533693239,46.64426
1533693245,46.644234
1533693250,46.644234
1533693255,46.644226
1533693260,46.644188
1533693266,46.644104
1533693272,46.64398
1533693277,46.64388
1533693283,46.643723
1533693289,46.643543
1533693295,46.643375
1533693300,46.6432
1533693306,46.642982
1533693318,46.642532
1533693324,46.6423
1533693330,46.64208
1533693336,46.641827
1533693342,46.641594
1533693347,46.641365
1533693352,46.64111
1533693358,46.64092
1533693364,46.640713
1533693370,46.6406
1533693375,46.64072
1533693381,46.64097
1533693387,46.64122
1533693392,46.64143
1533693399,46.64167
1533693405,46.641865
1533693411,46.64198
1533693417,46.641975
1533693422,46.64184
1533693428,46.64162
1533693434,46.6414
1533693439,46.641186
1533693445,46.640945
1533693450,46.640755
1533693456,46.64049
1533693461,46.6403
1533693466,46.640125
1533693471,46.64006
1533693477,46.63999
1533693482,46.640186
1533693488,46.640465
1533693493,46.640663
1533693498,46.64083
1533693504,46.641052
1533693509,46.64115
1533693514,46.641266
1533693519,46.641396
1533693524,46.64153
1533693530,46.6416
1533693535,46.64163
1533693540,46.64163
1533693546,46.641624
1533693552,46.641624
1533693557,46.641693
1533693563,46.641678
1533693568,46.641605
1533693574,46.641586
1533693579,46.641586
1533693585,46.641586
1533693590,46.641582
1533693596,46.64158
1533693603,46.660625
1533693609,46.660625
1533693614,46.660625
1533693620,46.660625
1533693626,46.66063
1533693632,46.660625
1533693637,46.660625
1533693643,46.660625
1533693648,46.660625
1533693654,46.660625
1533693660,46.660625
1533693666,46.660625
1533693672,46.660625
1533693677,46.660625
1533693683,46.660625
1533693689,46.660625
1533693694,46.660625
1533693699,46.660625
1533693705,46.660625
1533693711,46.660625
1533693717,46.660625
1533693722,46.660625
1533693727,46.660625
1533693732,46.660625
1533693738,46.660625
1533693744,46.660625
1533693749,46.660625
1533693755,46.660625
1533693761,46.660625
1533693767,46.660625
1533693773,46.660625
1533693779,46.660625
1533693784,46.660625
1533693789,46.660625
1533693795,46.660625
1533693801,46.660625
1533693806,46.660625
1533693812,46.660625
1533693818,46.660625
1533693823,46.660625
1533693829,46.660625
1533693834,46.660625
1533693840,46.660625
1533693846,46.660625
1533693851,46.660625
1533693862,46.660625
1533693868,46.660625
1533693873,46.660625
1533693879,46.660625
1533693884,46.660625
1533693890,46.660625
1533693895,46.660625
1533693901,46.660625
1533693907,46.660625
1533693912,46.660625
1533693918,46.660625
1533693924,46.660633
1533693930,46.660664
1533693935,46.660686
1533693940,46.660706
1533693946,46.660732
1533693952,46.660736
1533693958,46.660732
1533693964,46.660732
1533693969,46.660732
1533693974,46.660736
1533693980,46.660736
1533693985,46.660736
1533693990,46.660736
1533693996,46.660736
1533694002,46.660736
1533694008,46.660736
1533694013,46.660736
1533694019,46.660736
1533694024,46.660736
1533694029,46.660736
1533694034,46.660736
1533694039,46.660736
1533694044,46.660736
1533694049,46.660736
1533694055,46.660736
1533694060,46.660736
1533694066,46.660736
1533694071,46.66074
1533694077,46.660866
1533694083,46.661034
1533694088,46.66106
1533694094,46.661335
1533694099,46.66146
1533694105,46.66157
1533694110,46.661674
1533694116,46.66178
1533694121,46.661835
1533694127,46.6619
1533694132,46.66197
1533694138,46.662033
1533694144,46.66208
1533694149,46.662086
1533694155,46.66202
1533694161,46.661953
1533694167,46.661957
1533694173,46.66196
1533694178,46.661957
1533694183,46.661957
1533694189,46.661873
1533694195,46.66187
1533694200,46.66196
1533694206,46.66202
1533694211,46.66211
1533694216,46.662014
1533694222,46.661648
1533694228,46.66138
1533694233,46.661194
1533694238,46.661064
1533694244,46.661045
1533694250,46.661045
1533694256,46.661015
1533694261,46.66091
1533694266,46.660854
1533694272,46.66086
1533694278,46.66086
1533694283,46.66086
1533694288,46.660854
1533694294,46.660854
1533694299,46.660854
1533694305,46.660854
1533694310,46.660854
1533694316,46.66086
1533694321,46.66086
1533694327,46.66086
1533694332,46.66086
1533694338,46.66086
1533694344,46.66086
1533694349,46.66086
1533694354,46.66086
1533694359,46.66086
1533694365,46.660843
1533694370,46.66078
1533694376,46.6607
1533694382,46.660587
1533694388,46.660465
1533694393,46.660427
1533694399,46.660465
1533694404,46.660492
1533694409,46.660534
1533694414,46.66057
1533694420,46.660572
1533694425,46.660572
1533694431,46.660526
1533694436,46.660526
1533694441,46.660526
1533694447,46.660526
1533694452,46.660526
1533694458,46.660526
1533694464,46.660526
1533694469,46.660526
1533694474,46.660526
1533694480,46.660522
1533694486,46.660522
1533694491,46.660522
1533694496,46.660522
1533694501,46.660522
1533694507,46.660522
1533694513,46.660522
1533694519,46.660522
1533694525,46.660522
1533694530,46.660522
1533694536,46.660522
1533694541,46.660522
1533694547,46.660522
1533694552,46.660522
1533694557,46.660522
1533694563,46.660522
1533694568,46.660522
1533694573,46.660522
1533694579,46.660522
1533694584,46.660522
1533694589,46.660522
1533694595,46.660522
1533694600,46.660522
1533694606,46.660522
1533694611,46.660522
1533694617,46.660522
1533694623,46.66052
1533694628,46.66052
1533694634,46.66052
1533694640,46.66052
1533694646,46.66052
1533694651,46.660522
1533694657,46.660576
1533694662,46.6606
1533694668,46.66054
1533694673,46.660522
1533694678,46.660515
1533694684,46.66051
1533694690,46.66051
1533694695,46.66051
1533694701,46.66051
1533694706,46.66051
1533694712,46.66051
1533694717,46.66051
1533694722,46.66051
1533694728,46.66051
1533694734,46.66051
1533694740,46.66051
1533694746,46.66051
1533694751,46.66051
1533694757,46.66051
1533694763,46.66051
1533694769,46.66051
1533694775,46.66051
1533694780,46.66051
1533694785,46.66051
1533694791,46.66051
1533694796,46.66051
1533694802,46.66051
1533694808,46.66051
1533694814,46.66051
1533694820,46.66051
1533694831,46.66051
1533694837,46.66051
1533694842,46.66051
1533694847,46.66051
1533694853,46.66051
1533694859,46.66051
1533694864,46.66051
1533694869,46.66051
1533694875,46.66051
1533694880,46.66051
1533694885,46.66051
1533694891,46.66051
1533694897,46.66051
1533694902,46.66051
1533694908,46.66051
1533694914,46.66051
1533694919,46.66051
1533694925,46.66051
1533694931,46.66051
1533694936,46.66051
1533694942,46.66051
1533694947,46.66051
1533694952,46.66051
1533694957,46.66051
1533694963,46.66051
1533694969,46.66051
1533694974,46.66051
1533694979,46.66051
1533694984,46.66051
1533694990,46.66051
1533694996,46.66051
1533695002,46.66051
1533695013,46.66051
1533695018,46.66051
1533695024,46.66051
1533695030,46.660507
1533695036,46.660507
1533695041,46.660507
1533695047,46.660507
1533695053,46.660507
1533695059,46.660507
1533695064,46.660507
1533695069,46.660507
1533695075,46.660507
1533695080,46.660507
1533695085,46.660507
1533695091,46.660507
1533695096,46.660507
1533695102,46.660507
1533695107,46.660507
1533695112,46.660507
1533695117,46.660507
1533695122,46.660507
1533695134,46.660507
1533695139,46.660507
1533695144,46.660507
1533695150,46.66051
1533695156,46.660507
1533695161,46.660507
1533695167,46.660507
1533695173,46.660507
1533695178,46.660507
1533695183,46.660507
1533695189,46.660507
1533695194,46.660507
1533695200,46.660507
1533695205,46.660507
1533695211,46.660507
1533695216,46.660507
1533695221,46.660507
1533695227,46.660507
1533695233,46.660507
1533695239,46.660507
1533695245,46.660507
1533695251,46.660507
1533695257,46.660507
1533695263,46.660507
1533695268,46.660507
1533695274,46.66051
1533695280,46.66051
1533695286,46.66051
1533695292,46.66051
1533695297,46.66051
1533695303,46.66051
1533695309,46.66051
1533695314,46.66051
1533695319,46.66051
1533695325,46.66051
1533695331,46.66051
1533695336,46.66051
1533695341,46.66051
1533695347,46.66051
1533695352,46.66051
1533695358,46.66051
1533695363,46.66051
1533695369,46.66051
1533695375,46.66051
1533695380,46.66051
1533695385,46.66051
1533695391,46.66051
1533695397,46.66051
1533695402,46.66051
1533695407,46.66051
1533695412,46.66051
1533695418,46.66051
1533695423,46.66051
1533695428,46.660515
1533695434,46.660515
1533695439,46.660515
1533695444,46.660515
1533695450,46.660515
1533695456,46.66051
1533695461,46.66049
1533695467,46.660496
1533695473,46.66057
1533695478,46.66064
1533695484,46.66074
1533695490,46.66084
1533695496,46.660965
1533695501,46.661057
1533695507,46.661163
1533695513,46.66128
1533695519,46.66139
1533695524,46.661495
1533695529,46.66158
1533695535,46.661674
1533695541,46.66179
1533695547,46.6619
1533695553,46.66198
1533695559,46.66203
1533695565,46.662075
1533695571,46.662086
1533695576,46.66208
1533695583,46.66204
1533695589,46.66202
1533695594,46.66201
1533695599,46.662003
1533695604,46.661987
1533695610,46.661972
1533695616,46.66194
1533695621,46.661915
1533695627,46.661896
1533695632,46.66188
1533695638,46.661873
1533695643,46.661873
1533695649,46.661873
1533695655,46.661884
1533695661,46.661907
1533695666,46.661945
1533695671,46.662003
1533695677,46.66206
1533695683,46.6621
1533695688,46.66212
1533695694,46.66213
1533695699,46.6621
1533695704,46.662075
1533695710,46.662037
1533695716,46.661983
1533695721,46.661945
1533695727,46.6619
1533695732,46.661865
1533695738,46.66182
1533695744,46.66176
1533695750,46.66172
1533695756,46.661667
1533695762,46.66161
1533695768,46.66157
1533695773,46.66154
1533695779,46.661495
1533695784,46.66145
1533695790,46.6614
1533695796,46.661346
1533695802,46.661293
1533695807,46.661255
1533695812,46.66121
1533695818,46.66116
1533695824,46.66112
1533695830,46.66107
1533695836,46.661026
1533695842,46.66098
1533695848,46.660927
1533695854,46.660873
1533695860,46.660828
1533695866,46.66076
1533695871,46.6607
1533695877,46.66062
1533695882,46.660553
1533695888,46.66048
1533695893,46.660393
1533695899,46.66028
1533695904,46.660187
1533695909,46.66006
1533695914,46.659954
1533695920,46.65981
1533695925,46.659687
1533695931,46.65954
1533695936,46.65942
1533695942,46.659267
1533695947,46.659134
1533695953,46.65898
1533695958,46.658855
1533695964,46.65871
1533695970,46.65859
1533695981,46.658592
1533695986,46.6586
1533695991,46.658585
1533695997,46.65856
1533696002,46.658558
1533696008,46.658558
1533696014,46.658554
1533696020,46.658543
1533696026,46.658543
1533696032,46.658546
1533696038,46.658546
1533696044,46.658546
1533696050,46.658546
1533696055,46.658546
1533696061,46.658546
1533696066,46.658546
1533696071,46.658546
1533696077,46.658546
1533696082,46.658554
1533696087,46.658585
1533696093,46.658554
1533696099,46.65852
1533696104,46.658497
1533696110,46.65848
1533696116,46.65848
1533696122,46.65848
1533696128,46.65848
1533696134,46.65848
1533696140,46.65848
1533696146,46.65848
1533696152,46.65848
1533696157,46.65849
1533696163,46.65851
1533696168,46.65853
1533696174,46.658577
1533696180,46.65867
1533696185,46.65877
1533696191,46.658947
1533696197,46.659195
1533696202,46.65937
1533696207,46.65952
1533696212,46.65962
1533696224,46.659748
1533696229,46.659775
1533696235,46.659935
1533696241,46.660065
1533696247,46.660233
1533696252,46.660362
1533696258,46.66053
1533696264,46.66064
1533696270,46.66074
1533696275,46.660828
1533696280,46.660927
1533696286,46.661045
1533696292,46.66118
1533696298,46.66131
1533696303,46.661434
1533696308,46.661533
1533696313,46.66156
1533696319,46.661423
1533696324,46.661335
1533696330,46.66124
1533696335,46.6611
1533696341,46.660965
1533696346,46.660866
1533696352,46.66073
1533696357,46.66058
1533696362,46.660397
1533696367,46.66028
1533696372,46.660122
1533696378,46.6598
1533696384,46.659416
1533696390,46.659065
1533696396,46.65888
1533696402,46.658833
1533696408,46.658787
1533696413,46.658707
1533696419,46.65857
1533696424,46.658386
1533696429,46.658146
1533696435,46.65777
1533696440,46.657494
1533696446,46.65718
1533696452,46.657047
1533696457,46.657055
1533696462,46.657055
1533696468,46.657055
1533696474,46.657055
1533696479,46.656948
1533696485,46.656666
1533696491,46.656334
1533696497,46.65597
1533696502,46.655655
1533696507,46.655346
1533696513,46.654964
1533696518,46.654648
1533696523,46.654335
1533696528,46.654335
1533696534,46.65366
1533696540,46.653313
1533696545,46.652973
1533696550,46.65256
1533696556,46.65207
1533696561,46.65164
1533696567,46.651127
1533696572,46.650745
1533696577,46.65032
1533696582,46.649895
1533696588,46.6494
1533696593,46.649067
1533696599,46.648693
1533696604,46.648354
1533696610,46.647953
1533696616,46.647583
1533696622,46.647194
1533696627,46.646854
1533696633,46.64646
1533696638,46.64617
1533696643,46.645927
1533696649,46.645744
1533696654,46.6457
1533696660,46.645752
1533696665,46.64579
1533696670,46.645855
1533696676,46.645947
1533696681,46.64604
1533696687,46.646122
1533696693,46.64622
1533696698,46.646275
1533696703,46.64633
1533696708,46.64626
1533696714,46.645977
1533696719,46.64567
1533696724,46.645374
1533696732,46.64508
1533696737,46.644764
1533696743,46.64443
1533696748,46.6441
1533696754,46.643715
1533696759,46.643383
1533696764,46.64303
1533696770,46.642555
1533696776,46.64209
1533696781,46.641693
1533696787,46.64124
1533696793,46.64079
1533696799,46.640553
1533696804,46.640553
1533696809,46.640793
1533696815,46.64108
1533696821,46.641285
1533696827,46.641308
1533693602,46.660522
1533693608,46.660526
1533693614,46.660526
1533693620,46.660526
1533693626,46.660526
1533693632,46.660522
1533693637,46.660522
1533693643,46.660522
1533693649,46.660522
1533693655,46.660522
1533693661,46.660522
1533693666,46.660522
1533693672,46.660522
1533693678,46.660522
1533693683,46.660522
1533693689,46.660522
1533693695,46.660522
1533693701,46.660522
1533693707,46.660522
1533693713,46.660522
1533693718,46.660522
1533693724,46.660522
1533693729,46.660522
1533693734,46.660522
1533693740,46.660522
1533693746,46.660522
1533693752,46.660522
1533693758,46.660522
1533693764,46.660522
1533693770,46.660522
1533693776,46.660522
1533693782,46.660522
1533693788,46.660522
1533693793,46.660522
1533693799,46.660522
1533693805,46.660522
1533693811,46.660522
1533693817,46.660522
1533693822,46.660522
1533693828,46.660522
1533693833,46.660522
1533693839,46.660522
1533693844,46.660522
1533693850,46.660522
1533693855,46.660522
1533693860,46.660522
1533693866,46.660526
1533693872,46.660526
1533693878,46.660526
1533693884,46.660526
1533693890,46.660526
1533693896,46.660526
1533693902,46.660526
1533693907,46.660526
1533693912,46.660526
1533693918,46.660526
1533693923,46.660526
1533693928,46.660526
1533693934,46.660526
1533693939,46.660526
1533693945,46.660526
1533693950,46.660526
1533693956,46.660526
1533693962,46.660526
1533693968,46.660526
1533693973,46.660526
1533693978,46.660526
1533693984,46.660526
1533693990,46.660526
1533693996,46.660526
1533694002,46.660526
1533694008,46.660526
1533694014,46.660526
1533694019,46.660526
1533694024,46.660526
1533694030,46.660526
1533694035,46.660526
1533694041,46.660526
1533694046,46.660526
1533694052,46.66054
1533694058,46.66056
1533694064,46.66054
1533694070,46.66049
1533694076,46.660473
1533694082,46.660473
1533694088,46.660473
1533694094,46.660473
1533694100,46.660473
1533694106,46.660473
1533694112,46.660473
1533694118,46.660473
1533694124,46.660473
1533694130,46.660473
1533694136,46.660473
1533694142,46.660473
1533694148,46.660473
1533694154,46.660473
1533694160,46.660473
1533694166,46.660473
1533694172,46.660473
1533694178,46.660473
1533694184,46.660473
1533694190,46.660473
1533694196,46.660473
1533694202,46.660473
1533694208,46.660473
1533694214,46.660473
1533694220,46.660473
1533694226,46.660473
1533694232,46.660473
1533694238,46.660473
1533694244,46.660473
1533694250,46.660473
1533694255,46.660473
1533694261,46.660473
1533694267,46.660473
1533694272,46.660473
1533694277,46.660473
1533694283,46.660473
1533694288,46.660473
1533694294,46.660473
1533694300,46.660473
1533694306,46.660473
1533694311,46.660473
1533694317,46.660473
1533694322,46.660473
1533694328,46.660473
1533694333,46.660473
1533694338,46.660473
1533694344,46.660473
1533694349,46.660473
1533694355,46.660473
1533694361,46.660473
1533694367,46.660473
1533694372,46.660473
1533694377,46.660473
1533694382,46.660473
1533694388,46.660473
1533694394,46.660473
1533694400,46.660473
1533694406,46.660473
1533694412,46.660473
1533694418,46.660473
1533694423,46.660473
1533694429,46.660473
1533694435,46.660473
1533694440,46.660473
1533694446,46.660473
1533694451,46.660473
1533694456,46.660473
1533694462,46.660473
1533694467,46.660473
1533694472,46.660473
1533694478,46.660473
1533694484,46.660473
1533694490,46.660473
1533694496,46.660473
1533694502,46.660473
1533694508,46.660473
1533694514,46.660473
1533694520,46.660477
1533694526,46.660477
1533694532,46.660477
1533694544,46.660473
1533694550,46.660473
1533694556,46.660473
1533694561,46.660473
1533694567,46.660473
1533694573,46.660473
1533694579,46.660473
1533694585,46.660473
1533694591,46.660473
1533694597,46.660473
1533694609,46.660473
1533694615,46.660473
1533694620,46.660473
1533694626,46.660473
1533694631,46.660473
1533694636,46.660473
1533694642,46.66048
1533694648,46.6605
1533694653,46.660553
1533694658,46.66062
1533694664,46.660767
1533694670,46.660965
1533694676,46.66114
1533694682,46.66133
1533694687,46.661495
1533694693,46.66166
1533694698,46.661808
1533694705,46.66196
1533694710,46.662025
1533694716,46.662025
1533694722,46.662006
1533694728,46.66199
1533694734,46.661987
1533694740,46.661945
1533694746,46.661926
1533694751,46.66188
1533694757,46.66185
1533694763,46.66183
1533694768,46.66186
1533694773,46.661926
1533694778,46.662014
1533694784,46.662094
1533694790,46.662106
1533694802,46.662
1533694808,46.661934
1533694814,46.661884
1533694820,46.661835
1533694826,46.66176
1533694866,46.6608
1533694872,46.660595
1533694878,46.660366
1533694883,46.660145
1533694888,46.659904
1533694893,46.659668
1533694898,46.659443
1533694904,46.65921
1533694910,46.659027
1533694916,46.65885
1533694922,46.658707
1533694927,46.658615
1533694933,46.65851
1533694939,46.65842
1533694945,46.658306
1533694951,46.65814
1533694957,46.657967
1533694963,46.65791
1533694968,46.65791
1533694974,46.657913
1533694979,46.65794
1533694985,46.65801
1533694991,46.65806
1533694997,46.658085
1533695002,46.658085
1533695008,46.658085
1533695014,46.658085
1533695020,46.658085
1533695026,46.658085
1533695032,46.658085
1533695038,46.658085
1533695043,46.658085
1533695049,46.6581
1533695054,46.658195
1533695060,46.6584
1533695065,46.658566
1533695071,46.658745
1533695076,46.65896
1533695082,46.659233
1533695087,46.659454
1533695093,46.659695
1533695098,46.65987
1533695104,46.660072
1533695110,46.660152
1533695116,46.660152
1533695122,46.66032
1533695128,46.660526
1533695134,46.6607
1533695140,46.660873
1533695146,46.66105
1533695151,46.661125
1533695156,46.66123
1533695162,46.6614
1533695168,46.661507
1533695174,46.661594
1533695180,46.66166
1533695186,46.661705
1533695192,46.66176
1533695198,46.661793
1533695204,46.661835
1533695210,46.66186
1533695216,46.661896
1533695222,46.661926
1533695228,46.661953
1533695234,46.66198
1533695240,46.662003
1533695246,46.661995
1533695251,46.66196
1533695256,46.661877
1533695262,46.661816
1533695268,46.661865
1533695273,46.661926
1533695279,46.66198
1533695285,46.662018
1533695290,46.662083
1533695296,46.662067
1533695302,46.66198
1533695307,46.661926
1533695312,46.661747
1533695318,46.661552
1533695323,46.661377
1533695328,46.66122
1533695334,46.661045
1533695339,46.66091
1533695351,46.66072
1533695356,46.660725
1533695361,46.660725
1533695366,46.660686
1533695372,46.660572
1533695378,46.6605
1533695384,46.6605
1533695390,46.6605
1533695396,46.6605
1533695401,46.6605
1533695407,46.6605
1533695413,46.6605
1533695419,46.6605
1533695425,46.6605
1533695431,46.6605
1533695437,46.6605
1533695443,46.6605
1533695448,46.6605
1533695454,46.6605
1533695459,46.6605
1533695465,46.6605
1533695471,46.6605
1533695477,46.6605
1533695483,46.6605
1533695488,46.6605
1533695494,46.6605
1533695499,46.6605
1533695504,46.6605
1533695510,46.6605
1533695516,46.6605
1533695522,46.6605
1533695528,46.6605
1533695533,46.6605
1533695539,46.6605
1533695545,46.6605
1533695551,46.6605
1533695557,46.6605
1533695562,46.660473
1533695567,46.66046
1533695573,46.66042
1533695579,46.66042
1533695584,46.66042
1533695589,46.66042
1533695595,46.66042
1533695600,46.66042
1533695606,46.66042
1533695612,46.66042
1533695618,46.66042
1533695624,46.66042
1533695630,46.66042
1533695636,46.66042
1533695642,46.66042
1533695648,46.66042
1533695654,46.66042
1533695660,46.66042
1533695671,46.66042
1533695676,46.66042
1533695682,46.66042
1533695688,46.66042
1533695694,46.66042
1533695699,46.66042
1533695704,46.66042
1533695709,46.66042
1533695714,46.66042
1533695720,46.66042
1533695726,46.66042
1533695732,46.66042
1533695738,46.66042
1533695744,46.66042
1533695750,46.66042
1533695756,46.66042
1533695768,46.66042
1533695774,46.66042
1533695779,46.66042
1533695785,46.66042
1533695790,46.66042
1533695796,46.66042
1533695801,46.66042
1533695807,46.66042
1533695813,46.66042
1533695818,46.66042
1533695824,46.66042
1533695829,46.66042
1533695834,46.66042
1533695839,46.660423
1533695845,46.660423
1533695851,46.660408
1533695857,46.66041
1533695863,46.66049
1533695868,46.660526
1533695873,46.660534
1533695879,46.660534
1533695885,46.660534
1533695897,46.660534
1533695902,46.660534
1533695908,46.660534
1533695914,46.660534
1533695920,46.660534
1533695926,46.660534
1533695932,46.660534
1533695937,46.660534
1533695943,46.660534
1533695948,46.660534
1533695954,46.660534
1533695959,46.660534
1533695965,46.660534
1533695971,46.66053
1533695976,46.66053
1533695981,46.660534
1533695986,46.660534
1533695992,46.660534
1533695997,46.660534
1533696003,46.660534
1533696008,46.660534
1533696014,46.660534
1533696020,46.660534
1533696026,46.660534
1533696032,46.660534
1533696038,46.660534
1533696043,46.660534
1533696048,46.660534
1533696054,46.660534
1533696059,46.660526
1533696065,46.660515
1533696071,46.660515
1533696076,46.660526
1533696082,46.660522
1533696087,46.66051
1533696093,46.660507
1533696099,46.660503
1533696105,46.660503
1533696110,46.660496
1533696116,46.660492
1533696121,46.660492
1533696126,46.660492
1533696132,46.660492
1533696138,46.660492
1533696143,46.660492
1533696149,46.660492
1533696154,46.660492
1533696159,46.660492
1533696165,46.660492
1533696170,46.660492
1533696176,46.660492
1533696181,46.660492
1533696186,46.660492
1533696192,46.660492
1533696198,46.660492
1533696204,46.660492
1533696210,46.660492
1533696215,46.660492
1533696221,46.660492
1533696226,46.660492
1533696232,46.660492
1533696237,46.660492
1533696242,46.660492
1533696248,46.660492
1533696254,46.660492
1533696260,46.660492
1533696266,46.660492
1533696272,46.660492
1533696278,46.660492
1533696284,46.660492
1533696290,46.660492
1533696296,46.660492
1533696302,46.660492
1533696308,46.660492
1533696314,46.660492
1533696320,46.660492
1533696326,46.660492
1533696332,46.660492
1533696338,46.660492
1533696344,46.660492
1533696350,46.660492
1533696356,46.660492
1533696362,46.660492
1533696368,46.660492
1533696374,46.660492
1533696380,46.660492
1533696385,46.660492
1533696390,46.660492
1533696396,46.660492
1533696402,46.660492
1533696407,46.660492
1533696413,46.660492
1533696418,46.660492
1533696424,46.660492
1533696430,46.660492
1533696435,46.660492
1533696440,46.660492
1533696446,46.660492
1533696452,46.660492
1533696458,46.660492
1533696464,46.660492
1533696469,46.660492
1533696475,46.660492
1533696481,46.660492
1533696487,46.660492
1533696492,46.660492
1533696498,46.660492
1533696504,46.660492
1533696510,46.660492
1533696515,46.660492
1533696521,46.660492
1533696526,46.660492
1533696532,46.660492
1533696538,46.660492
1533696544,46.660492
1533696550,46.660492
1533696556,46.660492
1533696562,46.660492
1533696568,46.660492
1533696574,46.660492
1533696579,46.660492
1533696584,46.660492
1533696589,46.660492
1533696595,46.660492
1533696600,46.660492
1533696605,46.660492
1533696611,46.660492
1533696617,46.660492
1533696623,46.660492
1533696629,46.660492
1533696634,46.660492
1533696640,46.660492
1533696646,46.660492
1533696652,46.660492
1533696657,46.660492
1533696662,46.660492
1533696668,46.660492
1533696674,46.660492
1533696680,46.660492
1533696686,46.660492
1533696691,46.660492
1533696697,46.660492
1533696703,46.660492
1533696709,46.660492
1533696715,46.660492
1533696720,46.660492
1533696725,46.660492
1533696731,46.660492
1533696736,46.660492
1533696742,46.660492
1533696748,46.660492
1533696754,46.660492
1533696759,46.660492
1533696765,46.660492
1533696770,46.660492
1533696776,46.66049
1533696782,46.66049
1533696788,46.66049
1533696793,46.66049
1533696799,46.66049
1533696804,46.66049
1533696810,46.66049
1533696815,46.66049
1533696820,46.66049
1533696828,46.66049
1533696833,46.66049
1533696838,46.66049
1533696843,46.66049
1533696849,46.66049
1533696854,46.66049
1533696860,46.66049
1533696865,46.66049
1533696871,46.66049
1533696877,46.66049
1533696883,46.66049
1533696888,46.66049
1533696894,46.66049
1533696900,46.66049
1533696906,46.66049
1533696912,46.66049
1533696918,46.66049
1533696923,46.66049
1533696929,46.66049
1533696935,46.66049
1533696941,46.660492
1533696947,46.660507
1533696952,46.660545
1533696958,46.660633
1533696964,46.660755
1533696969,46.660873
1533696974,46.66099
1533696980,46.66115
1533696986,46.66129
1533696992,46.661453
1533696998,46.66161
1533697004,46.661766
1533697010,46.661926
1533697016,46.66205
1533697022,46.662086
1533697028,46.662067
1533697034,46.662033
1533697040,46.662014
1533697045,46.661987
1533697051,46.661995
1533697056,46.6619
1533697062,46.661873
1533697067,46.66188
1533697072,46.661926
1533697078,46.66202
1533697084,46.662106
1533697089,46.662148
1533697095,46.662125
1533697100,46.662086
1533697106,46.662033
1533697112,46.661972
1533697118,46.661945
1533697124,46.661915
1533697130,46.661854
1533697135,46.66179
1533697140,46.661716
1533697146,46.661606
1533697151,46.661503
1533697157,46.66138
1533697162,46.661247
1533697168,46.66107
1533697173,46.66095
1533697184,46.660572
1533697190,46.660305
1533697196,46.65999
1533693601,46.64158
1533693607,46.64158
1533693612,46.641575
1533693618,46.64158
1533693624,46.64158
1533693630,46.64157
1533693636,46.64156
1533693641,46.641552
1533693646,46.641552
1533693652,46.641552
1533693658,46.64156
1533693664,46.64156
1533693670,46.641556
1533693675,46.641552
1533693680,46.64155
1533693686,46.64154
1533693691,46.64154
1533693697,46.641537
1533693703,46.641533
1533693709,46.64156
1533693715,46.641575
1533693721,46.641575
1533693726,46.641575
1533693732,46.641567
1533693738,46.64163
1533693744,46.641678
1533693750,46.64171
1533693755,46.641727
1533693766,46.641727
1533693771,46.641727
1533693777,46.641727
1533693783,46.64172
1533693789,46.64172
1533693794,46.641716
1533693800,46.641712
1533693806,46.641712
1533693812,46.64172
1533693818,46.641727
1533693823,46.641727
1533693828,46.641724
1533693833,46.641724
1533693839,46.641727
1533693846,46.641735
1533693852,46.641735
1533693857,46.641735
1533693863,46.641735
1533693869,46.641735
1533693874,46.641735
1533693879,46.641735
1533693884,46.641735
1533693890,46.641735
1533693895,46.641735
1533693900,46.641735
1533693906,46.641735
1533693912,46.64171
1533693917,46.641697
1533693923,46.64168
1533693928,46.641674
1533693933,46.641678
1533693939,46.641685
1533693945,46.641674
1533693950,46.641632
1533693956,46.641582
1533693961,46.64154
1533693967,46.641487
1533693973,46.641434
1533693979,46.64139
1533693990,46.6413
1533693996,46.641247
1533694001,46.641212
1533694007,46.64116
1533694012,46.641094
1533694017,46.64103
1533694023,46.640953
1533694028,46.64089
1533694034,46.640785
1533694039,46.64071
1533694045,46.640625
1533694051,46.640533
1533694056,46.640465
1533694062,46.64036
1533694068,46.640213
1533694073,46.64015
1533694079,46.64007
1533694084,46.640007
1533694090,46.639942
1533694095,46.639915
1533694101,46.639904
1533694107,46.639946
1533694117,46.6401
1533694123,46.640198
1533694128,46.64028
1533694133,46.640373
1533694139,46.64051
1533694149,46.640774
1533694154,46.6409
1533694160,46.641014
1533694165,46.641167
1533694171,46.641323
1533694177,46.641453
1533694183,46.641594
1533694188,46.64168
1533694194,46.641823
1533694199,46.641975
1533694205,46.64208
1533694211,46.642086
1533694216,46.64204
1533694221,46.641945
1533694227,46.64177
1533694233,46.64163
1533694239,46.64158
1533694245,46.641598
1533694250,46.64158
1533694256,46.64152
1533694262,46.64144
1533694268,46.641365
1533694274,46.641323
1533694280,46.64126
1533694286,46.64116
1533694291,46.64114
1533694297,46.64102
1533694302,46.640945
1533694308,46.64088
1533694314,46.6408
1533694320,46.640686
1533694326,46.6406
1533694332,46.640514
1533694337,46.640453
1533694343,46.640427
1533694348,46.640434
1533694354,46.640476
1533694359,46.64053
1533694365,46.640625
1533694371,46.64072
1533694376,46.640827
1533694381,46.640934
1533694386,46.640953
1533694392,46.641163
1533694398,46.641285
1533694404,46.641388
1533694410,46.6415
1533694416,46.641617
1533694422,46.641766
1533694428,46.641888
1533694433,46.641968
1533694439,46.64207
1533694445,46.642178
1533694451,46.6423
1533694456,46.642395
1533694461,46.642487
1533694472,46.64271
1533694478,46.64285
1533694484,46.643032
1533694490,46.64317
1533694496,46.64328
1533694502,46.643394
1533694508,46.643513
1533694514,46.64364
1533694520,46.643787
1533694526,46.64393
1533694532,46.644085
1533694537,46.6442
1533694542,46.644238
1533694548,46.644352
1533694554,46.644363
1533694560,46.64429
1533694565,46.644226
1533694571,46.644184
1533694576,46.64418
1533694581,46.644173
1533694586,46.64417
1533694598,46.64416
1533694603,46.64416
1533694609,46.64416
1533694615,46.644154
1533694621,46.64419
1533694626,46.64422
1533694632,46.644215
1533694638,46.64422
1533694644,46.64418
1533694650,46.644085
1533694656,46.64397
1533694662,46.64384
1533694668,46.643684
1533694674,46.6435
1533694679,46.64334
1533694685,46.64316
1533694690,46.642986
1533694696,46.642746
1533694701,46.642548
1533694706,46.64235
1533694712,46.64209
1533694718,46.641777
1533694724,46.641533
1533694730,46.641285
1533694736,46.641003
1533694742,46.64076
1533694748,46.640553
1533694760,46.640835
1533694766,46.641075
1533694772,46.64134
1533694778,46.64162
1533694783,46.64179
1533694789,46.641953
1533694794,46.64192
1533694800,46.641727
1533694806,46.6415
1533694812,46.641247
1533694818,46.641006
1533694824,46.640774
1533694830,46.640553
1533694836,46.64037
1533694842,46.640167
1533694848,46.64002
1533694853,46.639965
1533694858,46.64004
1533694864,46.6403
1533694869,46.64051
1533694875,46.640713
1533694881,46.640945
1533694887,46.64116
1533694893,46.641285
1533694898,46.641415
1533694904,46.641567
1533694910,46.641685
1533694922,46.64173
1533694927,46.641735
1533694933,46.641735
1533694938,46.641735
1533694944,46.641735
1533694950,46.641735
1533694956,46.641735
1533694962,46.64174
1533694968,46.64174
1533694974,46.64174
1533694980,46.64174
1533694986,46.641747
1533694991,46.641747
1533694997,46.64175
1533695002,46.641754
1533695008,46.641754
1533695013,46.641758
1533695018,46.641754
1533695024,46.641754
1533695029,46.641754
1533695035,46.641754
1533695041,46.641758
1533695046,46.64176
1533695051,46.64176
1533695057,46.64176
1533695062,46.64176
1533695067,46.64176
1533695072,46.64176
1533695078,46.641766
1533695083,46.641766
1533695089,46.641766
1533695095,46.641766
1533695100,46.64176
1533695105,46.64176
1533695111,46.64176
1533695116,46.64176
1533695122,46.64176
1533695127,46.64176
1533695132,46.64176
1533695138,46.64176
1533695144,46.64176
1533695150,46.64176
1533695155,46.641758
1533695161,46.641743
1533695167,46.641716
1533695173,46.64166
1533695178,46.641605
1533695183,46.64157
1533695189,46.641552
1533695194,46.64154
1533695200,46.64154
1533695211,46.64154
1533695217,46.64155
1533695222,46.641552
1533695228,46.64156
1533695234,46.641567
1533695240,46.641567
1533695246,46.641567
1533695251,46.64156
1533695257,46.641552
1533695263,46.64155
1533695268,46.64154
1533695274,46.64154
1533695279,46.64155
1533695285,46.64155
1533695291,46.64155
1533695297,34.641533
1533695308,34.64156
1533695313,34.641594
1533695319,34.6416
1533695325,34.641586
1533695331,34.64163
1533695336,34.64165
1533695341,34.641666
1533695347,34.641663
1533695352,34.64166
1533695358,34.64166
1533695364,34.641663
1533695369,34.64166
1533695375,34.64166
1533695380,34.64166
1533695386,34.64166
1533695392,34.64166
1533695398,34.641655
1533695403,34.641655
1533695409,34.641655
1533695415,34.641655
1533695421,34.641655
1533695426,34.641655
1533695431,34.641655
1533695437,34.641655
1533695442,34.641655
1533695448,34.641655
1533695454,34.641655
1533695460,34.641655
1533695465,34.641655
1533695470,34.641655
1533695476,34.641655
1533695482,34.641655
1533695487,34.641655
1533695493,34.641655
1533695498,34.641655
1533695504,34.641655
1533695509,34.641655
1533695515,34.64166
1533695520,34.64166
1533695526,34.641655
1533695531,34.641655
1533695537,34.64166
1533695543,34.6417
1533695549,34.64171
1533695555,34.6417
1533695561,34.641666
1533695567,34.641624
1533695572,34.641575
1533695578,34.641533
1533695583,34.641487
1533695595,34.64139
1533695601,34.641365
1533695607,34.641373
1533695613,34.64134
1533695618,34.6413
1533695624,34.641262
1533695630,34.64123
1533695635,34.6412
1533695641,34.64115
1533695646,34.641132
1533695652,34.641094
1533695658,34.641033
1533695664,34.64098
1533695670,34.640915
1533695676,34.640846
1533695681,34.640793
1533695686,34.64073
1533695692,34.640656
1533695698,34.64055
1533695704,34.640465
1533695710,34.640377
1533695715,34.640305
1533695721,34.64022
1533695727,34.640133
1533695733,34.640053
1533695739,34.639973
1533695745,34.639877
1533695750,34.63982
1533695756,34.639835
1533695762,34.6399
1533695767,34.639973
1533695773,34.640034
1533695779,34.640106
1533695785,34.640194
1533695790,34.640255
1533695795,34.640327
1533695800,34.640396
1533695806,34.640465
1533695811,34.64052
1533695817,34.640514
1533695822,34.640514
1533695828,34.64049
1533695834,34.640488
1533695839,34.640503
1533695845,34.640533
1533695850,34.640526
1533695856,34.640533
1533695861,34.640537
1533695867,34.64054
1533695872,34.64054
1533695878,34.640537
1533695883,34.64054
1533695888,34.64054
1533695894,34.64054
1533695900,34.64052
1533695905,34.64049
1533695911,34.64046
1533695916,34.64042
1533695922,34.640354
1533695928,34.64024
1533695934,34.640175
1533695940,34.640106
1533695945,34.640026
1533695950,34.640007
1533695956,34.640015
1533695961,34.640015
1533695967,34.64002
1533695973,34.64002
1533695979,34.640022
1533695984,34.640015
1533695990,34.63991
1533695996,34.639904
1533696002,34.64006
1533696008,34.640278
1533696014,34.64052
1533696019,34.640705
1533696024,34.64089
1533696030,34.641106
1533696035,34.641216
1533696041,34.641308
1533696046,34.64147
1533696052,34.641632
1533696058,34.641655
1533696064,34.641655
1533696069,34.641655
1533696074,34.641655
1533696080,34.64166
1533696086,34.64166
1533696092,34.64166
1533696098,34.64166
1533696104,34.64166
1533696110,34.64166
1533696116,34.64166
1533696122,34.64166
1533696128,34.64166
1533696133,34.64166
1533696138,34.641655
1533696144,34.641655
1533696150,34.641647
1533696156,34.641655
1533696161,34.641655
1533696167,34.641655
1533696172,34.641655
1533696178,34.641655
1533696184,34.641655
1533696189,34.641644
1533696194,34.64163
1533696200,34.64171
1533696206,34.641754
1533696211,34.641743
1533696217,34.641693
1533696223,34.64164
1533696229,34.641586
1533696235,34.641586
1533696240,34.641563
1533696245,34.641552
1533696250,34.641556
1533696256,34.641552
1533696261,34.641556
1533696266,34.641552
1533696272,34.641556
1533696277,34.64156
1533696282,34.64156
1533696288,34.64156
1533696293,34.641567
1533696299,34.641563
1533696304,34.641563
1533696310,34.64156
1533696316,34.64156
1533696322,34.64156
1533696328,34.641552
1533696334,34.641552
1533696340,34.641552
1533696346,34.641544
1533696351,34.641544
1533696357,34.64155
1533696363,34.6416
1533696369,34.6416
1533696375,34.641575
1533696381,34.64156
1533696387,34.641552
1533696392,34.641552
1533696398,34.641552
1533696404,34.64156
1533696410,34.641563
1533696416,34.641563
1533696422,34.641567
1533696428,34.641567
1533696433,34.641575
1533696440,34.641567
1533696445,34.641563
1533696451,34.641556
1533696463,34.64155
1533696468,34.64155
1533696474,34.64155
1533696479,34.64155
1533696485,34.64155
1533696491,34.64155
1533696496,34.64155
1533696502,34.64155
1533696508,34.64155
1533696514,34.64155
1533696519,34.64155
1533696525,34.64158
1533696530,34.641617
1533696536,34.641632
1533696541,34.641632
1533696546,34.641636
1533696552,34.641617
1533696557,34.64158
1533696563,34.641518
1533696569,34.641434
1533696575,34.641365
1533696581,34.641327
1533696586,34.64131
1533696591,34.641273
1533696596,34.64122
1533696602,34.641167
1533696608,34.64112
1533696614,34.641068
1533696619,34.641006
1533696625,34.64097
1533696630,34.64092
1533696636,34.64086
1533696642,34.640797
1533696647,34.640728
1533696653,34.64064
1533696659,34.64057
1533696665,34.64048
1533696670,34.64038
1533696676,34.640293
1533696687,34.640133
1533696693,34.640034
1533696698,34.639973
1533696704,34.639908
1533696709,34.639847
1533696714,34.63986
1533696719,34.639893
1533696725,34.639954
1533696731,34.640022
1533696736,34.64009
1533696742,34.640205
1533696747,34.640266
1533696752,34.640263
1533696758,34.6403
1533696763,34.640354
1533696769,34.640392
1533696775,34.640446
1533696780,34.640453
1533696785,34.64044
1533696790,34.640415
1533696796,34.640396
1533696802,34.640427
1533696807,34.640457
1533696813,34.640484
1533696819,34.640503
1533696824,34.640514
1533696829,34.640514
1533696835,34.640514
1533696841,34.64051
1533696846,34.640507
1533696852,34.640503
1533696858,34.640507
1533696864,34.640514
1533696869,34.640503
1533696875,34.64048
1533696880,34.640472
1533696886,34.640434
1533696891,34.640415
1533696897,34.640415
1533696902,34.640366
1533696907,34.640274
1533696913,34.640152
1533696918,34.640045
1533696923,34.639935
1533696929,34.63986
1533696935,34.639946
1533696940,34.640053
1533696946,34.640232
1533696951,34.640415
1533696956,34.64061
1533696962,34.640793
1533696968,34.64097
1533696974,34.641125
1533696980,34.64128
1533696986,34.64146
1533696991,34.641632
1533696996,34.64171
1533697002,34.64171
1533697008,34.641747
1533697014,34.641735
1533697020,34.641727
1533697026,34.64171
1533697031,34.641712
1533697037,34.64171
1533697043,34.64171
1533697048,34.641727
1533697054,34.641735
1533697060,34.641735
1533697066,34.64174
1533697072,34.64175
1533697078,34.64176
1533697084,34.641758
1533697089,34.641754
1533697095,34.641754
1533697101,34.641754
1533697107,34.641747
1533697113,34.64174
1533697118,34.641735
1533697124,34.64173
1533697129,34.641727
1533697135,34.641735
1533697140,34.641735
1533697146,34.641747
1533697152,34.641743
1533697158,34.641743
1533697164,34.641747
1533697170,34.64174
1533697176,34.64174
1533697181,34.641735
1533697186,34.641727
1533697192,34.641716
1533697197,34.641716
1533697202,34.659668
1533697208,34.65935
1533697213,34.65914
1533697219,34.658936
1533697225,34.658794
1533697231,34.658676
1533697236,34.658573
1533697242,34.658474
1533697248,34.65836
1533697253,34.658268
1533697259,34.65814
1533697264,34.658016
1533697270,34.6579
1533697275,34.657806
1533697280,34.65782
1533697286,34.657887
1533697292,34.65793
1533697298,34.65793
1533697304,34.65793
1533697310,34.65793
1533697316,34.65793
1533697322,34.65793
1533697328,34.65793
1533697334,34.65793
1533697340,34.657917
1533697346,34.657955
1533697352,34.658066
1533697358,34.658237
1533697364,34.658413
1533697370,34.658607
1533697376,34.658848
1533697382,34.65913
1533697388,34.659363
1533697394,34.65956
1533697400,34.65978
1533697406,34.660007
1533697412,34.660152
1533697417,34.660206
1533697423,34.660374
1533697428,34.66056
1533697434,34.660748
1533697439,34.660915
1533697445,34.661144
1533697451,34.66136
1533697456,34.661533
1533697462,34.661724
1533697473,34.661934
1533697479,34.66204
1533697484,34.66208
1533697490,34.662056
1533697496,34.662006
1533697536,34.662094
1533697542,34.66186
1533697548,34.6616
1533697553,34.661392
1533697558,34.661232
1533697564,34.66098
1533697570,34.66074
1533697576,34.66058
1533697581,34.660473
1533697587,34.660492
1533697592,34.660492
1533697598,34.660496
1533697604,34.660538
1533697610,34.6606
1533697615,38.6606
1533697621,38.660595
1533697626,38.660583
1533697631,38.66057
1533697638,38.660526
1533697643,38.660378
1533697649,38.660233
1533697654,38.66018
1533697660,38.660183
1533697666,38.66018
1533697672,38.66018
1533697684,38.66025
1533697689,38.660275
1533697695,38.66028
1533697700,38.660225
1533697706,38.66006
1533697712,38.65993
1533697718,38.65998
1533697724,38.66003
1533697730,38.660034
1533697736,38.66003
1533697742,38.66003
1533697747,38.660027
1533697753,38.660027
1533697759,38.660027
1533697764,38.660027
1533697770,38.660027
1533697775,38.660027
1533697781,38.660027
1533697787,38.660027
1533697792,38.660027
1533697797,38.660027
1533697802,38.660027
1533697808,38.660027
1533697814,38.660027
1533697820,38.660027
1533697825,38.660027
1533697831,38.660027
1533697836,38.660027
1533697842,38.660027
1533697848,38.660027
1533697853,38.660027
1533697859,38.660027
1533697865,38.660027
1533697871,38.660027
1533697877,38.660027
1533697883,38.660027
1533697889,38.660027
1533697895,38.660027
1533697900,38.660027
1533697905,38.660027
1533697910,38.660027
1533697916,38.660027
1533697922,38.660027
1533697928,38.660027
1533697934,38.660027
1533697939,38.660027
1533697945,38.660027
1533697957,38.660027
1533697963,38.660027
1533697969,38.660027
1533697975,38.660027
1533697981,38.660027
1533697986,38.660023
1533697992,38.660023
1533697998,38.660023
1533698004,38.660023
1533698009,38.660023
1533698015,38.660023
1533698020,38.660027
1533698025,38.660046
1533698030,38.66009
1533698036,38.660187
1533698042,38.66034
1533698054,38.66068
1533698060,38.66086
1533698066,38.66107
1533698071,38.661232
1533698077,38.66142
1533698083,38.6616
1533698089,38.661785
1533698095,38.661945
1533698100,38.66204
1533698106,38.66208
1533698112,38.662056
1533698117,38.66204
1533698122,38.66202
1533698128,38.661995
1533698133,38.661972
1533698139,38.661926
1533698149,38.661854
1533698155,38.66186
1533698160,38.661915
1533698165,38.662
1533698171,38.6621
1533698177,38.66212
1533698183,38.66206
1533698189,38.662003
1533698195,38.661934
1533698201,38.66189
1533698206,38.66184
1533698242,38.66114
1533698247,38.66099
1533698252,38.66082
1533698258,38.6606
1533698263,38.660324
1533698268,38.66007
1533698308,38.658592
1533698314,38.65848
1533698320,38.65836
1533698325,38.658253
1533698331,38.65806
1533698336,38.657932
1533698341,38.65782
1533698347,38.65776
1533698353,38.657825
1533698358,38.657898
1533698364,38.65794
1533698369,38.657944
1533698374,38.657948
1533698380,38.657948
1533698385,38.657948
1533698391,38.657948
1533698396,38.657948
1533698402,38.657944
1533698408,38.657944
1533698414,38.65803
1533698419,38.658146
1533698424,38.65828
1533698430,38.65848
1533698436,38.6587
1533698442,38.658924
1533698448,38.659096
1533698453,38.659393
1533698459,38.659603
1533698465,38.659824
1533698471,38.660034
1533698476,38.660122
1533698482,38.660107
1533698487,38.660107
1533698493,38.660107
1533698498,38.6602
1533698504,38.660465
1533698509,38.660675
1533698515,38.66093
1533698521,38.6612
1533698526,38.66142
1533698532,38.6617
1533698537,38.661808
1533698543,38.66191
1533698549,38.66202
1533698554,38.66202
1533698598,38.661255
1533698604,38.660946
1533698609,38.66068
1533698615,38.66047
1533698620,38.660385
1533698626,38.66047
1533698631,38.6605
1533698637,38.660515
1533698643,38.660507
1533698649,38.660507
1533698655,38.660507
1533698661,38.660507
1533698667,38.660507
1533698672,38.660507
1533698677,38.660507
1533698683,38.660507
1533698695,38.660507
1533698701,38.660507
1533698706,38.660507
1533698712,38.660507
1533698718,38.660507
1533698724,38.660507
1533698729,38.660507
1533698734,38.660507
1533698740,38.660507
1533698746,38.660507
1533698752,38.660507
1533698758,38.660507
1533698764,38.660507
1533698770,38.660507
1533698775,38.660507
1533698781,38.660507
1533698787,38.660515
1533698792,38.660587
1533698798,38.660652
1533698804,38.660633
1533698809,38.66061
1533698815,38.660595
1533698820,38.660587
1533698826,38.660583
1533698832,38.660583
1533698838,38.660583
1533698844,38.660583
1533698849,38.660583
1533698854,38.660583
1533698860,38.660583
1533698866,38.660583
1533698871,38.660583
1533698876,38.660583
1533698888,38.660583
1533698893,38.660583
1533698899,38.660583
1533698905,38.660583
1533698910,38.660583
1533698915,38.660583
1533698920,38.660583
1533698926,38.660583
1533698932,38.660583
1533698938,38.660583
1533698944,38.660583
1533698950,38.660583
1533698955,38.660583
1533698961,38.660583
1533698966,38.660583
1533698971,38.660583
1533698977,38.660583
1533698983,38.660583
1533698988,38.660583
1533698994,38.660583
1533698999,38.660583
1533699004,38.660583
1533699010,38.660583
1533699016,38.660583
1533699022,38.660583
1533699028,38.660583
1533699033,38.660583
1533699038,38.660583
1533699043,38.660583
1533699049,38.660583
1533699055,38.660583
1533699061,38.660583
1533699067,38.660583
1533699078,38.660583
1533699083,38.660583
1533699089,38.660583
1533699094,38.660583
1533699100,38.660583
1533699105,38.660583
1533699111,38.660583
1533699117,38.660583
1533699123,38.660583
1533699128,38.660583
1533699133,38.660583
1533699138,38.660583
1533699143,38.660583
1533699149,38.660583
1533699155,38.660583
1533699160,38.660583
1533699166,38.660583
1533699171,38.660583
1533699176,38.660583
1533699182,38.660583
1533699187,38.660583
1533699193,38.660583
1533699199,38.660583
1533699205,38.660583
1533699210,38.660583
1533699216,38.660583
1533699222,38.660583
1533699228,38.660583
1533699233,38.660583
1533699239,38.660583
1533699245,38.660583
1533699250,38.660583
1533699256,38.660583
1533699261,38.660583
1533699266,38.6606
1533699272,38.660637
1533699277,38.660675
1533699283,38.660767
1533699289,38.6609
1533699295,38.661045
1533699300,38.661205
1533699306,38.661358
1533699312,38.661484
1533699318,38.661633
1533699323,38.661728
1533699334,38.661938
1533699339,38.662018
1533699345,38.662067
1533699350,38.662086
1533699356,38.66208
1533699362,38.66206
1533699368,38.662033
1533699373,38.662
1533699379,38.661953
1533699385,38.661892
1533699390,38.66188
1533699395,38.661865
1533699401,38.66192
1533699406,38.662003
1533699412,38.6621
1533699417,38.66213
1533699423,38.662086
1533699428,38.66205
1533699434,38.661995
1533699439,38.661945
1533699445,38.661892
1533699450,38.661808
1533699456,38.661705
1533699462,38.66158
1533699467,38.66147
1533699472,38.661354
1533699479,38.661148
1533699484,38.660946
1533699524,38.65894
1533699530,38.658768
1533699536,38.65862
1533699542,38.658485
1533699548,38.65838
1533699554,38.65827
1533699559,38.658146
1533699565,38.657986
1533699571,38.65788
1533699576,38.657784
1533699581,38.65774
1533699587,38.657764
1533699592,38.65777
1533699597,38.657772
1533699602,38.65782
1533699607,38.657875
1533699613,38.657875
1533699618,38.657913
1533699623,38.65791
1533699629,38.657906
1533699634,38.65791
1533699640,38.65791
1533699646,38.65791
1533699651,38.65791
1533699657,38.65791
1533699663,38.657925
1533699668,38.657993
1533699674,38.65811
1533699680,38.6583
1533699685,38.658478
1533699691,38.658695
1533699697,38.658993
1533699703,38.659317
1533699709,38.659565
1533699721,38.66006
1533699726,38.66017
1533699732,38.66019
1533699737,38.660347
1533699742,38.660347
1533699848,38.65415
1533699854,38.654144
1533699859,38.654007
1533699865,38.653812
1533699871,38.65362
1533699877,38.65346
1533699883,38.65318
1533699888,38.652847
1533699894,38.652348
1533699900,38.651825
1533699906,38.651375
1533699973,38.64598
1533699979,38.645794
1533699985,38.64574
1533699991,38.6458
1533699996,38.645874
1533700001,38.645916
1533700007,38.64603
1533700012,38.646126
1533700018,38.646236
1533700024,38.646313
1533700030,38.64633
1533700035,38.64608
1533700040,38.64572
1533700046,38.645405
1533700052,38.64512
1533700057,38.644928
1533700063,38.644714
1533700069,38.644512
1533700074,38.644127
1533700079,38.643833
1533700085,38.643486
1533700091,38.643127
1533700096,38.64279
1533700102,38.64237
1533700107,38.64202
1533700112,38.64202
1533700118,38.641293
1533700123,38.641052
1533700141,38.640568
1533700147,38.640545
1533700153,38.64058
1533700158,38.640697
1533700164,38.640835
1533700169,38.64089
1533700175,38.64108
1533700181,38.641327
1533700186,38.641525
1533697202,38.64172
1533697207,38.641716
1533697213,38.64172
1533697219,38.641724
1533697225,38.641712
1533697230,38.641712
1533697236,38.64169
1533697242,38.641666
1533697247,38.641567
1533697253,38.641567
1533697258,38.64154
1533697264,38.64158
1533697269,38.641594
1533697275,38.6416
1533697280,38.64162
1533697286,38.64163
1533697292,38.6416
1533697298,38.641586
1533697303,38.64159
1533697309,38.641586
1533697314,38.64158
1533697320,38.64158
1533697326,38.641582
1533697332,38.6416
1533697338,38.641594
1533697343,38.6416
1533697349,38.6416
1533697355,38.6416
1533697361,38.641605
1533697367,38.641605
1533697372,38.641605
1533697378,38.641605
1533697384,38.6416
1533697390,38.641598
1533697396,38.641594
1533697401,38.64159
1533697407,38.641586
1533697412,38.64158
1533697418,38.64158
1533697423,38.641575
1533697428,38.641575
1533697434,38.641575
1533697440,38.64158
1533697446,38.641586
1533697452,38.64159
1533697457,38.6416
1533697463,38.64162
1533697469,38.641647
1533697475,38.641655
1533697487,38.641605
1533697493,38.641552
1533697499,38.6415
1533697505,38.64147
1533697511,38.641415
1533697517,38.64137
1533697523,38.641335
1533697528,38.641285
1533697534,38.641228
1533697540,38.641186
1533697546,38.64113
1533697552,38.641068
1533697558,38.64099
1533697564,38.64091
1533697569,38.64084
1533697575,38.64077
1533697580,38.640705
1533697585,38.64063
1533697591,38.640537
1533697597,38.64042
1533697603,38.6403
1533697609,38.64018
1533697614,38.64009
1533697620,38.63999
1533697625,38.639927
1533697631,38.63982
1533697637,38.639828
1533697649,38.64
1533697655,38.6401
1533697660,38.640167
1533697666,38.640274
1533697671,38.640373
1533697677,38.640423
1533697682,38.640472
1533697688,38.640533
1533697694,38.640553
1533697699,38.640564
1533697705,38.640568
1533697711,38.640533
1533697716,38.640514
1533697722,38.64048
1533697728,38.640465
1533697734,38.64048
1533697739,38.640507
1533697745,38.64051
1533697751,38.640507
1533697756,38.640507
1533697762,38.6405
1533697768,38.6405
1533697774,38.64049
1533697779,38.64048
1533697785,38.64048
1533697790,38.64044
1533697795,38.64039
1533697801,38.640347
1533697807,38.64028
1533697812,38.64018
1533697817,38.640053
1533697822,38.639923
1533697828,38.639854
1533697833,38.63998
1533697838,38.64017
1533697844,38.64039
1533697850,38.6406
1533697856,38.640812
1533697861,38.640995
1533697867,38.64115
1533697873,38.641262
1533697879,38.64136
1533697885,38.64146
1533697891,38.64152
1533697897,38.641556
1533697902,38.641563
1533697908,38.64156
1533697913,38.64156
1533697919,38.64154
1533697925,38.641544
1533697930,38.64154
1533697936,38.64154
1533697941,38.64155
1533697947,38.641552
1533697953,38.64156
1533697959,38.641567
1533697970,38.641575
1533697976,38.64158
1533697982,38.64158
1533697988,38.641586
1533697993,38.64159
1533697999,38.641594
1533698005,38.641594
1533698011,38.641594
1533698017,38.641594
1533698022,38.641594
1533698028,38.641594
1533698033,38.641594
1533698039,38.641594
1533698044,38.641594
1533698049,38.641594
1533698055,38.641594
1533698061,38.641594
1533698067,38.641594
1533698072,38.641594
1533698078,38.641594
1533698084,38.641594
1533698090,38.641594
1533698095,38.641594
1533698101,38.641594
1533698106,38.641594
1533698112,38.641594
1533698118,38.641594
1533698124,38.641594
1533698129,38.641594
1533698135,38.641594
1533698140,38.641594
1533698146,38.641594
1533698152,38.641594
1533698158,38.641598
1533698163,38.641598
1533698169,38.641598
1533698175,38.641613
1533698181,38.64163
1533698186,38.64163
1533698192,38.641575
1533698198,38.641632
1533698203,38.641586
1533698209,38.641594
1533698215,38.641636
1533698226,38.6416
1533698231,38.641575
1533698237,38.641552
1533698243,38.64156
1533698248,38.64156
1533698254,38.64156
1533698260,38.64156
1533698265,38.64156
1533698270,38.64156
1533698276,38.641556
1533698282,38.641552
1533698287,38.641552
1533698293,38.641552
1533698299,38.64156
1533698304,38.641556
1533698309,38.64155
1533698315,38.64155
1533698321,38.64155
1533698327,38.64155
1533698333,38.64154
1533698338,38.641537
1533698343,38.64154
1533698349,38.64154
1533698354,38.64154
1533698360,38.641533
1533698365,38.64154
1533698371,38.64154
1533698377,38.641552
1533698382,38.64155
1533698387,38.64155
1533698393,38.64156
1533698398,38.641575
1533698404,38.64158
1533698410,38.641552
1533698416,38.64152
1533698421,38.641495
1533698427,38.641453
1533698433,38.641434
1533698438,38.64142
1533698443,38.641403
1533698449,38.64138
1533698454,38.64136
1533698460,38.64136
1533698466,38.641346
1533698471,38.64132
1533698477,38.64126
1533698482,38.641212
1533698487,38.64118
1533698493,38.641148
1533698499,38.64112
1533698505,38.641087
1533698510,38.64106
1533698516,38.64102
1533698522,38.640976
1533698527,38.64094
1533698533,38.640892
1533698538,38.640804
1533698544,38.640755
1533698549,38.640728
1533698555,38.640663
1533698561,38.640606
1533698567,38.64054
1533698572,38.64044
1533698577,38.640373
1533698583,38.64025
1533698589,38.640137
1533698595,38.640034
1533698601,38.63992
1533698606,38.639847
1533698611,38.639854
1533698617,38.639927
1533698623,38.640045
1533698629,38.640175
1533698634,38.640297
1533698640,38.640408
1533698646,38.640507
1533698652,38.640507
1533698657,38.640457
1533698663,38.640434
1533698668,38.640476
1533698674,38.640526
1533698680,38.640522
1533698686,38.640522
1533698691,38.64053
1533698696,38.640526
1533698701,38.640526
1533698707,38.640526
1533698712,38.64053
1533698718,38.640537
1533698723,38.64054
1533698728,38.640533
1533698739,38.640415
1533698745,38.640327
1533698750,38.640205
1533698756,38.64004
1533698762,38.63996
1533698767,38.63998
1533698773,38.63995
1533698778,38.63988
1533698784,38.639862
1533698789,38.639954
1533698795,38.640106
1533698801,38.64025
1533698807,38.640488
1533698812,38.640663
1533698818,38.640846
1533698823,38.64101
1533698828,38.64112
1533698834,38.641155
1533698839,38.64117
1533698845,38.641293
1533698851,38.641403
1533698856,38.6415
1533698868,38.64153
1533698874,38.641533
1533698880,38.641533
1533698886,38.641533
1533698892,38.641533
1533698897,38.641533
1533698902,38.641533
1533698907,38.641533
1533698913,38.641533
1533698918,38.641533
1533698924,38.641533
1533698930,38.641533
1533698935,38.641533
1533698941,38.641533
1533698947,38.641575
1533698953,38.64162
1533698959,38.641594
1533698965,38.641575
1533698970,38.64157
1533698975,38.641552
1533698981,38.64155
1533698987,38.64155
1533698993,38.641552
1533698998,38.64156
1533699004,38.641567
1533699010,38.641575
1533699015,38.641567
1533699021,38.641567
1533699027,38.64155
1533699033,38.641537
1533699038,38.641525
1533699044,38.64152
1533699050,38.64152
1533699056,38.641518
1533699061,38.64152
1533699066,38.641525
1533699071,38.64153
1533699077,38.64153
1533699083,38.64153
1533699089,38.64152
1533699095,38.64152
1533699101,38.64152
1533699107,38.64152
1533699112,38.64154
1533699124,38.641594
1533699129,38.64159
1533699135,38.641575
1533699141,38.641537
1533699147,38.64152
1533699152,38.641487
1533699157,38.641453
1533699162,38.64142
1533699168,38.64136
1533699174,38.64132
1533699179,38.641273
1533699184,38.641224
1533699190,38.64118
1533699195,38.64114
1533699201,38.6411
1533699207,38.641068
1533699212,38.641045
1533699218,38.640953
1533699223,38.640873
1533699229,38.6408
1533699235,38.640667
1533699241,38.64056
1533699247,38.640488
1533699253,38.64036
1533699258,38.640247
1533699264,38.640144
1533699269,38.640053
1533699275,38.639965
1533699280,38.63991
1533699286,38.639885
1533699292,38.63994
1533699298,38.64004
1533699303,38.64015
1533699309,38.640274
1533699315,38.64042
1533699321,38.640568
1533699326,38.64068
1533699332,38.640785
1533699337,38.640865
1533699343,38.64098
1533699348,38.641094
1533699354,38.64123
1533699359,38.64134
1533699365,38.64147
1533699370,38.641575
1533699375,38.6417
1533699380,38.64182
1533699386,38.641945
1533699391,38.642025
1533699397,38.642075
1533699402,38.64208
1533699408,38.642017
1533699414,38.641907
1533699419,38.641796
1533699425,38.641693
1533699430,38.641605
1533699436,38.64149
1533699441,38.64139
1533699447,38.64126
1533699453,38.641148
1533699459,38.64105
1533699465,38.640934
1533699470,38.64086
1533699475,38.640785
1533699481,38.640686
1533699486,38.640633
1533699491,38.640568
1533699496,38.640465
1533699502,38.640434
1533699508,38.640488
1533699514,38.640564
1533699520,38.64068
1533699525,38.64077
1533699531,38.640896
1533699537,38.64102
1533699543,38.641148
1533699549,38.64126
1533699555,38.64136
1533699561,38.64147
1533699566,38.641575
1533699571,38.64168
1533699576,38.64179
1533699582,38.641907
1533699587,38.642006
1533699593,38.642124
1533699604,38.642326
1533699610,38.642433
1533699616,38.642563
1533699622,38.642696
1533699627,38.64281
1533699633,38.642944
1533699639,38.64308
1533699645,38.643192
1533699651,38.643307
1533699657,38.643433
1533699663,38.643528
1533699669,38.643604
1533699675,38.64368
1533699681,38.64377
1533699687,38.643852
1533699693,38.64392
1533699699,38.644005
1533699704,38.644093
1533699710,38.644215
1533699715,38.644283
1533699721,38.644325
1533699727,38.644352
1533699732,38.644337
1533699738,38.644253
1533699744,38.644215
1533699749,38.644203
1533699755,38.644203
1533699767,38.644207
1533699772,38.644207
1533699778,38.644215
1533699784,38.644215
1533699789,38.644215
1533699795,38.644238
1533699800,38.6443
1533699805,38.644325
1533699811,38.644295
1533699816,38.644226
1533699822,38.644188
1533699828,38.644154
1533699833,38.644123
1533699838,38.644108
1533699844,38.644066
1533699850,38.644028
1533699856,38.64398
1533699862,38.643955
1533699868,38.64392
1533699874,38.64391
1533699879,38.643906
1533699885,38.6439
1533699890,38.6439
1533699895,38.6439
1533699901,38.643898
1533699906,38.643894
1533699912,38.643898
1533699918,38.6439
1533699924,38.643898
1533699929,38.643898
1533699934,38.643898
1533699940,38.643898
1533699946,38.643894
1533699952,38.643894
1533699957,38.643894
1533699963,38.643894
1533699968,38.643894
1533699974,38.643894
1533699980,38.643894
1533699986,38.643894
1533699992,38.643894
1533699997,38.643894
1533700003,38.643894
1533700009,38.643894
1533700015,38.643894
1533700020,38.643894
1533700026,38.643894
1533700031,38.643894
1533700037,38.643894
1533700042,38.643894
1533700048,38.643894
1533700053,38.643894
1533700059,38.6439
1533700064,38.643883
1533700070,38.64385
1533700076,38.643787
1533700082,38.64378
1533700088,38.643917
1533700093,38.644054
1533700099,38.644222
1533700104,38.64437
1533700110,38.644512
1533700115,38.644596
1533700121,38.644653
1533700126,38.644608
1533700132,38.64448
1533700137,38.6444
1533700143,38.64432
1533700148,38.64426
1533700154,38.64419
1533700160,38.6441
1533700166,38.644012
1533700172,38.64393
1533700177,38.643867
1533700183,38.643852
1533700189,38.643948
1533700194,38.644066
1533700200,38.644253
1533700205,38.644432
1533700211,38.644608
1533700216,38.64469
1533700221,38.644665
1533700227,38.644474
1533700233,38.644154
1533700239,38.64383
1533700245,38.643505
1533700250,38.64321
1533700256,38.642853
1533700262,38.64252
1533700267,38.642216
1533700272,38.641914
1533700278,38.641567
1533700284,38.64121
1533700290,38.64086
1533700296,38.640614
1533700302,38.640594
1533700307,38.640682
1533700313,38.64088
1533700319,38.64112
1533700324,38.64126
1533700329,38.6414
1533700335,38.641426
1533700340,38.641434
1533700346,38.64142
1533700352,38.641422
1533700358,38.641415
1533700364,38.641415
1533700369,38.641415
1533700375,38.64142
1533700380,38.64142
1533710371,38.64128
1533710376,38.6413
1533710381,38.641346
1533710386,38.64136
1533710392,38.641373
1533710401,40.641308
1533710406,40.64131
1533710411,40.64131
1533710417,40.64131
1533710422,40.64131
1533710428,40.64132
1533710433,40.64132
1533710439,40.64132
1533710444,40.641323
1533710450,40.641327
1533710456,40.641327
1533710462,40.641327
1533710467,40.641327
1533710472,40.641327
1533710478,40.641327
1533710483,40.64131
1533710489,40.641293
1533710495,40.64127
1533710500,40.641254
1533710506,40.641174
1533710511,40.64111
1533710516,40.64104
1533710528,40.640892
1533710533,40.640835
1533710539,40.64077
1533710545,40.6407
1533710551,40.640636
1533710556,40.64059
1533710562,40.640545
1533710567,40.64052
1533710572,40.64049
1533710578,40.64049
1533710584,40.64052
1533710590,40.640575
1533710596,40.640713
1533710601,40.640877
1533710607,40.641087
1533710613,40.641308
1533710619,40.6415
1533710625,40.64168
1533710630,40.641815
1533710636,40.642006
1533710641,40.642185
1533710647,40.64245
1533710652,40.64266
1533710658,40.642914
1533710663,40.643112
1533710669,40.64336
1533710674,40.643555
1533710679,40.643818
1533710685,40.644173
1533710690,40.64444
1533710696,40.644814
1533710701,40.645164
1533710707,40.645607
1533710713,40.6461
1533710719,40.64631
1533710725,40.646282
1533710731,40.646233
1533710737,40.646164
1533710743,40.64612
1533710749,40.646015
1533710755,40.645912
1533710761,40.64583
1533710767,40.645706
1533710773,40.645782
1533710779,40.646076
1533710785,40.64638
1533710791,40.646717
1533710797,40.647068
1533710803,40.647434
1533710809,40.647755
1533710815,40.64802
1533710821,40.648365
1533710831,40.649075
1533710837,40.649628
1533710843,40.650215
1533710849,40.65079
1533710855,40.65138
1533710861,40.652008
1533710867,40.652576
1533710873,40.653145
1533710879,40.653625
1533710884,40.653976
1533710890,40.654434
1533710896,40.654827
1533710902,40.655186
1533710907,40.655506
1533710913,40.6559
1533710918,40.65619
1533710923,40.656433
1533710929,40.65671
1533710935,40.656967
1533710941,40.65724
1533710953,40.657894
1533710959,40.65822
1533710965,40.65848
1533710971,40.65848
1533710977,40.65848
1533710983,40.65848
1533710989,40.6586
1533710995,40.658623
1533711001,40.658623
1533711006,40.658623
1533711012,40.658627
1533711018,40.658714
1533711024,40.658806
1533711030,40.658806
1533711035,40.658806
1533711041,40.658806
1533711046,40.658806
1533711052,40.658806
1533711057,40.658806
1533711063,40.658806
1533711073,40.658806
1533711079,40.658806
1533711085,40.658806
1533711091,40.658806
1533711097,40.658806
1533711102,40.65888
1533711108,40.658905
1533711113,40.658905
1533711119,40.658905
1533711125,40.658905
1533711130,40.658905
1533711135,40.658905
1533711141,40.658905
1533711146,40.658905
1533711151,40.658905
1533711157,40.658905
1533711163,40.658905
1533711169,40.658905
1533711175,40.658905
1533711181,40.658905
1533711187,40.658905
1533711193,40.658905
1533711199,40.658905
1533711205,40.658905
1533711210,40.658905
1533711216,40.658905
1533711221,40.658905
1533711226,40.658905
1533711232,40.658905
1533711238,40.658905
1533711243,40.658905
1533711249,40.658905
1533711255,40.658905
1533711261,40.658905
1533711267,40.658905
1533711273,40.658905
1533711279,40.658905
1533711285,40.658905
1533711291,40.658905
1533711297,40.658905
1533711303,40.658905
1533711309,40.658905
1533711314,40.658905
1533711319,40.658905
1533711325,40.658905
1533711331,40.658905
1533711337,40.658905
1533711343,40.658905
1533711349,40.658905
1533711355,40.658905
1533711361,40.658905
1533711367,40.658905
1533711373,40.658905
1533711379,40.658905
1533711385,40.658905
1533711391,40.658905
1533711397,40.658905
1533711403,40.658905
1533711409,40.658905
1533711415,40.658905
1533711421,40.658913
1533711427,40.658966
1533711433,40.659073
1533711439,40.659187
1533711445,40.65933
1533711450,40.65933
1533711456,40.65958
1533711462,40.65967
1533711467,40.65975
1533711473,40.65975
1533711479,40.65975
1533711485,40.65975
1533711491,40.65975
1533711496,40.65975
1533711502,40.659756
1533711508,40.659756
1533711513,40.659756
1533711518,40.659756
1533711523,40.659756
1533711529,40.65975
1533711534,40.65975
1533711540,40.65975
1533711545,40.65975
1533711551,40.65975
1533711556,40.65975
1533711561,40.65975
1533711567,40.65975
1533711572,40.65975
1533711577,40.65975
1533711583,40.65975
1533711589,40.65975
1533711595,40.65975
1533709509,40.641525
1533709515,40.64148
1533709521,40.641525
1533709527,40.64155
1533709532,40.64145
1533709538,40.64147
1533709543,40.64147
1533709549,40.64148
1533709555,40.641487
1533709560,40.6415
1533709566,40.641514
1533709572,40.641506
1533709578,40.641506
1533709584,40.6415
1533709590,40.6415
1533709596,40.641502
1533709602,40.64151
1533709607,40.641506
1533709613,40.6415
1533709619,40.641514
1533709624,40.641514
1533709630,40.641514
1533709635,40.641514
1533709641,40.641514
1533709646,40.641514
1533709651,40.64151
1533709656,40.641506
1533709662,40.641506
1533709668,40.641506
1533709674,40.641502
1533709680,40.6415
1533709686,40.6415
1533709691,40.6415
1533709703,40.641506
1533709708,40.641506
1533709714,40.641506
1533709720,40.641506
1533709725,40.641506
1533709731,40.64154
1533709736,40.64156
1533709741,40.64158
1533709747,40.64158
1533709752,40.64158
1533709758,40.64158
1533709763,40.64158
1533709769,40.64158
1533709775,40.64158
1533709781,40.641575
1533709786,40.641567
1533709791,40.641567
1533709796,40.64157
1533709801,40.64157
1533709807,40.64157
1533709812,40.64157
1533709818,40.64157
1533709824,40.64157
1533709830,40.64157
1533709835,40.64157
1533709841,40.64157
1533709846,40.64157
1533709852,40.64157
1533709863,40.64157
1533709868,40.64157
1533709874,40.64157
1533709880,40.64157
1533709886,40.64157
1533709891,40.64157
1533709897,40.641567
1533709903,40.641567
1533709908,40.641567
1533709913,40.641567
1533709919,40.641567
1533709925,40.64157
1533709931,40.64158
1533709937,40.64158
1533709943,40.64158
1533709949,40.64158
1533709959,40.64158
1533709965,40.641582
1533709970,40.641586
1533709976,40.641586
1533709981,40.641586
1533709987,40.641594
1533709993,40.64159
1533709999,40.64159
1533710005,40.64159
1533710010,40.641594
1533710016,40.641594
1533710021,40.641594
1533710027,40.641594
1533710032,40.641594
1533710037,40.641594
1533710043,40.641594
1533710049,40.641594
1533710054,40.641594
1533710060,40.641594
1533710066,40.641594
1533710071,40.641594
1533710077,40.641594
1533710089,40.641594
1533710094,40.641594
1533710100,40.641594
1533710105,40.641594
1533710111,40.641594
1533710116,40.641598
1533710121,40.641594
1533710127,40.641594
1533710133,40.641594
1533710139,40.641586
1533710145,40.641582
1533710150,40.64158
1533710156,40.641586
1533710161,40.6416
1533710167,40.64161
1533710173,40.641613
1533710178,40.641617
1533710184,40.641624
1533710190,40.64162
1533710196,40.64162
1533710201,40.64162
1533710207,40.64162
1533710212,40.64162
1533710218,40.64162
1533710223,40.64162
1533710229,40.64162
1533710234,40.64162
1533710240,40.64162
1533710246,40.64162
1533710251,40.64162
1533710257,40.64163
1533710263,40.64163
1533710268,40.64164
1533710274,40.641647
1533710279,40.64163
1533710285,40.64163
1533710290,40.64163
1533710296,40.64163
1533710302,40.64163
1533710308,40.64163
1533710314,40.64163
1533710319,40.64163
1533710325,40.641632
1533710331,40.641632
1533710337,40.641632
1533710342,40.641632
1533710347,40.641632
1533710352,40.641632
1533710358,40.64164
1533710363,40.64163
1533710369,40.64162
1533710374,40.64162
1533710380,40.64162
1533710385,40.641613
1533710391,40.641598
1533710396,40.6415
1533710402,40.64128
1533710407,40.641083
1533710413,40.640854
1533710419,40.640633
1533710424,40.640503
1533710430,40.64056
1533710436,40.64081
1533710441,40.64114
1533710447,40.6417
1533710453,40.642273
1533710459,40.642815
1533710465,40.643272
1533710470,40.643528
1533710476,40.643818
1533710482,40.64411
1533710487,40.644367
1533710492,40.644638
1533710498,40.644905
1533710504,40.64514
1533710510,40.645412
1533710515,40.64567
1533710521,40.645992
1533710526,40.64623
1533710532,40.646427
1533710538,40.646313
1533710544,40.64624
1533710550,40.6462
1533710556,40.646126
1533710562,40.64604
1533710567,40.645992
1533710572,40.645954
1533710578,40.64591
1533710584,40.645847
1533710590,40.64578
1533710596,40.64573
1533710601,40.645687
1533710607,40.64566
1533710612,40.64571
1533710618,40.645878
1533710623,40.646145
1533710628,40.646427
1533710634,40.646736
1533710639,40.64699
1533710645,40.647255
1533710651,40.6475
1533710656,40.647747
1533710662,40.648
1533710667,40.648277
1533710673,40.64858
1533710678,40.64884
1533710684,40.64916
1533710690,40.649445
1533710696,40.649754
1533710702,40.65006
1533710708,40.65038
1533710714,40.650684
1533710720,40.650967
1533710726,40.651268
1533710732,40.651535
1533710738,40.65179
1533710744,40.652042
1533710750,40.652287
1533710755,40.652485
1533710760,40.65269
1533710766,40.652927
1533710771,40.653114
1533710777,40.65332
1533710783,40.653507
1533710788,40.653675
1533710793,40.653893
1533710799,40.654205
1533710805,40.65454
1533710810,40.65484
1533710816,30.655209999999997
1533710822,30.655575
1533710827,30.655872000000002
1533710833,30.656216
1533710838,30.6565
1533710844,30.656852999999998
1533710850,30.657185
1533710856,30.657513
1533710862,30.657850000000003
1533710868,30.65818
1533710874,30.658459999999998
1533710880,30.658695
1533710892,30.659194999999997
1533710898,30.659460000000003
1533710904,30.659534
1533710909,30.659546
1533710914,30.659550000000003
1533710920,30.659550000000003
1533710925,30.659554
1533710931,30.659554
1533710936,30.659550000000003
1533710942,30.659546
1533710948,30.659554
1533710954,30.659557
1533710960,30.65956
1533710965,30.659565
1533710971,30.659565
1533710977,30.659565
1533710988,30.659565
1533710994,30.659565
1533711000,30.659565
1533711006,30.659565
1533711012,30.659565
1533711018,30.659565
1533711023,30.659565
1533711029,30.659565
1533711034,30.659565
1533711040,30.659565
1533711045,30.659565
1533711051,30.659565
1533711056,30.659565
1533711064,30.659565
1533711069,30.659565
1533711075,30.659565
1533711081,30.659565
1533711086,30.659565
1533711092,30.659565
1533711097,30.659565
1533711102,30.659565
1533711108,30.659565
1533711114,30.659565
1533711119,30.659565
1533711124,30.659565
1533711130,30.659565
1533711136,30.659565
1533711142,30.659565
1533711147,30.659565
1533711153,30.659565
1533711158,30.659565
1533711164,30.659565
1533711170,30.659565
1533711176,30.659565
1533711182,30.659565
1533711188,30.659565
1533711193,30.659565
1533711199,30.659565
1533711204,30.659565
1533711209,30.659565
1533711214,30.659565
1533711220,30.659565
1533711225,30.659565
1533711231,30.659565
1533711237,30.659565
1533711242,30.659565
1533711248,30.659565
1533711253,30.659565
1533711259,30.65956
1533711264,30.65956
1533711270,30.65956
1533711276,30.659633999999997
1533711281,30.65967
1533711286,30.659683
1533711292,30.659686999999998
1533711298,30.659686999999998
1533711304,30.659686999999998
1533711309,30.659686999999998
1533711315,30.659686999999998
1533711321,30.659686999999998
1533711326,30.659686999999998
1533711331,30.659686999999998
1533711337,30.659686999999998
1533711343,30.659686999999998
1533711349,30.659686999999998
1533711355,30.659686999999998
1533711361,30.659686999999998
1533711367,30.659686999999998
1533711372,30.659686999999998
1533711378,30.659686999999998
1533711384,30.659686999999998
1533711389,30.659686999999998
1533711395,30.659686999999998
1533711401,30.659779999999998
1533711406,30.659874000000002
1533711412,30.660015
1533711418,30.660114
1533711423,30.660145
1533711429,30.66014
1533711435,30.66014
1533711440,30.660137
1533711446,30.66014
1533711452,30.66014
1533711457,30.660145
1533711462,30.660145
1533711467,30.660145
1533711473,30.660145
1533711478,30.660145
1533711483,30.660145
1533711489,30.660145
1533711494,30.660145
1533711500,30.660145
1533711506,30.660145
1533711511,30.660145
1533711517,30.660145
1533711523,30.660145
1533711528,30.660145
1533711533,30.660145
1533711539,30.660145
1533711544,30.660145
1533711550,30.660145
1533711556,30.660145
1533711568,30.660145
1533711574,30.660145
1533711580,30.660145
1533711585,30.660145
1533711591,30.660145
1533711597,30.660145
1533710372,30.64145
1533710377,30.641468000000003
1533710383,30.64134
1533710389,30.641280000000002
1533710397,30.641309999999997
1533710403,30.641309999999997
1533710408,30.641309999999997
1533710414,30.641309999999997
1533710420,30.641309999999997
1533710426,30.641309999999997
1533710432,30.641315
1533710438,30.641315
1533710444,30.641315
1533710450,30.641315
1533710456,30.641315
1533710462,30.641289999999998
1533710467,30.641260000000003
1533710472,30.64121
1533710478,30.64112
1533710483,30.641056
1533710488,30.641
1533710499,30.640774
1533710504,30.640700000000002
1533710510,30.640639999999998
1533710515,30.64058
1533710521,30.640532999999998
1533710526,30.640532999999998
1533710532,30.640569999999997
1533710537,30.640694000000003
1533710543,30.640873
1533710549,30.641112999999997
1533710555,30.641373
1533710560,30.64163
1533710566,30.641933
1533710571,30.642193
1533710577,30.6425
1533710582,30.642764999999997
1533710588,30.643093
1533710594,30.643425
1533710599,30.64371
1533710605,30.644039999999997
1533710610,30.6443
1533710616,30.644579999999998
1533710621,30.644688000000002
1533710627,30.64459
1533710634,30.644466
1533710639,30.644244999999998
1533710645,32.644066
1533710651,32.64392
1533710657,32.6438
1533710662,32.64375
1533710668,32.64372
1533710673,32.64377
1533710679,32.64386
1533710685,32.64393
1533710690,32.643993
1533710696,32.644096
1533710702,32.64424
1533710708,32.644382
1533710714,32.644447
1533710720,32.644543
1533710726,32.644684
1533710732,32.64474
1533710738,32.64468
1533710744,32.644615
1533710749,32.644547
1533710754,32.644516
1533710760,32.64452
1533710766,32.644524
1533710772,32.644527
1533710777,32.644524
1533710782,32.644524
1533710787,32.64452
1533710792,32.64452
1533710798,32.64452
1533710804,32.64452
1533710810,32.64452
1533710816,32.644516
1533710822,32.644516
1533710828,32.644516
1533710834,32.644516
1533710840,32.644512
1533710846,32.644463
1533710851,32.644375
1533710857,32.64428
1533710863,32.6442
1533710868,32.64411
1533710874,32.64398
1533710880,32.64384
1533710885,32.643726
1533710891,32.64363
1533710896,32.643524
1533710901,32.64343
1533710906,32.643368
1533710911,32.64332
1533710917,32.64327
1533710922,32.643215
1533710928,32.64314
1533710934,32.64308
1533710939,32.643013
1533710944,32.64295
1533710950,32.642876
1533710955,32.64281
1533710960,32.642754
1533710966,32.642666
1533710971,32.64261
1533710977,32.642525
1533710982,32.642437
1533710988,32.642307
1533710993,32.64218
1533710998,32.64202
1533711004,32.641865
1533711009,32.641727
1533711015,32.641567
1533711020,32.641434
1533711026,32.64124
1533711032,32.641052
1533711038,32.640884
1533711044,32.640713
1533711049,32.640594
1533711055,32.640575
1533711061,32.640713
1533711067,32.64084
1533711072,32.640972
1533711078,32.64113
1533711083,32.64126
1533711089,32.641407
1533711094,32.641575
1533711100,32.64176
1533711105,32.641884
1533711110,32.64195
1533711115,32.641953
1533711121,32.64184
1533711126,32.641685
1533711132,32.64154
1533711137,32.641403
1533711149,32.64102
1533711154,32.64089
1533711160,32.64073
1533711166,32.640545
1533711171,32.640392
1533711176,32.640247
1533711182,32.64008
1533711188,32.639923
1533711193,32.639824
1533711199,32.63967
1533711204,32.63953
1533711210,32.639374
1533711216,32.639275
1533711222,32.639225
1533711228,32.639202
1533711234,32.639187
1533711239,32.639187
1533711245,32.639187
1533711251,32.639187
1533711256,32.63919
1533711262,32.639187
1533711267,32.639187
1533711272,32.639187
1533711278,32.639187
1533711284,32.639168
1533711290,32.639107
1533711296,32.63904
1533711302,32.638927
1533711308,32.638794
1533711314,32.63868
1533711320,32.63854
1533711326,32.638416
1533711332,32.638332
1533711338,32.638268
1533711345,32.638153
1533711350,32.638092
1533711356,32.63801
1533711362,32.63798
1533711368,32.63798
1533711374,32.637985
1533711379,32.638004
1533711385,32.63803
1533711391,32.63805
1533711396,32.63805
1533711402,32.638046
1533711407,32.63805
1533711412,32.638054
1533711417,32.638054
1533711423,32.638054
1533711428,32.638054
1533711434,32.638054
1533711440,32.638054
1533711445,32.638054
1533711451,32.638054
1533711457,32.638054
1533711462,32.638054
1533711468,32.638054
1533711474,32.638054
1533711480,32.638054
1533711486,32.638054
1533711492,32.638054
1533711498,32.638054
1533711504,32.638054
1533711510,32.638054
1533711515,32.63806
1533711521,32.638107
1533711526,32.63814
1533711534,32.638214
1533711539,32.638287
1533711544,32.63833
1533711550,32.63834
1533711560,32.638275
1533711565,32.638206
1533711571,32.638206
1533711577,32.638268
1533711583,32.638313
1533711588,32.638317
1533711593,32.638313
1533711599,32.638317
1533711601,32.65975
1533711607,32.65975
1533711612,32.65975
1533711618,32.65975
1533711624,32.65975
1533711630,32.65975
1533711636,32.65975
1533711642,32.65975
1533711647,32.65975
1533711653,32.659756
1533711659,32.659756
1533711664,32.659756
1533711670,32.659756
1533711676,32.659756
1533711681,32.659756
1533711687,32.659756
1533711693,32.659756
1533711699,32.659756
1533711704,32.659756
1533711709,32.659756
1533711714,32.659756
1533711720,32.659756
1533711725,32.659756
1533711730,32.659756
1533711735,32.659756
1533711742,32.659756
1533711747,32.659756
1533711753,32.659756
1533711759,32.659756
1533711765,32.65976
1533711771,32.65976
1533711777,32.65976
1533711783,32.65976
1533711789,32.65976
1533711795,32.65976
1533711801,32.65976
1533711806,32.65976
1533711811,32.65976
1533711817,32.65976
1533711823,32.65976
1533711829,32.65976
1533711835,32.65976
1533711841,32.65976
1533711846,32.65976
1533711852,32.65976
1533711857,32.65976
1533711863,32.65976
1533711868,32.65976
1533711874,32.65976
1533711880,32.65976
1533711886,32.65976
1533711892,32.65976
1533711898,32.65976
1533711903,32.65984
1533711909,32.65991
1533711915,32.65994
1533711921,32.65994
1533711926,32.659946
1533711931,32.659954
1533711937,32.65996
1533711943,32.65999
1533711949,32.66011
1533711954,32.660194
1533711960,32.66025
1533711966,32.66034
1533711971,32.660393
1533711976,32.66046
1533711982,32.66053
1533711987,32.660587
1533711993,32.66067
1533711998,32.66074
1533712004,32.660835
1533712009,32.660946
1533712015,32.661053
1533712021,32.66115
1533712026,32.661232
1533712032,32.66131
1533712037,32.661354
1533712042,32.661415
1533712048,32.661488
1533712053,32.661545
1533712059,32.661602
1533712065,32.661728
1533712071,32.661854
1533712077,32.661865
1533712083,32.66186
1533712089,32.661865
1533712095,32.66186
1533712100,32.66186
1533712105,32.661865
1533712111,32.66184
1533712117,32.661858
1533712123,32.661873
1533712129,32.66189
1533712135,32.661907
1533712141,32.661934
1533712147,32.66194
1533712153,32.661945
1533712159,32.661957
1533712165,32.661987
1533712170,32.662025
1533712176,32.66205
1533712182,32.662067
1533712188,32.662075
1533712193,32.66204
1533712198,32.66199
1533712204,32.661953
1533712210,32.661915
1533712216,32.66187
1533712222,32.661835
1533712227,32.66178
1533712232,32.66176
1533712238,32.66176
1533712243,32.66174
1533712249,32.661674
1533712255,32.66167
1533712261,32.661667
1533712267,32.66166
1533712273,32.66165
1533712279,32.66165
1533712285,32.661644
1533712291,32.66165
1533712297,32.661648
1533712303,32.66164
1533712309,32.661636
1533712315,32.66165
1533712321,32.66167
1533712327,32.661682
1533712333,32.661694
1533712339,32.661705
1533712345,32.661728
1533712350,32.661728
1533712356,32.661705
1533712362,32.661625
1533712367,32.661526
1533712373,32.66144
1533712378,32.661358
1533712384,32.66127
1533712389,32.66118
1533712395,32.661133
1533712401,32.66107
1533712406,32.661015
1533712411,32.66096
1533712416,32.660908
1533712422,32.660854
1533712428,32.66081
1533712433,32.660767
1533712439,32.6607
1533712444,32.66065
1533712450,32.660587
1533712456,32.66052
1533712461,32.660465
1533712466,32.66042
1533712471,32.660378
1533712477,32.66032
1533712483,32.66026
1533712489,32.66022
1533712494,32.660168
1533712500,32.660107
1533712506,32.660046
1533712512,32.659977
1533712518,32.659927
1533712524,32.659878
1533712529,32.65983
1533712535,32.65976
1533712540,32.659706
1533712545,32.659668
1533712551,32.659607
1533712556,32.65956
1533712561,32.659515
1533712567,32.65946
1533712573,32.659393
1533712579,32.659325
1533712585,32.65927
1533712591,32.659214
1533712597,32.659153
1533712603,32.659092
1533712609,32.659058
1533712615,32.65901
1533712621,32.658943
1533712627,32.658867
1533712633,32.658794
1533712639,32.658737
1533712645,32.65866
1533712651,32.65856
1533712657,32.65849
1533712663,32.65842
1533712669,32.658337
1533712675,32.65826
1533712681,32.658188
1533712687,32.658108
1533712693,32.65803
1533712699,32.657967
1533712705,32.6579
1533712711,32.657833
1533712717,32.657745
1533712723,32.657673
1533712729,32.657593
1533712735,32.65754
1533712741,32.65748
1533712747,32.65741
1533712753,32.65734
1533712759,32.65728
1533712771,32.657154
1533712777,32.65708
1533712783,32.65701
1533712789,32.656948
1533712795,32.65687
1533712801,32.6568
1533712807,32.656734
1533712813,32.656666
1533712819,32.6566
1533712825,32.656555
1533712831,32.65648
1533712837,32.6564
1533712843,32.656334
1533712848,32.656277
1533712854,32.65622
1533712859,32.656178
1533712864,32.65613
1533712870,32.656048
1533712875,32.655987
1533712881,32.65592
1533712887,32.655853
1533712893,32.655773
1533712899,32.6557
1533712905,32.655647
1533712911,32.6556
1533712917,32.65555
1533712923,32.655468
1533712929,32.655407
1533712935,32.65536
1533712940,32.65532
1533712945,32.655266
1533712951,32.65522
1533712956,32.655167
1533712962,32.655113
1533712968,32.655052
1533712974,32.655
1533712980,32.654938
1533712986,32.654884
1533712992,32.654827
1533712997,32.654785
1533713003,32.654736
1533713014,32.654633
1533713020,32.654575
1533713025,32.654545
1533713031,32.654495
1533713037,32.65447
1533713042,32.654446
1533713047,32.654427
1533713053,32.65439
1533713058,32.654354
1533713063,32.65432
1533713069,32.65428
1533713075,32.65426
1533713080,32.654247
1533713086,32.65423
1533713091,32.654205
1533713097,32.654175
1533713103,32.654125
1533713109,32.654125
1533713114,32.654045
1533713119,32.65402
1533713125,32.65402
1533713131,32.654015
1533713137,32.654015
1533713142,32.654015
1533713148,32.65402
1533713154,32.65398
1533713159,32.653954
1533713165,32.653954
1533713171,32.653954
1533713176,32.653954
1533713182,32.653954
1533713187,32.653934
1533713192,32.653873
1533713198,32.65384
1533713203,32.653763
1533713210,32.65368
1533713216,32.653633
1533713222,32.65365
1533713228,32.653667
1533713234,32.653667
1533713240,32.653675
1533713245,32.653675
1533713250,32.653687
1533713256,32.65373
1533713261,32.653736
1533713266,32.653767
1533713272,32.65382
1533713278,32.653828
1533713283,32.65378
1533713288,32.653732
1533713294,32.653732
1533713300,32.65373
1533713306,40.65373
1533713317,40.65373
1533713323,40.65373
1533713329,40.65373
1533713334,40.65373
1533713339,40.65373
1533713345,40.65373
1533713350,40.65373
1533713355,40.653725
1533713361,40.653725
1533713366,40.653725
1533713372,40.653725
1533713378,40.653725
1533713383,40.653725
1533713389,40.653725
1533713395,40.653725
1533713400,40.653725
1533713405,40.653725
1533713411,40.653725
1533713417,40.653725
1533713423,40.653725
1533713428,40.653725
1533713434,40.653725
1533713439,40.653725
1533713444,40.653725
1533713449,40.653725
1533713455,40.653725
1533713461,40.653725
1533713467,40.65372
1533713473,40.65372
1533713478,40.65372
1533713484,40.65372
1533713489,40.65372
1533713495,40.65372
1533713500,40.65372
1533713505,40.65372
1533713511,40.65372
1533713517,40.65372
1533713522,40.65372
1533713527,40.65372
1533713533,40.65372
1533713539,40.65372
1533713545,40.65372
1533713551,40.65372
1533713557,40.65372
1533713563,40.65372
1533713569,40.65372
1533713575,40.65372
1533713581,40.65372
1533713586,40.65372
1533713592,40.65372
1533713598,40.65372
1533713603,40.65372
1533713609,40.65372
1533713620,40.65385
1533713626,40.653942
1533713631,40.65398
1533713636,40.653934
1533713641,40.653915
1533713647,40.653915
1533713653,40.65391
1533713659,40.65391
1533713665,40.65391
1533713670,40.65391
1533713676,40.65391
1533713682,40.65391
1533713687,40.65391
1533713693,40.65391
1533713699,40.65391
1533713705,40.65391
1533713711,40.65391
1533713717,40.65391
1533713722,40.65391
1533713728,40.65391
1533713733,40.65391
1533713739,40.65391
1533713745,40.65391
1533713750,40.65391
1533713755,40.65391
1533713761,40.65391
1533713767,40.65391
1533713773,40.65391
1533713779,40.65391
1533713785,40.65391
1533713791,40.65391
1533713797,40.65391
1533713803,40.65391
1533713809,40.65391
1533713815,40.65391
1533713821,40.65391
1533713827,40.65391
1533713833,40.653908
1533713838,40.653908
1533713844,40.653908
1533713849,40.653908
1533713855,40.653908
1533713861,40.653908
1533713867,40.653908
1533713872,40.653908
1533713878,40.653908
1533713884,40.653908
1533713889,40.653908
1533713895,40.653908
1533713900,40.653908
1533713905,40.653908
1533713911,40.653908
1533713923,40.653908
1533713929,40.653908
1533713935,40.653908
1533713941,40.653908
1533713947,40.653908
1533713953,40.653908
1533713959,40.653908
1533713965,40.653908
1533713971,40.653908
1533713977,40.653908
1533713983,40.653908
1533713989,40.653908
1533713995,40.65391
1533714001,40.65393
1533714007,40.654015
1533714013,40.654133
1533714019,40.654255
1533714025,40.65432
1533714031,40.65445
1533714037,40.65468
1533714043,40.654865
1533714048,40.65497
1533714054,40.65509
1533714060,40.65524
1533714066,40.65538
1533714072,40.65548
1533714077,40.655563
1533714083,40.65568
1533714088,40.655785
1533714093,40.65592
1533714105,40.65635
1533714110,40.656555
1533714115,40.656765
1533714121,40.657005
1533714127,40.657253
1533714133,40.657497
1533714139,40.657715
1533714145,40.658
1533714151,40.658306
1533714157,40.65859
1533714163,40.658806
1533714168,40.658928
1533714174,40.65911
1533714180,40.659286
1533714186,40.65948
1533714192,40.659714
1533714198,40.65996
1533714204,40.660175
1533714209,40.660374
1533714215,40.660625
1533714221,40.660908
1533714227,40.661087
1533714232,40.661213
1533714238,40.661392
1533714243,40.661552
1533714248,40.661655
1533714253,40.66172
1533714259,40.661728
1533714265,40.661694
1533714271,40.661674
1533714277,40.661674
1533714283,40.66168
1533714289,40.661686
1533714295,40.661694
1533714301,40.661694
1533714307,40.661728
1533714313,40.6618
1533714320,40.6619
1533714326,40.662
1533714331,40.662067
1533714337,40.66208
1533714342,40.66206
1533714347,40.66202
1533714353,40.66194
1533714358,40.661846
1533714364,40.66181
1533714370,40.66178
1533714375,40.661705
1533714381,40.661613
1533714386,40.661514
1533714393,40.66137
1533714398,40.66123
1533714403,40.661087
1533714408,40.66091
1533714413,40.66078
1533714419,40.660652
1533714424,40.660652
1533714429,40.6603
1533714435,40.660103
1533714440,40.65989
1533714445,40.659634
1533714451,40.65941
1533714456,40.659176
1533714462,40.658955
1533714468,40.65877
1533714473,40.65866
1533714479,40.658535
1533714485,40.658535
1533714490,40.658333
1533714496,40.658207
1533714502,40.65802
1533714508,40.65786
1533714513,40.657673
1533714518,40.657433
1533714524,40.657177
1533714530,40.65696
1533714536,40.656693
1533714542,40.65646
1533714548,40.65622
1533714553,40.65622
1533714558,40.65578
1533714563,40.65558
1533714568,40.655403
1533714574,40.655212
1533714579,40.65514
1533714585,40.65507
1533714590,40.65498
1533714596,40.654926
1533714602,40.654945
1533714608,40.654945
1533714614,40.65495
1533714620,40.654964
1533714626,40.65497
1533714632,40.65497
1533714638,40.65497
1533714644,40.65497
1533714650,40.65497
1533714656,40.65497
1533714662,40.65497
1533714668,40.65497
1533714674,40.65497
1533714680,40.65497
1533714686,40.654972
1533714692,40.654984
1533714697,40.65502
1533714703,40.655094
1533714709,40.65522
1533714715,40.655422
1533714720,40.65562
1533714726,40.655865
1533714731,40.656094
1533714737,40.656372
1533714742,40.6566
1533714748,40.656906
1533714753,40.65716
1533714759,40.657467
1533714764,40.65764
1533714770,40.6577
1533714776,40.657734
1533714782,40.65776
1533714788,40.657887
1533714793,40.658
1533714799,40.658142
1533714804,40.658142
1533714809,40.658394
1533714815,40.65854
1533714821,40.658752
1533714832,40.65926
1533714838,40.659546
1533714843,40.65974
1533714848,40.65992
1533714854,40.660133
1533714860,40.660397
1533714866,40.660637
1533714872,40.6608
1533714878,40.661026
1533714884,40.66128
1533714890,40.661495
1533714896,40.661686
1533714902,40.661808
1533714908,40.6619
1533714914,40.661983
1533714920,40.662025
1533714926,40.662014
1533714932,40.661915
1533714937,40.661835
1533714942,40.66173
1533714948,40.66165
1533714954,40.661633
1533714960,40.661663
1533714966,40.66165
1533714971,40.661552
1533714977,40.661304
1533714983,40.661068
1533714989,40.660847
1533714995,40.660545
1533715001,40.660248
1533715007,40.659946
1533715013,40.659668
1533715019,40.659348
1533715025,40.65916
1533715031,40.6589
1533715037,40.6587
1533715042,40.658527
1533715048,40.65827
1533715054,40.658035
1533715059,40.657833
1533715064,40.65764
1533715069,40.65742
1533715075,40.657158
1533715080,40.656948
1533715085,40.65674
1533715091,40.656487
1533715097,40.656284
1533715102,40.6561
1533715108,40.65588
1533715114,40.655655
1533715120,40.655437
1533715126,40.65523
1533715132,40.655067
1533715138,40.654877
1533715143,40.654705
1533715148,40.654545
1533715154,40.654373
1533715160,40.6543
1533715166,40.654224
1533715172,40.65422
1533715178,40.654186
1533715184,40.65419
1533715190,40.654186
1533715196,40.654186
1533711602,40.660145
1533711607,40.660145
1533711613,40.66016
1533711619,40.660187
1533711630,40.660202
1533711636,40.6602
1533711642,40.660202
1533711647,40.660202
1533711653,40.660202
1533711659,40.660202
1533711665,40.6602
1533711671,40.660202
1533711677,40.660202
1533711683,40.660202
1533711688,40.660202
1533711694,40.660202
1533711700,40.660202
1533711706,40.660202
1533711711,40.660202
1533711717,40.660202
1533711723,40.660202
1533711728,40.660202
1533711733,40.660202
1533711739,40.660202
1533711744,40.660202
1533711750,40.660202
1533711755,40.660202
1533711761,40.660202
1533711767,40.660202
1533711772,40.660202
1533711778,40.660202
1533711783,40.660202
1533711789,40.660202
1533711795,40.660202
1533711801,40.660202
1533711807,40.660202
1533711813,40.660202
1533711818,40.660202
1533711823,40.660202
1533711829,40.660202
1533711834,40.660202
1533711840,40.660202
1533711845,40.660202
1533711851,40.660202
1533711857,40.660202
1533711862,40.660202
1533711868,40.660202
1533711880,40.660294
1533711886,40.660336
1533711892,40.660385
1533711898,40.66044
1533711903,40.660515
1533711909,40.66061
1533711915,40.660675
1533711920,40.660755
1533711926,40.660866
1533711932,40.661
1533711938,40.661114
1533711944,40.66122
1533711949,40.661285
1533711955,40.661366
1533711961,40.661427
1533711967,40.661484
1533711972,40.66157
1533711978,40.6617
1533711983,40.661766
1533711989,40.66177
1533711994,40.66177
1533712000,40.66178
1533712005,40.661766
1533712017,40.66176
1533712022,40.661766
1533712028,40.661766
1533712033,40.661766
1533712039,40.661766
1533712045,40.661766
1533712050,40.661766
1533712056,40.661766
1533712062,40.661777
1533712067,40.661785
1533712072,40.661785
1533712078,40.661785
1533712084,40.661785
1533712090,40.661785
1533712096,40.661785
1533712102,40.661827
1533712108,40.661873
1533712113,40.66189
1533712119,40.661934
1533712124,40.661953
1533712130,40.661972
1533712136,40.661995
1533712142,40.662006
1533712147,40.662025
1533712152,40.66205
1533712157,40.66207
1533712163,40.66208
1533712168,40.662075
1533712174,40.662083
1533712179,40.66208
1533712185,40.66208
1533712190,40.66204
1533712196,40.661987
1533712202,40.66192
1533712207,40.66188
1533712212,40.661835
1533712218,40.661785
1533712224,40.66173
1533712230,40.66174
1533712242,40.66174
1533712248,40.661697
1533712253,40.6617
1533712258,40.6617
1533712264,40.66168
1533712270,40.66167
1533712276,40.66166
1533712281,40.661667
1533712287,40.66168
1533712293,40.661674
1533712299,40.661667
1533712304,40.661697
1533712310,40.661728
1533712316,40.66174
1533712322,40.66173
1533712328,40.66173
1533712334,40.661728
1533712340,40.661694
1533712345,40.661648
1533712350,40.661613
1533712356,40.661583
1533712362,40.661522
1533712368,40.661457
1533712374,40.66134
1533712380,40.661064
1533712386,40.66074
1533712392,40.6605
1533712432,40.65955
1533712438,40.659546
1533712444,40.65954
1533712450,40.659534
1533712456,40.659527
1533712467,40.659527
1533712472,40.659527
1533712477,40.65953
1533712482,40.65953
1533712488,40.65953
1533712494,40.65953
1533712500,40.65953
1533712506,40.65953
1533712512,40.65953
1533712518,40.65953
1533712524,40.65953
1533712530,40.65953
1533712535,40.659527
1533712541,40.659527
1533712547,40.659527
1533712553,40.659527
1533712559,40.659527
1533712564,40.659527
1533712570,40.659527
1533712576,40.659527
1533712582,40.659527
1533712587,40.659527
1533712592,40.659527
1533712598,40.659527
1533712604,40.65953
1533712610,40.65953
1533712616,40.65953
1533712621,40.65951
1533712627,40.659428
1533712633,40.659348
1533712638,40.659264
1533712643,40.659187
1533712649,40.65912
1533712654,40.65909
1533712659,40.658993
1533712665,40.65876
1533712670,40.65857
1533712676,40.658417
1533712682,40.65832
1533712687,40.658245
1533712693,40.658123
1533712698,40.658047
1533712704,40.65798
1533712710,40.6579
1533712716,40.65784
1533712721,40.65777
1533712727,40.657692
1533712732,40.657646
1533712738,40.657585
1533712744,40.657513
1533712750,40.657448
1533712756,40.657368
1533712762,40.65729
1533712768,40.657215
1533712774,40.657166
1533712780,40.6571
1533712786,40.65702
1533712791,40.656986
1533712797,40.656937
1533712803,40.656807
1533712809,40.656597
1533712815,40.656498
1533712820,40.656487
1533712826,40.65638
1533712832,40.656208
1533712837,40.656048
1533712843,40.655827
1533712849,40.655647
1533712854,40.65559
1533712859,40.65535
1533712865,40.65518
1533712870,40.655033
1533712876,40.654873
1533712882,40.65483
1533712888,40.65484
1533712894,40.65484
1533712899,40.65484
1533712905,40.65484
1533712910,40.65484
1533712916,40.65484
1533712921,40.65484
1533712926,40.65484
1533712931,40.654842
1533712937,40.654842
1533712942,40.654842
1533712948,40.654842
1533712953,40.654842
1533712959,40.654842
1533712964,40.654842
1533712970,40.654842
1533712976,40.654842
1533712981,40.654842
1533712987,40.654842
1533712993,40.654842
1533712998,40.654842
1533713004,40.654842
1533713009,40.654842
1533713015,40.654842
1533713021,40.654842
1533713027,40.654842
1533713032,40.654842
1533713037,40.654842
1533713043,40.654842
1533713048,40.654675
1533713053,40.654613
1533713058,40.65454
1533713063,40.654472
1533713069,40.65439
1533713075,40.654343
1533713081,40.65431
1533713087,40.6543
1533713092,40.65431
1533713098,40.65429
1533713103,40.65427
1533713108,40.65424
1533713114,40.654194
1533713120,40.654167
1533713126,40.65418
1533713132,40.654182
1533713138,40.654186
1533713144,40.654182
1533713149,40.654186
1533713155,40.65419
1533713160,40.654194
1533713166,40.654194
1533713171,40.654194
1533713177,40.654194
1533713182,40.654194
1533713187,40.654194
1533713193,40.654194
1533713199,40.654194
1533713204,40.654194
1533713209,40.654194
1533713215,40.654194
1533713221,40.654194
1533713227,40.654194
1533713233,40.654194
1533713239,40.654194
1533713244,40.654194
1533713250,40.654194
1533713255,40.654194
1533713261,40.654194
1533713266,40.654175
1533713272,40.6541
1533713277,40.65408
1533713282,40.65408
1533713288,40.65408
1533713294,40.65408
1533713300,40.65411
1533713306,40.65414
1533713311,40.65415
1533713317,40.65415
1533713323,40.65415
1533713328,40.65415
1533713334,40.65415
1533713339,40.65415
1533713344,40.65415
1533713350,40.65415
1533713356,40.65415
1533713367,40.65415
1533713372,40.65415
1533713378,40.65415
1533713383,40.65415
1533713389,40.65415
1533713394,40.65415
1533713400,40.65415
1533713405,40.65415
1533713410,40.654144
1533713416,40.654144
1533713422,40.654144
1533713428,40.654144
1533713434,40.654144
1533713439,40.654144
1533713444,40.654144
1533713449,40.654144
1533713455,40.654144
1533713460,40.654144
1533713465,40.654144
1533713471,40.654144
1533713477,40.654144
1533713482,40.654144
1533713492,40.654144
1533713498,40.65415
1533713504,40.65415
1533713510,40.65415
1533713515,40.65415
1533713520,40.65415
1533713525,40.654144
1533713531,40.654144
1533713536,40.654144
1533713542,40.654144
1533713547,40.654144
1533713552,40.654144
1533713558,40.654144
1533713564,40.654144
1533713569,40.654144
1533713575,40.654144
1533713580,40.654144
1533713586,40.654144
1533713592,40.654144
1533713598,40.654144
1533713604,40.654144
1533713610,40.654144
1533713621,40.654144
1533713627,40.654144
1533713632,40.654144
1533713637,40.654144
1533713643,40.65407
1533713648,40.653927
1533713653,40.6538
1533713659,40.65365
1533713664,40.65358
1533713670,40.653606
1533713676,40.653694
1533713682,40.653713
1533713688,40.65375
1533713694,40.653748
1533713700,40.653755
1533713706,40.65376
1533713718,40.653805
1533713724,40.6538
1533713730,40.6538
1533713736,40.6538
1533713742,40.6538
1533713747,40.6538
1533713753,40.6538
1533713758,40.6538
1533713764,40.6538
1533713769,40.6538
1533713775,40.6538
1533713780,40.6538
1533713786,40.6538
1533713792,40.6538
1533713798,40.6538
1533713804,40.6538
1533713809,40.6538
1533713814,40.6538
1533713820,40.6538
1533713826,40.6538
1533713832,40.6538
1533713838,40.6538
1533713844,40.6538
1533713849,40.6538
1533713855,40.6538
1533713860,40.6538
1533713866,40.6538
1533713871,40.6538
1533713877,40.6538
1533713882,40.6538
1533713888,40.6538
1533713894,40.6538
1533713899,40.653797
1533713904,40.653797
1533713909,40.653797
1533713914,40.653797
1533713920,40.653797
1533713926,40.653797
1533713932,40.653797
1533713943,40.653797
1533713949,40.653797
1533713955,40.6538
1533713961,40.6538
1533713967,40.6538
1533713973,40.6538
1533713978,40.6538
1533713983,40.6538
1533713988,40.6538
1533713994,40.6538
1533713999,40.6538
1533714005,40.6538
1533714011,40.653812
1533714017,40.653946
1533714023,40.653954
1533714029,40.65391
1533714040,40.65388
1533714045,40.65388
1533714051,40.653873
1533714057,40.653873
1533714063,40.653873
1533714069,40.653873
1533714075,40.653885
1533714080,40.65388
1533714086,40.65388
1533714092,40.65388
1533714097,40.65388
1533714102,40.65388
1533714107,40.65388
1533714112,40.65388
1533714118,40.653877
1533714123,40.65388
1533714129,40.653885
1533714134,40.653893
1533714140,40.653896
1533714146,40.653893
1533714151,40.653893
1533714156,40.653896
1533714168,40.653904
1533714174,40.653904
1533714179,40.653908
1533714185,40.653908
1533714191,40.65391
1533714196,40.653915
1533714201,40.65392
1533714207,40.653915
1533714213,40.65391
1533714218,40.65391
1533714224,40.65392
1533714230,40.65392
1533714235,40.65392
1533714241,40.65392
1533714247,40.65391
1533714252,40.65391
1533714258,40.65391
1533714263,40.65391
1533714269,40.653915
1533714274,40.65391
1533714280,40.65391
1533714286,40.65391
1533714291,40.65391
1533714297,40.65391
1533714302,40.65391
1533714308,40.65391
1533714313,40.65391
1533714319,40.65391
1533714324,40.65391
1533714330,40.65391
1533714335,40.65391
1533714341,40.65391
1533714346,40.65391
1533714351,40.65391
1533714356,40.65394
1533714361,40.653973
1533714366,40.654034
1533714372,40.654133
1533714378,40.65422
1533714452,40.656048
1533714458,40.656246
1533714464,40.65644
1533714470,40.65664
1533714476,40.656845
1533714481,40.65701
1533714486,40.657185
1533714492,40.657375
1533714498,40.657566
1533714504,40.657753
1533714509,40.65792
1533714515,40.65811
1533714520,40.65828
1533714526,40.658466
1533714532,40.658665
1533714537,40.658825
1533714543,40.659016
1533714548,40.65917
1533714554,40.65935
1533714559,40.659515
1533714565,40.6597
1533714571,40.659885
1533714576,40.660046
1533714582,40.660233
1533714588,40.660427
1533714593,40.660595
1533714599,40.660793
1533714605,40.66098
1533714643,40.661697
1533714649,40.661694
1533714654,40.661694
1533714660,40.661694
1533714666,40.661697
1533714672,40.66172
1533714678,40.66172
1533714684,40.66173
1533714690,40.661728
1533714695,40.661728
1533714701,40.66176
1533714707,40.66186
1533714712,40.66194
1533714718,40.66203
1533714723,40.662075
1533714729,40.66208
1533714734,40.66208
1533714739,40.66208
1533714745,40.66207
1533714751,40.662025
1533714756,40.661972
1533714762,40.661926
1533714768,40.66188
1533714774,40.66184
1533714780,40.661774
1533714785,40.66173
1533714790,40.661686
1533714796,40.661648
1533714801,40.661583
1533714807,40.661522
1533714812,40.661476
1533714818,40.661407
1533714823,40.661346
1533714828,40.661327
1533714839,40.661175
1533714844,40.661125
1533714850,40.661076
1533714856,40.661026
1533714862,40.660973
1533714867,40.66091
1533714872,40.660854
1533714877,40.6608
1533714883,40.660732
1533714888,40.66068
1533714893,40.660625
1533714898,40.66053
1533714904,40.66043
1533714909,40.66033
1533714914,40.66023
1533714920,40.66008
1533714925,40.659954
1533714931,40.6598
1533714937,40.659645
1533714942,40.65952
1533714948,40.65936
1533714953,40.659233
1533714959,40.65908
1533714964,40.658966
1533714970,40.658867
1533714976,40.65879
1533714982,40.65867
1533714987,40.658615
1533714993,40.658615
1533714999,40.65864
1533715004,40.65866
1533715009,40.65868
1533715014,40.658688
1533715020,40.658688
1533715026,40.658695
1533715031,40.658695
1533715037,40.658695
1533715042,40.658695
1533715048,40.658695
1533715053,40.658695
1533715059,40.658695
1533715065,40.658695
1533715071,40.658688
1533715076,40.658695
1533715081,40.65877
1533715087,40.658913
1533715092,40.65905
1533715098,40.65921
1533715103,40.659393
1533715109,40.659565
1533715114,40.65967
1533715120,40.65967
1533715125,40.659775
1533715131,40.659927
1533715137,40.660072
1533715143,40.6602
1533715148,40.66033
1533715154,40.660465
1533715159,40.66057
1533715165,40.66066
1533715171,40.660774
1533715176,40.66088
1533715182,40.661015
1533715187,40.661144
1533715193,40.661312
1533715199,40.661457
1533711605,40.638317
1533711611,40.638317
1533711617,40.638317
1533711623,40.638317
1533711628,40.638317
1533711634,40.638317
1533711640,40.638317
1533711645,40.638317
1533711656,40.638317
1533711662,40.638317
1533711668,40.638317
1533711674,40.638317
1533711679,40.638317
1533711685,40.638317
1533711691,40.638317
1533711697,40.638317
1533711703,40.638317
1533711709,40.638317
1533711714,40.638317
1533711720,40.638317
1533711725,40.638317
1533711731,40.638317
1533711737,40.638317
1533711743,40.638317
1533711749,40.63833
1533711755,40.638348
1533711761,40.63837
1533711767,40.638374
1533711773,40.638367
1533711778,40.638348
1533711783,40.63833
1533711788,40.638313
1533711794,40.638313
1533711800,40.638332
1533711806,40.63833
1533711812,40.638348
1533711818,40.63832
1533711824,40.63826
1533711830,40.638187
1533711836,40.638172
1533711842,40.638206
1533711848,40.638206
1533711854,40.63818
1533711860,40.638145
1533711866,40.638096
1533711871,40.63804
1533711876,40.63801
1533711882,40.637978
1533711888,40.63794
1533711894,40.637905
1533711900,40.6379
1533711906,40.637897
1533711911,40.637897
1533711917,40.637897
1533711923,40.637897
1533711928,33.637897
1533711934,33.637897
1533711940,33.637897
1533711946,33.637897
1533711951,33.637897
1533711957,33.637913
1533711962,33.637947
1533711968,33.637985
1533711979,33.637985
1533711985,33.637985
1533711990,33.637985
1533711996,33.637962
1533712001,33.63793
1533712007,33.63788
1533712012,33.637825
1533712018,33.63778
1533712023,33.63774
1533712029,33.637707
1533712035,33.637707
1533712041,33.637707
1533712047,33.637703
1533712053,33.637707
1533712059,33.63771
1533712065,33.637707
1533712071,33.637707
1533712076,33.63771
1533712082,33.63771
1533712088,33.637714
1533712093,33.63771
1533712099,33.637707
1533712105,33.637707
1533712110,33.6377
1533712116,33.6377
1533712121,33.637703
1533712127,33.637707
1533712134,33.63771
1533712140,33.637714
1533712146,33.637707
1533712152,33.637707
1533712158,33.637714
1533712163,33.637714
1533712169,33.637714
1533712174,33.637714
1533712180,33.637745
1533712186,33.637802
1533712192,33.637875
1533712198,33.637928
1533712204,33.637978
1533712209,33.638027
1533712215,33.63809
1533712220,33.63814
1533712226,33.638214
1533712231,33.638268
1533712237,33.63832
1533712242,33.638367
1533712248,33.63842
1533712254,33.638447
1533712260,33.638474
1533712265,33.63851
1533712270,33.63858
1533712276,33.638687
1533712282,33.63879
1533712287,33.63886
1533712292,33.638927
1533712298,33.639015
1533712304,33.63909
1533712310,33.639168
1533712316,33.639267
1533712322,33.63936
1533712328,33.63946
1533712334,33.639584
1533712340,33.639687
1533712346,33.639767
1533712352,33.639835
1533712357,33.639908
1533712363,33.639908
1533712368,33.640087
1533712374,33.6402
1533712380,33.64033
1533712386,33.640415
1533712391,33.64045
1533712396,33.640434
1533712402,33.640385
1533712408,33.640385
1533712413,33.640392
1533712418,33.64042
1533712424,33.64046
1533712430,33.64048
1533712436,33.64048
1533712442,33.64048
1533712448,33.64048
1533712454,33.64048
1533712459,33.64048
1533712464,33.64048
1533712469,33.640472
1533712475,33.640488
1533712480,33.640488
1533712485,33.640434
1533712491,33.6404
1533712497,33.640354
1533712502,33.64023
1533712508,33.640083
1533712514,33.63994
1533712520,33.639797
1533712526,33.639687
1533712532,33.63956
1533712538,33.639446
1533712544,33.639328
1533712550,33.63922
1533712556,33.63912
1533712562,33.639008
1533712567,33.6389
1533712573,33.638718
1533712579,33.638584
1533712585,33.638477
1533712591,33.638386
1533712596,33.638336
1533712602,33.638226
1533712607,33.638157
1533712612,33.638073
1533712618,33.638
1533712624,33.637993
1533712630,33.637974
1533712635,33.63798
1533712641,33.637978
1533712646,33.637985
1533712651,33.637993
1533712657,33.638012
1533712663,33.638046
1533712669,33.638073
1533712674,33.63808
1533712680,33.63806
1533712685,33.638054
1533712690,33.638035
1533712696,33.638
1533712702,33.637993
1533712707,33.63799
1533712713,33.63799
1533712718,33.63799
1533712724,33.637993
1533712730,33.637993
1533712736,33.637997
1533712741,33.637993
1533712747,33.63798
1533712752,33.63796
1533712758,33.63793
1533712763,33.637928
1533712768,33.637913
1533712773,33.637894
1533712784,33.637875
1533712789,33.637875
1533712795,33.637875
1533712801,33.637875
1533712807,33.637875
1533712812,33.63788
1533712818,33.63789
1533712823,33.637894
1533712829,33.63788
1533712834,33.63788
1533712840,33.637875
1533712846,33.63787
1533712852,33.637867
1533712857,33.637867
1533712862,33.63786
1533712868,33.63786
1533712873,33.637867
1533712878,33.637863
1533712884,33.637867
1533712890,33.637867
1533712895,33.637867
1533712900,33.637867
1533712912,33.63788
1533712918,33.63788
1533712924,33.637886
1533712929,33.637886
1533712934,33.637886
1533712940,33.637886
1533712946,33.63789
1533712952,33.637894
1533712957,33.637894
1533712963,33.637917
1533712969,33.637955
1533712975,33.637974
1533712980,33.63798
1533712985,33.638016
1533712991,33.638107
1533712997,33.6382
1533713002,33.63828
1533713008,33.638386
1533713014,33.638527
1533713020,33.638695
1533713025,33.6388
1533713031,33.638905
1533713036,33.638992
1533713042,33.63914
1533713048,33.6393
1533713054,33.639446
1533713059,33.639572
1533713065,33.639736
1533713070,33.639885
1533713076,33.640186
1533713082,33.640453
1533713088,33.640705
1533713094,33.640938
1533713100,33.64115
1533713106,33.641335
1533713111,33.641468
1533713117,33.641525
1533713122,33.641533
1533713127,33.641533
1533713133,33.64155
1533713138,33.641613
1533713144,33.641594
1533713150,33.641445
1533713155,33.64144
1533713161,33.641567
1533713166,33.641647
1533713171,33.641655
1533713177,33.64166
1533713183,33.641594
1533713188,33.641598
1533713194,33.641647
1533713199,33.641705
1533713205,33.64176
1533713210,33.64179
1533713216,33.641777
1533713222,33.641777
1533713228,33.641792
1533713233,33.6418
1533713239,33.641808
1533713245,33.641804
1533713251,33.641804
1533713257,33.641804
1533713262,33.641804
1533713268,33.641804
1533713274,33.641804
1533713280,33.641804
1533713286,33.641804
1533713291,33.641804
1533713297,33.641804
1533713302,33.641804
1533713307,33.641804
1533713313,33.641804
1533713318,33.641804
1533713329,33.641804
1533713334,33.641804
1533713340,33.641808
1533713346,33.641808
1533713351,33.641804
1533713357,33.641804
1533713362,33.641804
1533713368,33.641804
1533713374,33.641808
1533713379,33.641804
1533713385,33.641804
1533713391,33.641808
1533713397,33.641808
1533713402,42.641808
1533713408,42.641808
1533713414,42.641808
1533713419,42.641808
1533713425,42.641808
1533713431,42.641808
1533713436,42.641808
1533713442,42.641808
1533713448,42.64176
1533713453,42.641624
1533713459,42.64151
1533713465,42.641525
1533713470,42.6414
1533713475,42.64139
1533713480,42.6414
1533713485,42.64144
1533713491,42.641487
1533713496,42.641552
1533713502,42.641605
1533713508,42.6416
1533713514,42.641533
1533713519,42.641445
1533713525,42.641357
1533713530,42.6413
1533713536,42.64123
1533713542,42.64115
1533713548,42.641064
1533713554,42.64098
1533713560,42.640915
1533713566,42.640846
1533713572,42.640766
1533713577,42.640675
1533713583,42.640545
1533713588,42.64044
1533713594,42.640327
1533713600,42.640175
1533713606,42.64005
1533713611,42.639935
1533713617,42.639847
1533713622,42.63983
1533713628,42.639805
1533713635,42.63983
1533713640,42.639927
1533713651,42.640095
1533713656,42.640175
1533713662,42.640293
1533713668,42.64047
1533713673,42.640606
1533713684,42.64092
1533713690,42.641106
1533713696,42.641266
1533713702,42.641445
1533713708,42.641598
1533713713,42.64172
1533713719,42.641872
1533713724,42.64197
1533713729,42.64197
1533713734,42.642
1533713740,42.641846
1533713746,42.6417
1533713752,42.64155
1533713758,42.641415
1533713764,42.641266
1533713769,42.641148
1533713774,42.64104
1533713780,42.64096
1533713786,42.640873
1533713792,42.640793
1533713798,42.6407
1533713803,42.640633
1533713809,42.640545
1533713814,42.640472
1533713820,42.640408
1533713826,42.640366
1533713831,42.64038
1533713837,42.640488
1533713842,42.640594
1533713848,42.640728
1533713854,42.64086
1533713860,42.641
1533713866,42.641094
1533713871,42.64119
1533713876,42.641285
1533713882,42.64139
1533713888,42.641495
1533713893,42.641613
1533713899,42.641747
1533713904,42.641857
1533713910,42.641987
1533713916,42.642105
1533713922,42.642227
1533713928,42.642345
1533713935,42.64246
1533713940,42.64262
1533713945,42.64274
1533713950,42.642834
1533713956,42.64302
1533713962,42.643215
1533713973,42.64346
1533713979,42.6437
1533713985,42.643887
1533713991,42.644016
1533713996,42.644135
1533714002,42.644295
1533714008,42.644444
1533714014,42.64454
1533714020,42.64458
1533714025,42.64458
1533714031,42.644554
1533714036,42.64451
1533714042,42.644447
1533714048,42.644394
1533714054,42.64434
1533714060,42.644283
1533714065,42.64422
1533714071,42.64414
1533714077,42.644066
1533714082,42.643993
1533714088,42.643913
1533714094,42.643852
1533714099,42.643826
1533714105,42.643875
1533714110,42.643993
1533714116,42.64417
1533714121,42.644325
1533714127,42.644547
1533714133,42.64469
1533714139,42.64469
1533714145,42.644688
1533714151,42.644688
1533714157,42.644653
1533714163,42.644604
1533714168,42.644547
1533714173,42.64448
1533714179,42.644447
1533714185,42.644432
1533714191,42.64444
1533714196,42.644447
1533714202,42.644455
1533714208,42.644566
1533714214,42.644646
1533714220,42.644592
1533714225,42.644615
1533714231,42.64452
1533714237,42.64448
1533714242,42.6445
1533714248,42.64454
1533714254,42.64459
1533714260,42.64463
1533714266,42.64463
1533714272,42.644634
1533714277,42.644634
1533714283,42.644634
1533714288,42.644634
1533714294,42.644638
1533714300,42.644634
1533714305,42.644596
1533714310,42.64456
1533714316,42.644566
1533714322,42.644615
1533714327,42.644665
1533714332,42.644714
1533714338,42.644733
1533714343,42.644707
1533714349,42.64456
1533714355,42.64437
1533714361,42.644173
1533714367,42.64398
1533714373,42.64386
1533714379,42.643894
1533714384,42.644
1533714389,42.644165
1533714394,42.64432
1533714400,42.644444
1533714406,42.64451
1533714411,42.64463
1533714416,42.64476
1533714422,42.64472
1533714427,42.64453
1533714433,42.644234
1533714439,42.64397
1533714444,42.643715
1533714450,42.643414
1533714456,42.643127
1533714462,42.642838
1533714467,42.64263
1533714473,42.642387
1533714478,42.64216
1533714484,42.64184
1533714490,42.641533
1533714495,42.641266
1533714501,42.640938
1533714506,42.640724
1533714512,42.64056
1533714517,42.64065
1533714523,42.640915
1533714529,42.641167
1533714535,42.641346
1533714540,42.641666
1533714546,42.64189
1533714551,42.64202
1533714557,42.641914
1533714562,42.64166
1533714568,42.641293
1533714574,42.64097
1533714579,42.640686
1533714585,42.64036
1533714591,42.640114
1533714596,42.639965
1533714602,42.640026
1533714608,42.64026
1533714614,42.64062
1533714620,42.640915
1533714626,42.641144
1533714632,42.641273
1533714638,42.64144
1533714643,42.64153
1533714649,42.6416
1533714655,42.6416
1533714660,42.6416
1533714666,42.641605
1533714672,42.641605
1533714677,42.641605
1533714684,42.641605
1533714689,42.641605
1533714695,42.641605
1533714700,42.641605
1533714706,42.6416
1533714712,42.6416
1533714718,42.6416
1533714724,42.6416
1533714730,42.6416
1533714736,42.6416
1533714741,42.6416
1533714746,42.6416
1533714752,42.6416
1533714757,42.6416
1533714763,42.6416
1533714769,42.64161
1533714774,42.641613
1533714780,42.64162
1533714785,42.64162
1533714791,42.64162
1533714797,42.64162
1533714809,42.64162
1533714814,42.64162
1533714819,42.64162
1533714825,42.64162
1533714830,42.641624
1533714836,42.641624
1533714842,42.641624
1533714848,42.641624
1533714854,42.641666
1533714860,42.641666
1533714865,42.6417
1533714871,42.641693
1533714877,42.64169
1533714883,42.64168
1533714889,42.641644
1533714894,42.64164
1533714900,42.64164
1533714905,42.641647
1533714911,42.64166
1533714917,42.641674
1533714923,42.64166
1533714929,42.641644
1533714935,42.64162
1533714941,42.641624
1533714947,42.641632
1533714953,42.641632
1533714958,42.64163
1533714969,42.64163
1533714975,42.64163
1533714980,42.64163
1533714985,42.64162
1533714990,42.64162
1533714995,42.641617
1533715001,42.641613
1533715007,42.64161
1533715012,42.64161
1533715017,42.641613
1533715022,42.641617
1533715033,42.64162
1533715039,42.64162
1533715045,42.641624
1533715050,42.64163
1533715055,42.641636
1533715060,42.64164
1533715066,42.64164
1533715071,42.64164
1533715077,42.64164
1533715082,42.64164
1533715088,42.64164
1533715094,42.641647
1533715100,42.641644
1533715106,42.64164
1533715112,42.641636
1533715118,42.64164
1533715130,42.641674
1533715136,42.64168
1533715142,42.641685
1533715148,42.641693
1533715154,42.64169
1533715159,42.641693
1533715165,42.641697
1533715171,42.64171
1533715177,42.64171
1533715183,42.641716
1533715195,42.641693
1533715202,42.654186
1533715208,42.654186
1533715214,42.654186
1533715220,42.654186
1533715226,42.654186
1533715232,42.654186
1533715238,42.654186
1533715244,42.654186
1533715250,42.654186
1533715256,42.654186
1533715262,42.654186
1533715268,42.654186
1533715274,42.654186
1533715280,42.654186
1533715286,42.654186
1533715292,42.654186
1533715298,42.654186
1533715304,42.654186
1533715310,42.654186
1533715316,42.654186
1533715322,42.654186
1533715328,42.654186
1533715334,42.654186
1533715340,42.654186
1533715346,42.654186
1533715352,42.654186
1533715358,42.654186
1533715364,42.654186
1533715370,42.654186
1533715375,42.654186
1533715380,42.654186
1533715386,42.654186
1533715392,42.654186
1533715398,42.654186
1533715403,42.654186
1533715408,42.654186
1533715413,42.654186
1533715419,42.654186
1533715425,42.654186
1533715430,42.654186
1533715435,42.654186
1533715440,42.654186
1533715446,42.654186
1533715452,42.654186
1533715457,42.654186
1533715463,42.654186
1533715468,42.654186
1533715474,42.654186
1533715479,42.654186
1533715485,42.654186
1533715490,42.654186
1533715496,42.654186
1533715502,42.654186
1533715508,42.654186
1533715514,42.654186
1533715519,42.65408
1533715525,42.654095
1533715531,42.654133
1533715536,42.65413
1533715542,42.654175
1533715548,42.65418
1533715554,42.654182
1533715560,42.654186
1533715566,42.65418
1533715571,42.65418
1533715577,42.654175
1533715583,42.654163
1533715589,42.65418
1533715595,42.654194
1533715601,42.65424
1533715606,42.654236
1533715612,42.654232
1533715618,42.654232
1533715623,42.654232
1533715628,42.65423
1533715634,42.654213
1533715639,42.6542
1533715644,42.654186
1533715649,42.654186
1533715655,42.654186
1533715661,42.654186
1533715666,42.654186
1533715672,42.654186
1533715677,42.654186
1533715683,42.654186
1533715688,42.654186
1533715694,42.654186
1533715700,42.654186
1533715706,42.654186
1533715712,42.654186
1533715717,42.654186
1533715722,42.654186
1533715727,42.654186
1533715733,42.654186
1533715738,42.654186
1533715744,42.654186
1533715749,42.654186
1533715755,42.654186
1533715761,42.654186
1533715767,42.654186
1533715772,42.654186
1533715778,42.654186
1533715784,42.654186
1533715790,42.654186
1533715796,42.654186
1533715802,42.654186
1533715807,42.654186
1533715813,42.654186
1533715818,42.654186
1533715824,42.654186
1533715830,42.654186
1533715835,42.654186
1533715840,42.654186
1533715846,42.654186
1533715851,42.654186
1533715857,42.654186
1533715863,42.654186
1533715869,42.654186
1533715875,42.654186
1533715881,42.654186
1533715887,42.654186
1533715893,42.654186
1533715899,42.654186
1533715905,42.654186
1533715911,42.654186
1533715917,42.654186
1533715922,42.654186
1533715928,42.654163
1533715934,42.65407
1533715940,42.65398
1533715946,42.653954
1533715952,42.65396
1533715958,42.653984
1533715963,42.653946
1533715969,42.653946
1533715974,42.653946
1533715985,42.653942
1533715990,42.653942
1533715996,42.653942
1533716002,42.653942
1533716008,42.653942
1533716014,42.653942
1533716020,42.653942
1533716026,42.653942
1533716032,42.653942
1533716038,42.653942
1533716044,42.653946
1533716050,42.65395
1533716055,42.65388
1533716060,42.653824
1533716066,42.653805
1533716072,42.653805
1533716078,42.653805
1533716084,42.653805
1533716090,42.653805
1533716096,42.653805
1533716102,42.653805
1533716108,42.653805
1533716114,42.653805
1533716120,42.653805
1533716126,42.653805
1533716132,42.653805
1533716138,42.653805
1533716144,42.653805
1533716150,42.653805
1533716156,42.653805
1533716162,42.653805
1533716168,42.653805
1533716174,42.653805
1533716180,42.653805
1533716186,42.653805
1533716192,42.653805
1533716198,42.653805
1533716204,42.653805
1533716209,42.653805
1533716214,42.653805
1533716219,42.653805
1533716225,42.653805
1533716231,42.653805
1533716236,42.653805
1533716241,42.653805
1533716246,42.653805
1533716252,42.653805
1533716258,42.653805
1533716263,42.653805
1533716269,42.653805
1533716274,42.653805
1533716279,42.653805
1533716284,42.653805
1533716290,42.653805
1533716296,42.653805
1533716302,42.653805
1533716307,42.653805
1533716312,42.653805
1533716318,42.653805
1533716324,42.653805
1533716330,42.653805
1533716336,42.653805
1533716342,42.653805
1533716348,42.653805
1533716354,42.653805
1533716360,42.653805
1533716366,42.653805
1533716372,42.653805
1533716378,42.653805
1533716384,42.653805
1533716390,42.653805
1533716396,42.653805
1533716402,42.653805
1533716408,42.653805
1533716414,42.65381
1533716420,42.65381
1533716427,42.65381
1533716432,42.65381
1533716438,42.65381
1533716444,42.65381
1533716450,42.65381
1533716456,42.65381
1533716462,42.65381
1533716467,42.65381
1533716472,42.65381
1533716478,42.65381
1533716483,42.65381
1533716489,42.65381
1533716495,42.653812
1533716501,42.653812
1533716506,42.653812
1533716512,42.653812
1533716518,42.653812
1533716523,42.653812
1533716528,42.653812
1533716534,42.65385
1533716540,42.653908
1533716546,42.654007
1533716552,42.654133
1533716558,42.654247
1533716564,42.654312
1533716570,42.65436
1533716576,42.65445
1533716582,42.65462
1533716588,42.654785
1533716594,42.65496
1533716600,42.655144
1533716606,42.655308
1533716612,42.65547
1533716618,42.65564
1533716624,42.6558
1533716630,42.655968
1533716636,42.656128
1533716642,42.656273
1533716648,42.656425
1533716654,42.65659
1533716660,42.656754
1533716666,42.65692
1533716672,42.65708
1533716678,42.657253
1533716684,42.657406
1533716690,42.65756
1533716696,42.657707
1533716702,42.657867
1533716708,42.65806
1533716714,42.658245
1533716719,42.65843
1533716724,42.65856
1533716730,42.6587
1533716735,42.658787
1533716740,42.65888
1533716745,42.65896
1533716751,42.659065
1533716756,42.65917
1533716761,42.659286
1533716767,42.6594
1533716772,42.659504
1533716777,42.659595
1533716782,42.6597
1533716788,42.65983
1533716794,42.65994
1533716800,42.660072
1533716806,42.66021
1533716811,42.66032
1533716816,42.660435
1533716822,42.660545
1533716828,42.660686
1533716833,42.660793
1533716839,42.66095
1533716845,42.66108
1533716851,42.6612
1533716857,42.66134
1533716862,42.661438
1533716867,42.661526
1533716872,42.66162
1533716878,42.661674
1533716883,42.661674
1533716894,42.66169
1533716900,42.661674
1533716906,42.66166
1533716912,42.661667
1533716918,42.661686
1533716924,42.661694
1533716930,42.6617
1533716936,42.661705
1533716942,42.661713
1533716948,42.661743
1533716954,42.661785
1533716959,42.661842
1533716964,42.661903
1533716970,42.661976
1533716975,42.662052
1533716981,42.662067
1533716987,42.662052
1533716992,42.66205
1533716997,42.66202
1533717002,42.662014
1533717008,42.661995
1533717014,42.66199
1533717020,42.661938
1533717026,42.661892
1533717032,42.661873
1533717038,42.66183
1533717044,42.661766
1533717050,42.66172
1533717056,42.661674
1533717062,42.6616
1533717068,42.661537
1533717073,42.661476
1533717078,42.661446
1533717084,42.6614
1533717090,42.661346
1533717095,42.661297
1533717100,42.661247
1533717106,42.661213
1533717112,42.661163
1533717118,42.66111
1533717123,42.66107
1533717129,42.66103
1533717134,42.66099
1533717140,42.66094
1533717146,42.660873
1533717152,42.660824
1533717158,42.66076
1533717164,42.6607
1533717170,42.66064
1533717175,42.660633
1533717181,42.660538
1533717187,42.660454
1533717192,42.660374
1533717198,42.660263
1533717203,42.66018
1533717209,42.66018
1533717214,42.65997
1533717220,42.659813
1533717225,42.65967
1533717230,42.65955
1533717236,42.65941
1533717242,42.65925
1533717248,42.659092
1533717253,42.65898
1533717259,42.658848
1533717264,42.658726
1533717269,42.6586
1533717275,42.6585
1533717280,42.658504
1533717286,42.658546
1533717292,42.658558
1533717297,42.658535
1533717302,42.658512
1533717308,42.65849
1533717313,42.658497
1533717319,42.658485
1533717324,42.65848
1533717330,42.65848
1533717336,42.65848
1533717342,42.65848
1533717347,42.65848
1533717353,42.658478
1533717359,42.658474
1533717364,42.65848
1533717370,42.658485
1533717375,42.658493
1533717380,42.65851
1533717386,42.658512
1533717392,42.658554
1533717398,42.65866
1533717403,42.658756
1533717409,42.658905
1533717415,42.65906
1533717420,42.65922
1533717426,42.659386
1533717432,42.65959
1533717438,42.65967
1533717444,42.659775
1533717449,42.65991
1533717455,42.660095
1533717461,42.660244
1533717466,42.660286
1533717471,42.660305
1533717949,42.661953
1533717955,42.66202
1533717965,42.662094
1533717971,42.66206
1533717977,42.66212
1533717982,42.662167
1533717987,42.66205
1533717993,42.66181
1533717999,42.661667
1533718004,42.661625
1533718010,42.661594
1533718016,42.66157
1533718022,42.661617
1533718028,42.661625
1533718033,42.66157
1533718038,42.661427
1533718044,42.661224
1533718050,42.661026
1533718056,42.6608
1533718062,42.660633
1533718068,42.660423
1533718073,42.660206
1533718079,42.660023
1533718084,42.659874
1533718090,42.659794
1533718096,42.659733
1533718101,42.659588
1533718106,42.65937
1533718112,42.659126
1533718118,42.658875
1533718124,42.658596
1533718130,42.65833
1533718136,42.65794
1533718142,42.657536
1533718148,42.65711
1533718154,42.656662
1533718160,42.656216
1533718166,42.655804
1533718171,42.655468
1533718177,42.65517
1533718182,42.654926
1533718187,42.654743
1533718193,42.6545
1533718198,42.65433
1533718204,42.654285
1533718209,42.65423
1533718214,42.654194
1533718220,42.654167
1533718226,42.654087
1533718231,42.653965
1533718237,42.65381
1533718242,42.653664
1533718247,42.65364
1533718253,42.653675
1533718258,42.653675
1533718263,42.6537
1533718269,42.65372
1533718275,42.65374
1533718281,42.65377
1533718287,42.65381
1533718292,42.653873
1533718298,42.65392
1533718304,42.653893
1533718310,42.653866
1533718315,42.65387
1533718320,42.653854
1533718326,42.653847
1533718331,42.653862
1533718337,42.653862
1533718342,42.653873
1533718348,42.65388
1533718354,42.653885
1533718360,42.653885
1533718366,42.65388
1533718371,42.653873
1533718376,42.653873
1533718382,42.65388
1533718388,42.653877
1533718394,42.653873
1533718399,42.653877
1533718404,42.65388
1533718410,42.65388
1533718416,42.653885
1533718421,42.65389
1533718427,42.653893
1533718432,42.653893
1533718438,42.653893
1533718444,42.6539
1533718454,42.653904
1533718460,42.653896
1533718466,42.653893
1533718472,42.653885
1533718478,42.653885
1533718483,42.653885
1533718489,42.653893
1533718495,42.65392
1533718501,42.653934
1533718506,42.653934
1533718512,42.65393
1533718517,42.653904
1533718523,42.653805
1533718529,42.65378
1533718534,42.653793
1533718540,42.653793
1533718545,42.653793
1533718551,42.653793
1533718557,42.6538
1533718562,42.653797
1533718568,42.653786
1533718574,42.653786
1533718580,42.65378
1533718586,42.65378
1533718591,42.65378
1533718597,42.653786
1533718602,42.653786
1533718608,42.653793
1533718614,42.653805
1533718619,42.65381
1533718625,42.653812
1533718631,42.65382
1533718637,42.653828
1533718643,42.653835
1533718648,42.653847
1533718654,42.653866
1533718660,42.6539
1533718666,42.65393
1533718672,42.653946
1533718677,42.653954
1533718683,42.653957
1533718688,42.653954
1533718693,42.653927
1533718699,42.653973
1533718705,42.65406
1533718711,42.65419
1533718716,42.65428
1533718722,42.654346
1533718727,42.654408
1533718733,42.65453
1533718738,42.654667
1533718744,42.65482
1533718750,42.654995
1533718756,42.655167
1533718762,42.655373
1533718768,42.655586
1533718773,42.65576
1533718779,42.655987
1533718785,42.6562
1533718791,42.656445
1533718796,42.65665
1533715206,42.661552
1533715211,42.661674
1533715222,42.66182
1533715228,42.66188
1533715233,42.661915
1533715238,42.661964
1533715244,42.661972
1533715249,42.661938
1533715254,42.661835
1533715260,42.661686
1533715266,42.661648
1533715271,42.661644
1533715277,42.661636
1533715282,42.661667
1533715288,42.66166
1533715294,42.661507
1533715299,42.66134
1533715305,42.661125
1533715311,42.66092
1533715350,42.659332
1533715356,42.659065
1533715362,42.658802
1533715368,42.658535
1533715374,42.658268
1533715385,42.657772
1533715390,42.657516
1533715395,42.657307
1533715401,42.657005
1533715406,42.656773
1533715412,42.65648
1533715417,42.656227
1533715423,42.65597
1533715429,42.655746
1533715434,42.655487
1533715440,42.65534
1533715445,42.655178
1533715451,42.654995
1533715457,42.65486
1533715462,42.65476
1533715467,42.654613
1533715473,42.654476
1533715478,42.654377
1533715484,42.654335
1533715489,42.654327
1533715495,42.65433
1533715501,42.65433
1533715506,42.65433
1533715512,42.65433
1533715518,42.65433
1533715524,42.654327
1533715529,42.65428
1533715535,42.654243
1533715541,42.654232
1533715546,42.654232
1533715552,42.654236
1533715557,42.654232
1533715563,42.65423
1533715568,42.65422
1533715573,42.654186
1533715579,42.65415
1533715584,42.65418
1533715589,42.654175
1533715595,42.654167
1533715601,42.654167
1533715607,42.654167
1533715613,42.654167
1533715618,42.654167
1533715624,42.654167
1533715630,42.654167
1533715635,42.654167
1533715640,42.654167
1533715646,42.654167
1533715652,42.654167
1533715658,42.654167
1533715663,42.654167
1533715669,42.654167
1533715675,42.654167
1533715681,42.654167
1533715687,42.654167
1533715692,42.654167
1533715698,42.654167
1533715703,42.654167
1533715709,42.654167
1533715715,42.654167
1533715721,42.654167
1533715727,42.654167
1533715733,42.654167
1533715738,42.654167
1533715744,42.654167
1533715750,42.654167
1533715755,42.654167
1533715761,42.654167
1533715766,42.654167
1533715771,42.654167
1533715776,42.654167
1533715782,42.654167
1533715787,42.654167
1533715793,42.654167
1533715798,42.654167
1533715804,42.654167
1533715809,42.654167
1533715815,42.654167
1533715821,42.654167
1533715826,42.654167
1533715832,42.654167
1533715838,42.654167
1533715843,42.654167
1533715849,42.654167
1533715854,42.654167
1533715859,42.654167
1533715865,42.654167
1533715870,42.654167
1533715876,42.654167
1533715882,42.654167
1533715888,42.654167
1533715893,42.654167
1533715899,42.654167
1533715905,42.654167
1533715910,42.654167
1533715916,42.654167
1533715921,42.654167
1533715927,42.654167
1533715933,42.654167
1533715938,42.654167
1533715943,42.654167
1533715949,42.654167
1533715955,42.654167
1533715961,42.6541
1533715967,42.654053
1533715972,42.654053
1533715977,42.65407
1533715983,42.654114
1533715990,42.6541
1533715995,42.654125
1533716000,42.654137
1533716006,42.654137
1533716011,42.654095
1533716016,42.654037
1533716021,42.65398
1533716026,42.653942
1533716032,42.65388
1533716037,42.65384
1533716043,42.65378
1533716049,42.65373
1533716054,42.65369
1533716060,42.65367
1533716066,42.653667
1533716071,42.653667
1533716076,42.653667
1533716082,42.653667
1533716088,42.65367
1533716094,42.653667
1533716099,42.653656
1533716105,42.65364
1533716111,42.65363
1533716117,42.653633
1533716122,42.65364
1533716128,42.65364
1533716134,42.65365
1533716140,42.65366
1533716146,42.653667
1533716152,42.653667
1533716158,42.65367
1533716164,42.653675
1533716170,42.653675
1533716176,42.653675
1533716182,42.653675
1533716188,42.653675
1533716194,42.653675
1533716199,42.653675
1533716205,42.653675
1533716211,42.653675
1533716216,42.653675
1533716222,42.653675
1533716227,42.653675
1533716233,42.653675
1533716238,42.653675
1533716249,42.653675
1533716255,42.653675
1533716260,42.653675
1533716266,42.653675
1533716271,42.653675
1533716283,42.653675
1533716289,42.653675
1533716295,42.65368
1533716300,42.65368
1533716306,42.65368
1533716311,42.65368
1533716316,42.65368
1533716322,42.65368
1533716327,42.65368
1533716333,42.65368
1533716339,42.65368
1533716344,42.65368
1533716350,42.65368
1533716355,42.65368
1533716361,42.65368
1533716366,42.65368
1533716372,42.65368
1533716378,42.65368
1533716384,42.65368
1533716390,42.653675
1533716395,42.653675
1533716400,42.653675
1533716406,42.653675
1533716411,42.653675
1533716416,42.653675
1533716422,42.653675
1533716428,42.653675
1533716434,42.653675
1533716440,42.653675
1533716445,42.653675
1533716451,42.653675
1533716457,42.653675
1533716463,42.653675
1533716469,42.653675
1533716474,42.653675
1533716479,42.653675
1533716485,42.653675
1533716490,42.653675
1533716495,42.653675
1533716501,42.653675
1533716506,42.653675
1533716512,42.653698
1533716517,42.65371
1533716523,42.6537
1533716529,42.653706
1533716541,42.65373
1533716547,42.653706
1533716552,42.653713
1533716557,42.65372
1533716564,42.653732
1533716570,42.653744
1533716576,42.65374
1533716582,42.653744
1533716587,42.653732
1533716593,42.653732
1533716598,42.65373
1533716603,42.65374
1533716609,42.653748
1533716615,42.653755
1533716621,42.653763
1533716626,42.65383
1533716637,42.65392
1533716643,42.653893
1533716648,42.653847
1533716654,42.653866
1533716660,42.653946
1533716666,42.653915
1533716672,42.65387
1533716678,42.653828
1533716684,42.653828
1533716689,42.65382
1533716694,42.653816
1533716700,42.653812
1533716706,42.653812
1533716712,42.653816
1533716718,42.653812
1533716724,42.65382
1533716730,42.65382
1533716736,42.65382
1533716742,42.653816
1533716747,42.653812
1533716753,42.653812
1533716758,42.653812
1533716763,42.653816
1533716769,42.653824
1533716774,42.65382
1533716780,42.653816
1533716786,42.65382
1533716792,42.65383
1533716797,42.653835
1533716803,42.65384
1533716808,42.65384
1533716814,42.653835
1533716820,42.65384
1533716826,42.65383
1533716832,42.65383
1533716837,42.65383
1533716842,42.653828
1533716848,42.653828
1533716854,42.65383
1533716860,42.653828
1533716866,42.653828
1533716872,42.65383
1533716877,42.65383
1533716889,42.653828
1533716895,42.653835
1533716900,42.65384
1533716906,42.65384
1533716912,42.65384
1533716917,42.65384
1533716923,42.65385
1533716929,42.653847
1533716935,42.653843
1533716940,42.65383
1533716946,42.65383
1533716952,42.65383
1533716957,42.653828
1533716962,42.653828
1533716968,42.653824
1533716979,42.653824
1533716985,42.653824
1533716990,42.653824
1533716995,42.653824
1533717001,42.653824
1533717007,42.653824
1533717012,42.653828
1533717024,42.653828
1533717029,42.653824
1533717034,42.653824
1533717040,42.653824
1533717046,42.653824
1533717051,42.653824
1533717057,42.653824
1533717063,42.653824
1533717068,42.653824
1533717073,42.653824
1533717079,42.653824
1533717084,42.653824
1533717090,42.653824
1533717095,42.653824
1533717100,42.653824
1533717106,42.653824
1533717112,42.653824
1533717117,42.653824
1533717123,42.65385
1533717129,42.65391
1533717134,42.654007
1533717140,42.654152
1533717151,42.65426
1533717156,42.654285
1533717162,42.654366
1533717167,42.654472
1533717173,42.654606
1533717179,42.65476
1533717184,42.65488
1533717190,42.655
1533717195,42.655186
1533717201,42.655357
1533717207,42.6555
1533717213,42.65563
1533717218,42.65576
1533717224,42.65588
1533717229,42.656033
1533717235,42.65618
1533717241,42.65634
1533717246,42.656487
1533717251,42.656612
1533717257,42.656773
1533717263,42.656948
1533717268,42.6571
1533717274,42.65723
1533717279,42.657402
1533717285,42.65754
1533717291,42.657707
1533717297,42.657864
1533717302,42.658043
1533717308,42.658207
1533717313,42.658394
1533717320,42.658607
1533717325,42.658806
1533717330,42.65896
1533717335,42.659126
1533717342,42.659306
1533717347,42.659473
1533717352,42.65962
1533717358,42.65976
1533717364,42.65992
1533717369,42.660053
1533717374,42.6602
1533717379,42.660294
1533717385,42.660385
1533717390,42.660515
1533717395,42.660606
1533717401,42.660725
1533717406,42.660828
1533717412,42.660934
1533717418,42.661083
1533717424,42.66123
1533717429,42.66135
1533717441,42.6616
1533717447,42.661682
1533717452,42.66171
1533717457,42.6617
1533717463,42.66167
1533717469,42.66165
1533717474,42.66164
1533717480,42.66166
1533717485,42.661686
1533717491,42.66169
1533717497,42.661697
1533717503,42.661728
1533717509,42.66181
1533717515,42.661892
1533717521,42.661972
1533717526,42.662052
1533717532,42.66213
1533717537,42.662113
1533717543,42.662056
1533717549,42.662014
1533717555,42.66197
1533717561,42.66193
1533717600,42.66147
1533717605,42.66136
1533717610,42.66123
1533717617,42.661102
1533717622,42.660973
1533717633,42.660755
1533717639,42.660748
1533717644,42.660595
1533717650,42.660435
1533717656,42.66024
1533717662,42.660046
1533717668,42.659832
1533717673,42.659626
1533717679,42.659462
1533717684,42.659298
1533717690,42.6591
1533717695,42.658913
1533717702,42.65877
1533717708,42.65868
1533717714,42.65862
1533717720,42.658607
1533717726,42.658607
1533717731,42.658592
1533717736,42.658554
1533717743,42.658485
1533717748,42.658447
1533717753,42.658394
1533717760,42.65844
1533717765,42.65848
1533717771,42.658493
1533717776,42.658497
1533717781,42.658493
1533717787,42.65852
1533717793,42.65854
1533717798,42.65854
1533717804,42.65854
1533717809,42.658535
1533717815,42.658512
1533717820,42.658493
1533717826,42.65848
1533717831,42.658535
1533717836,42.658535
1533717841,42.65902
1533717847,42.65922
1533717853,42.65944
1533717858,42.659615
1533717863,42.659782
1533717868,42.659954
1533717874,42.66016
1533717879,42.660225
1533717884,42.660267
1533717919,42.66131
1533717924,42.661453
1533717930,42.6616
1533717936,42.661667
1533717941,42.661686
1533717947,42.661694
1533717952,42.66173
1533717958,42.66184
1533717964,42.66187
1533717970,42.661865
1533717975,42.66189
1533717980,42.661934
1533717986,42.66202
1533717992,42.66191
1533717997,42.661697
1533718003,42.661613
1533718008,42.661606
1533718014,42.6616
1533718019,42.661606
1533718025,42.661613
1533718030,42.66166
1533718036,42.661625
1533718042,42.661396
1533718047,42.66122
1533718053,42.661015
1533718058,42.66088
1533718064,42.660755
1533718069,42.66062
1533718075,42.66044
1533718080,42.66022
1533718086,42.65996
1533718091,42.65974
1533718096,42.659508
1533718102,42.659195
1533718108,42.658947
1533718113,42.658768
1533718119,42.658527
1533718125,42.65827
1533718130,42.658054
1533718136,42.65784
1533718174,42.655914
1533718179,42.65568
1533718185,42.65542
1533718190,42.655193
1533718195,42.65497
1533718201,42.654793
1533718207,42.654633
1533718213,42.654514
1533718219,42.654427
1533718224,42.654404
1533718230,42.654392
1533718235,42.65436
1533718240,42.654285
1533718246,42.654247
1533718252,42.654156
1533718258,42.654045
1533718263,42.65395
1533718274,42.653988
1533718279,42.65402
1533718285,42.654053
1533718291,42.65407
1533718296,42.654068
1533718302,42.654125
1533718308,42.654125
1533718314,42.654114
1533718320,42.65408
1533718326,42.654114
1533718332,42.654167
1533718337,42.654167
1533718343,42.654175
1533718348,42.654175
1533718353,42.654175
1533718359,42.65418
1533718365,42.654182
1533718370,42.654186
1533718376,42.654186
1533718381,42.654186
1533718387,42.654194
1533718393,42.654194
1533718398,42.654194
1533718404,42.6542
1533718409,42.654205
1533718414,42.654205
1533718420,42.654205
1533718426,42.654205
1533718432,42.654213
1533718437,42.65422
1533718443,42.65422
1533718448,42.65423
1533718454,42.654224
1533718460,42.654217
1533718466,42.654213
1533718472,42.654213
1533718477,42.654213
1533718483,42.654213
1533718489,42.654213
1533718501,42.654213
1533718507,42.65422
1533718513,42.65422
1533718519,42.65423
1533718525,42.65423
1533718530,42.65422
1533718536,42.654213
1533718542,42.654213
1533718547,42.654213
1533718553,42.654213
1533718558,42.654213
1533718564,42.65421
1533718570,42.65421
1533718576,42.654205
1533718581,42.65421
1533718586,42.654213
1533718592,42.654213
1533718598,42.654217
1533718603,42.65422
1533718609,42.65423
1533718615,42.65422
1533718621,42.65422
1533718627,42.654213
1533718632,42.65421
1533718638,42.654205
1533718643,42.654205
1533718649,42.654205
1533718654,42.654205
1533718660,42.654213
1533718665,42.654205
1533718671,42.654205
1533718676,42.65421
1533718682,42.654205
1533718694,42.654205
1533718700,42.654205
1533718705,42.654205
1533718711,42.6542
1533718716,42.654194
1533718722,42.65415
1533718728,42.65409
1533718733,42.654015
1533718739,42.65396
1533718745,42.653908
1533718750,42.65391
1533718755,42.653927
1533718761,42.65392
1533718767,42.653915
1533718772,42.653908
1533718778,42.653904
1533718784,42.653893
1533718790,42.65388
1533718795,42.653812
1533715200,42.641647
1533715205,42.641605
1533715211,42.64155
1533715217,42.641506
1533715223,42.641476
1533715229,42.641434
1533715234,42.6414
1533715240,42.641365
1533715246,42.64133
1533715251,42.641285
1533715256,42.641266
1533715262,42.641193
1533715268,42.641144
1533715274,42.641094
1533715280,42.641026
1533715286,42.640953
1533715292,42.64089
1533715297,42.640835
1533715303,42.640747
1533715308,42.64066
1533715313,42.64058
1533715319,42.64046
1533715324,42.64034
1533715330,42.64022
1533715335,42.64012
1533715340,42.64004
1533715346,42.63995
1533715352,42.63986
1533715358,42.639805
1533715364,42.639866
1533715370,42.639965
1533715375,42.640087
1533715387,42.640244
1533715393,42.6403
1533715399,42.640347
1533715405,42.64042
1533715411,42.64044
1533715416,42.640446
1533715421,42.64049
1533715427,42.64053
1533715432,42.64056
1533715438,42.640583
1533715444,42.64057
1533715450,42.640545
1533715456,42.64048
1533715462,42.640488
1533715468,42.6405
1533715473,42.6405
1533715479,42.64056
1533715484,42.64057
1533715490,42.640587
1533715496,42.640587
1533715502,42.640587
1533715508,42.6406
1533715514,42.6406
1533715520,42.640583
1533715525,42.64056
1533715530,42.64056
1533715536,42.64058
1533715542,42.640583
1533715548,42.64057
1533715553,42.64057
1533715559,42.64057
1533715565,42.640587
1533715571,42.64059
1533715576,42.64059
1533715581,42.640568
1533715586,42.640503
1533715592,42.64042
1533715598,42.64038
1533715603,42.640366
1533715609,42.6402
1533715615,42.640026
1533715621,42.63983
1533715627,42.639755
1533715633,42.639893
1533715638,42.64001
1533715643,42.64018
1533715649,42.640404
1533715655,42.64056
1533715661,42.640713
1533715667,42.64088
1533715673,42.640995
1533715679,42.641094
1533715684,42.641235
1533715690,42.641415
1533715696,42.64146
1533715702,42.64155
1533715708,42.641567
1533715714,42.64157
1533715720,42.64157
1533715725,42.64157
1533715731,42.64157
1533715737,42.64157
1533715742,42.64157
1533715748,42.64157
1533715754,42.64157
1533715760,42.641567
1533715765,42.641567
1533715771,42.641567
1533715776,42.641567
1533715782,42.641567
1533715787,42.641567
1533715793,42.641567
1533715799,42.641567
1533715804,42.641567
1533715809,42.641567
1533715815,42.641567
1533715821,42.641567
1533715826,42.64157
1533715832,42.641575
1533715837,42.641575
1533715842,42.641575
1533715848,42.641575
1533715853,42.641575
1533715859,42.641575
1533715865,42.64158
1533715870,42.641575
1533715876,42.64158
1533715882,42.64158
1533715888,42.64158
1533715894,42.64158
1533715900,42.64158
1533715905,42.64158
1533715910,42.64158
1533715916,42.64158
1533715922,42.64158
1533715928,42.64158
1533715933,42.64158
1533715939,42.64158
1533715945,42.64158
1533715951,42.64158
1533715956,42.641605
1533715962,42.641655
1533715968,42.641655
1533715974,42.641655
1533715980,42.64171
1533715986,42.641712
1533715991,42.64172
1533715997,42.641712
1533716003,42.641716
1533716009,42.64171
1533716015,42.6417
1533716020,42.64169
1533716026,42.64168
1533716032,42.641685
1533716038,42.6417
1533716044,42.641693
1533716049,42.641712
1533716055,42.641747
1533716060,42.641754
1533716066,42.64163
1533716072,42.641563
1533716078,42.641552
1533716084,42.641552
1533716089,42.641556
1533716095,42.641552
1533716101,42.641533
1533716106,42.641468
1533716111,42.64142
1533716117,42.64144
1533716123,42.641506
1533716129,42.641605
1533716134,42.64161
1533716139,42.64156
1533716144,42.641495
1533716150,42.641426
1533716156,42.64149
1533716161,42.641605
1533716167,42.641735
1533716173,42.64171
1533716179,42.64168
1533716184,42.6417
1533716190,42.64176
1533716195,42.641766
1533716201,42.641773
1533716206,42.641766
1533716212,42.641747
1533716218,42.6418
1533716223,42.641792
1533716229,42.641773
1533716235,42.641815
1533716241,42.641808
1533716247,42.641808
1533716253,42.641808
1533716259,42.641815
1533716264,42.641792
1533716270,42.64176
1533716275,42.64176
1533716281,42.64179
1533716287,42.64179
1533716293,42.64179
1533716299,42.641792
1533716304,42.641792
1533716309,42.64186
1533716320,42.64185
1533716326,42.64184
1533716331,42.641838
1533716336,42.641827
1533716342,42.641865
1533716348,42.64188
1533716353,42.641888
1533716359,42.64189
1533716365,42.64191
1533716371,42.64192
1533716377,42.641907
1533716382,42.64186
1533716388,42.64186
1533716393,42.641853
1533716399,42.641853
1533716405,42.641853
1533716410,42.64186
1533716416,42.64188
1533716421,42.64188
1533716426,42.641884
1533716432,42.641834
1533716438,42.641747
1533716450,42.64149
1533716456,42.641388
1533716462,42.64134
1533716468,42.641354
1533716474,42.64138
1533716480,42.641445
1533716486,42.641453
1533716492,42.641468
1533716498,42.64147
1533716503,42.64148
1533716509,42.641495
1533716515,42.641556
1533716521,42.641594
1533716527,42.64156
1533716533,42.6415
1533716538,42.641468
1533716543,42.641426
1533716549,42.641354
1533716555,42.641296
1533716561,42.641235
1533716567,42.641174
1533716578,42.641014
1533716584,42.64093
1533716590,42.640835
1533716595,42.640747
1533716600,42.64061
1533716606,42.640507
1533716612,42.64036
1533716617,42.64022
1533716622,42.640106
1533716628,42.639988
1533716636,42.639866
1533716641,42.639885
1533716647,42.640038
1533716653,42.640205
1533716659,42.64042
1533716664,42.64066
1533716670,42.640923
1533716676,42.64112
1533716682,42.641342
1533716687,42.641487
1533716693,42.64164
1533716699,42.64182
1533716705,42.64198
1533716711,42.64201
1533716716,42.641953
1533716722,42.641815
1533716727,42.64166
1533716733,42.641525
1533716738,42.64142
1533716744,42.64131
1533716750,42.641186
1533716756,42.641056
1533716761,42.64094
1533716767,42.640873
1533716772,42.640884
1533716778,42.640907
1533716783,42.6409
1533716789,42.64088
1533716795,42.64085
1533716800,42.640766
1533716806,42.6407
1533716811,42.64066
1533716816,42.640614
1533716822,42.64055
1533716828,42.64048
1533716833,42.640404
1533716839,42.64039
1533716844,42.640446
1533716849,42.640446
1533716855,42.64068
1533716861,42.64082
1533716866,42.64094
1533716872,42.641117
1533716878,42.64126
1533716883,42.641376
1533716889,42.641495
1533716894,42.64162
1533716900,42.641792
1533716906,42.64195
1533716912,42.6421
1533716917,42.642235
1533716922,42.642345
1533716928,42.642506
1533716936,42.64269
1533716941,42.64292
1533716947,42.64316
1533716953,42.643406
1533716959,42.643635
1533716965,42.643852
1533716971,42.64407
1533716977,42.644234
1533716982,42.644386
1533716988,42.644535
1533716993,42.6446
1533716999,42.644615
1533717004,42.644592
1533717010,42.64454
1533717016,42.644463
1533717021,42.64441
1533717027,42.644367
1533717032,42.64433
1533717038,42.64427
1533717044,42.6442
1533717050,42.64416
1533717056,42.644077
1533717061,42.644005
1533717067,42.64393
1533717073,42.64386
1533717079,42.64382
1533717084,42.64384
1533717090,42.64394
1533717096,42.644135
1533717101,42.644295
1533717107,42.644554
1533717112,42.644688
1533717117,42.644714
1533717123,42.644714
1533717128,42.644707
1533717134,42.64468
1533717139,42.644665
1533717145,42.644646
1533717150,42.644608
1533717156,42.6445
1533717161,42.64445
1533717167,42.64437
1533717172,42.644264
1533717177,42.64416
1533717183,42.64403
1533717189,42.643948
1533717194,42.643986
1533717200,42.643982
1533717206,42.64391
1533717212,42.643784
1533717218,42.64366
1533717224,42.64356
1533717230,42.643387
1533717236,42.64334
1533717241,42.643394
1533717247,42.643387
1533717253,42.64338
1533717259,42.643368
1533717264,42.643375
1533717270,42.643375
1533717275,42.643387
1533717287,42.643326
1533717293,42.64329
1533717299,42.6433
1533717305,42.643307
1533717311,42.64331
1533717317,42.64331
1533717323,42.643314
1533717329,42.64331
1533717335,42.643307
1533717340,42.643314
1533717352,42.64344
1533717357,42.643528
1533717363,42.643654
1533717368,42.643753
1533717374,42.643894
1533717380,42.644062
1533717386,42.64421
1533717393,42.64434
1533717398,42.64444
1533717404,42.64451
1533717416,42.644653
1533717422,42.644672
1533717428,42.644566
1533717434,42.644455
1533717439,42.644306
1533717445,42.644073
1533717450,42.643898
1533717456,42.6437
1533717462,42.643375
1533717468,42.643078
1533717474,42.64302
1533717479,42.643055
1533717485,42.6429
1533717491,42.64284
1533717497,42.642933
1533717502,42.642986
1533717508,42.64302
1533717513,42.643013
1533717519,42.642998
1533717524,42.642975
1533717529,42.642975
1533717536,29.643005000000002
1533717541,29.6432
1533717546,29.643340000000002
1533717551,29.643493999999997
1533717557,29.643707
1533717563,29.6438
1533717569,29.643935999999997
1533717575,29.644053999999997
1533717580,29.644188
1533717586,29.64432
1533717592,29.644444
1533717597,29.64456
1533717608,29.644689999999997
1533717614,29.644706999999997
1533717620,29.644706999999997
1533717626,29.64465
1533717632,29.644416999999997
1533717638,29.644207
1533717644,29.64398
1533717650,29.643836999999998
1533717656,29.643833
1533717662,29.643985999999998
1533717668,29.64414
1533717674,29.6443
1533717679,29.644413
1533717685,29.6445
1533717690,29.644607999999998
1533717695,29.644733000000002
1533717700,29.644745
1533717706,29.64459
1533717711,29.644413
1533717716,29.644190000000002
1533717722,29.643894000000003
1533717728,29.643610000000002
1533717734,29.643279999999997
1533717740,29.642994
1533717745,29.64275
1533717751,29.642516999999998
1533717757,29.642265000000002
1533717762,29.642082000000002
1533717767,29.641910000000003
1533717772,29.641734999999997
1533717778,29.641502000000003
1533717784,29.64125
1533717790,29.641
1533717800,29.640639999999998
1533717806,29.640625
1533717812,29.640839999999997
1533717817,29.641106
1533717823,29.64139
1533717829,29.641582
1533717836,29.641734999999997
1533717841,29.641953
1533717847,29.642020000000002
1533717852,29.641979999999997
1533717858,29.641712
1533717863,29.641469999999998
1533717868,29.641199999999998
1533717874,29.640926
1533717880,29.640636
1533717886,29.640385000000002
1533717897,29.640045
1533717903,29.639919999999996
1533717908,29.639940000000003
1533717914,29.640120000000003
1533717920,29.640500000000003
1533717926,29.64076
1533717932,29.64092
1533717944,29.641285000000003
1533717950,29.641426000000003
1533717956,29.641605
1533717962,29.641613
1533717967,29.641460000000002
1533717972,29.641419999999997
1533717978,29.641509999999997
1533717984,29.641620000000003
1533717995,29.64166
1533718000,29.641666
1533718006,29.641712
1533718011,29.64177
1533718017,29.641800000000003
1533718022,29.64183
1533718027,29.641834000000003
1533718033,29.64183
1533718039,29.641800000000003
1533718045,29.64172
1533718051,29.641710000000003
1533718056,29.641710000000003
1533718062,29.6417
1533718068,29.641710000000003
1533718073,29.641712
1533718078,29.641710000000003
1533718084,29.641712
1533718089,29.641712
1533718094,29.641710000000003
1533718100,29.641712
1533718105,29.641712
1533718110,29.641716000000002
1533718116,29.64172
1533718122,29.641727000000003
1533718128,29.641727000000003
1533718136,29.641727000000003
1533718141,29.641727000000003
1533718146,29.641727000000003
1533718152,29.641730000000003
1533718157,29.641734999999997
1533718163,29.641724000000004
1533718169,29.641727000000003
1533718174,29.641727000000003
1533718180,29.641730000000003
1533718186,29.641730000000003
1533718192,29.641727000000003
1533718197,29.641734999999997
1533718202,29.641734999999997
1533718208,29.641747000000002
1533718213,29.641754
1533718219,29.641754
1533718224,29.641710000000003
1533718230,29.64172
1533718236,29.641712
1533718242,29.641689999999997
1533718248,29.641655
1533718254,29.641620000000003
1533718259,29.641567000000002
1533718265,29.641495
1533718270,29.641444999999997
1533718275,29.641388
1533718281,29.641379999999998
1533718287,29.641433999999997
1533718293,29.641533000000003
1533718298,29.641593999999998
1533718304,29.641613
1533718310,29.641605
1533718315,29.641575000000003
1533718321,29.641506
1533718326,29.641440000000003
1533718332,29.641373
1533718338,29.641308000000002
1533718343,29.641295999999997
1533718349,29.641254000000004
1533718355,29.641185999999998
1533718361,29.641112999999997
1533718366,29.641052000000002
1533718372,29.641
1533718378,29.64094
1533718383,29.640907
1533718388,29.640858
1533718394,29.640762000000002
1533718399,29.640686000000002
1533718405,29.640569999999997
1533718411,29.640500000000003
1533718416,29.640408
1533718422,29.640279999999997
1533718427,29.640175
1533718433,29.640026
1533718439,29.63991
1533718445,29.639843
1533718450,29.639812
1533718455,29.639885
1533718461,29.640045
1533718467,29.640247000000002
1533718472,29.640369999999997
1533718477,29.640520000000002
1533718483,29.640749999999997
1533718488,29.640929999999997
1533718494,29.64112
1533718499,29.6413
1533718505,29.641457000000003
1533718510,29.641585999999997
1533718515,29.641750000000002
1533718520,29.641894999999998
1533718526,29.641993999999997
1533718532,29.642032999999998
1533718538,29.641945
1533718543,29.64181
1533718548,29.641674000000002
1533718554,29.641674000000002
1533718559,29.641440000000003
1533718565,29.641309999999997
1533718570,29.641197
1533718576,29.641060000000003
1533718582,29.640934
1533718587,29.640835000000003
1533718593,29.64069
1533718598,29.64058
1533718604,29.640423
1533718609,29.640392
1533718615,29.64047
1533718621,29.640639999999998
1533718627,29.640793000000002
1533718632,29.640945000000002
1533718637,29.64112
1533718643,29.6413
1533718649,29.641444999999997
1533718655,29.641593999999998
1533718660,29.641712
1533718666,29.641889999999997
1533718671,29.642063
1533718678,29.642273000000003
1533718684,29.642456000000003
1533718689,29.642628000000002
1533718694,29.642764999999997
1533718700,29.64291
1533718705,29.643047000000003
1533718710,29.643189999999997
1533718716,29.643369999999997
1533718721,29.643562000000003
1533718727,29.643734000000002
1533718733,29.643912999999998
1533718739,29.6441
1533718745,29.64427
1533718751,29.644463000000002
1533718756,29.644547000000003
1533718762,29.644615
1533718767,29.644640000000003
1533718773,29.644592000000003
1533718778,29.6445
1533718783,29.644399999999997
1533718788,29.644337
1533718793,29.644283
1533718799,29.64421
1533718802,29.656883
1533718807,29.65706
1533718812,29.65728
1533718817,29.657413
1533718822,29.657559999999997
1533718827,29.65775
1533718832,29.657989999999998
1533718838,29.658164999999997
1533718844,29.65838
1533718850,29.658569999999997
1533718856,29.658794
1533718862,29.658977999999998
1533718868,29.65914
1533718874,29.6593
1533718880,29.659439999999996
1533718886,29.659615000000002
1533718892,29.659799999999997
1533718898,29.659945999999998
1533718904,29.660107000000004
1533718909,29.660244
1533718915,29.660446
1533718921,29.660606
1533718926,29.66073
1533718932,29.660891999999997
1533718938,29.661022000000003
1533718943,29.661147999999997
1533718948,29.661254999999997
1533718953,29.6614
1533718958,29.661472000000003
1533718964,29.661606
1533718970,29.66169
1533718976,29.661679999999997
1533718982,29.66165
1533718987,29.66162
1533718993,29.661625
1533718999,29.661633000000002
1533719004,29.661648
1533719010,29.66164
1533719015,29.661667
1533719021,29.661682
1533719026,29.661700000000003
1533719032,29.661713
1533719038,29.661704999999998
1533719043,29.661713
1533719048,29.66176
1533719054,29.661816
1533719060,29.66189
1533719066,29.661969999999997
1533719072,29.662033
1533719078,29.662067
1533719084,29.66205
1533719090,29.661972
1533719096,29.661915
1533719102,29.661884
1533719108,29.661827000000002
1533719114,29.661762000000003
1533719120,29.661704999999998
1533719126,29.661636
1533719132,29.661568000000003
1533719138,29.661479999999997
1533719144,29.661414999999998
1533719150,29.661340000000003
1533719156,29.661293
1533719162,29.661247000000003
1533719168,29.661194000000002
1533719173,29.66115
1533719178,29.661113999999998
1533719184,29.661064000000003
1533719189,29.66102
1533719195,29.660964999999997
1533719200,29.660933999999997
1533719205,29.660891999999997
1533719210,29.660854
1533719216,29.660805000000003
1533719222,29.660739999999997
1533719228,29.660666999999997
1533719234,29.660614000000002
1533719240,29.660539999999997
1533719245,29.660465000000002
1533719250,29.660384999999998
1533719256,29.660275
1533719262,29.660151999999997
1533719268,29.660020000000003
1533719274,29.65988
1533719280,29.659706
1533719285,29.659554
1533719291,29.65938
1533719302,29.65905
1533719308,29.658900000000003
1533719314,29.658749999999998
1533719320,29.65858
1533719325,29.658454999999996
1533719331,29.6584
1533719337,29.658454999999996
1533719343,29.65844
1533719348,29.658417
1533719354,29.65838
1533719359,29.658389999999997
1533719365,29.658389999999997
1533719370,29.658386
1533719376,29.658389999999997
1533719381,29.6584
1533719387,29.6584
1533719393,29.6584
1533719398,29.658431999999998
1533719404,29.658572999999997
1533719409,29.65874
1533719414,29.658893999999997
1533719419,29.65909
1533719425,29.6593
1533719430,29.659526999999997
1533719436,29.659644999999998
1533719441,29.65976
1533719446,29.659912
1533719452,29.660072
1533719457,29.660269999999997
1533719463,29.660473000000003
1533719469,29.660580000000003
1533719474,29.660656000000003
1533719485,29.660835
1533719490,29.660927
1533719495,29.66109
1533719501,29.661247000000003
1533719507,29.66144
1533719512,29.661521999999998
1533719518,29.661568000000003
1533719523,29.661630000000002
1533719529,29.661704999999998
1533719535,29.661766
1533719540,29.661823
1533719545,29.661873
1533719550,29.66191
1533719556,29.66194
1533719561,29.66194
1533719567,29.661859999999997
1533719573,29.661713
1533719579,29.661606
1533719585,29.661586999999997
1533719591,29.661544999999997
1533719597,29.661521999999998
1533719602,29.66156
1533719607,29.66162
1533719613,29.661630000000002
1533719618,29.661503000000003
1533719624,29.661293
1533719630,29.661045
1533719635,29.660896
1533719641,29.660732000000003
1533719647,29.66048
1533719653,29.660249999999998
1533719658,29.660083999999998
1533719663,29.659897
1533719669,29.6597
1533719674,29.659509999999997
1533719679,29.659294000000003
1533719684,29.659092
1533719690,29.65891
1533719695,29.65873
1533719700,29.658549999999998
1533719705,29.658375
1533719711,29.658188000000003
1533719717,29.657947999999998
1533719723,29.657707000000002
1533719729,29.657486
1533719735,29.657288
1533719740,29.657074
1533719746,29.656820000000003
1533719751,29.656578000000003
1533719756,29.65636
1533719762,29.656033
1533719768,29.655720000000002
1533719774,29.655406999999997
1533719779,29.655160000000002
1533719785,29.654915000000003
1533719790,29.65477
1533719796,29.654600000000002
1533719802,29.65446
1533719807,29.654434000000002
1533719813,29.654407999999997
1533719819,29.654407999999997
1533719825,29.654407999999997
1533719831,29.654353999999998
1533719837,29.654290000000003
1533719842,29.654274
1533719848,29.654274
1533719853,29.654266
1533719859,29.654266
1533719864,29.654255
1533719870,29.654232
1533719876,29.654235999999997
1533719882,29.65424
1533719888,29.654235999999997
1533719894,29.654235999999997
1533719900,29.654235999999997
1533719906,29.654235999999997
1533719912,29.65424
1533719918,29.65424
1533719924,29.65424
1533719929,29.65424
1533719934,29.65424
1533719939,29.65424
1533719944,29.65424
1533719950,29.65424
1533719955,29.65424
1533719960,29.65424
1533719966,29.654235999999997
1533719972,29.65424
1533719978,49.65424
1533719984,49.654236
1533719990,49.654236
1533719996,49.654236
1533720002,49.654236
1533720007,49.654236
1533720013,49.654236
1533720018,49.654236
1533720024,49.654236
1533720029,49.654236
1533720034,49.654236
1533720040,49.654236
1533720046,49.654236
1533720052,49.654236
1533720057,49.654236
1533720062,49.654236
1533720068,49.654236
1533720074,49.654236
1533720080,49.654236
1533720086,49.654236
1533720092,49.654236
1533720097,49.654236
1533720103,49.654236
1533720109,49.654236
1533720114,49.654236
1533720120,49.654236
1533720125,49.654236
1533720131,49.654236
1533720136,49.654236
1533720142,49.654236
1533720148,49.654236
1533720153,49.654236
1533720158,49.654236
1533720164,49.654236
1533720169,49.654236
1533720174,49.654236
1533720179,49.654236
1533720184,49.654236
1533720190,49.654236
1533720195,49.654236
1533720201,49.654236
1533720206,49.654236
1533720212,49.654236
1533720218,49.654236
1533720224,49.654236
1533720230,49.654236
1533720235,49.654236
1533720240,49.654236
1533720245,49.654236
1533720251,49.654236
1533720256,49.654236
1533720262,49.654236
1533720273,49.654236
1533720279,49.654236
1533720284,49.654236
1533720290,49.654236
1533720296,49.654236
1533720302,49.654236
1533720308,49.654236
1533720313,49.654236
1533720319,49.654236
1533720325,49.654236
1533720330,49.654236
1533720336,49.654236
1533720342,49.654236
1533720347,49.654236
1533720353,49.654236
1533720359,49.654236
1533720365,49.654236
1533720371,49.654236
1533720376,49.654236
1533720382,49.654236
1533720388,49.654236
1533720393,49.654236
1533720398,49.654236
1533720404,49.654236
1533720410,49.654236
1533720416,49.654236
1533720421,49.654236
1533720426,49.654236
1533720432,49.654236
1533720438,49.654236
1533720444,49.654236
1533720455,49.654236
1533720460,49.654236
1533720466,49.654236
1533720471,49.654236
1533720476,49.654236
1533720482,49.654236
1533720487,49.654236
1533720492,49.654232
1533720498,49.654194
1533720504,49.65416
1533720509,49.654236
1533720515,49.65406
1533720521,49.65404
1533720526,49.65411
1533720532,49.65415
1533720538,49.654133
1533720544,49.654125
1533720549,49.65412
1533720555,49.654106
1533720561,49.65411
1533720567,49.654106
1533720573,49.65411
1533720579,49.654106
1533720584,49.654106
1533720589,49.654114
1533720595,49.654114
1533720600,49.654114
1533720605,49.654118
1533720611,49.654114
1533720616,49.654114
1533720622,49.654114
1533720628,49.65411
1533720634,49.654106
1533720640,49.654106
1533720646,49.654106
1533720651,49.654106
1533720657,49.654106
1533720663,49.654106
1533720668,49.654106
1533720674,49.654106
1533720680,49.654106
1533720685,49.654106
1533720691,49.654106
1533720696,49.654106
1533720702,49.65411
1533720707,49.654114
1533720713,49.654114
1533720718,49.65411
1533720724,49.65411
1533720730,49.65411
1533720736,49.65411
1533720742,49.65411
1533720748,49.65411
1533720754,49.65411
1533720759,49.65411
1533720765,49.65411
1533720771,49.65411
1533720777,49.65411
1533720782,49.65411
1533720788,49.65411
1533720793,49.654114
1533720799,49.654114
1533720805,49.654114
1533720811,49.654114
1533720816,49.654114
1533720822,49.65411
1533720827,49.65411
1533720833,49.65411
1533720838,49.654114
1533720844,49.654114
1533720850,49.654114
1533720855,49.654114
1533720861,49.654114
1533720866,49.654114
1533720872,49.65411
1533720878,49.65411
1533720884,49.654114
1533720890,49.654114
1533720895,49.654114
1533720901,49.654114
1533720906,49.654114
1533720912,49.654114
1533720918,49.654114
1533720924,49.654114
1533720930,49.654114
1533720935,49.654114
1533720941,49.654114
1533720947,49.654114
1533720953,49.654114
1533720958,49.654137
1533720964,49.654198
1533720970,49.654167
1533720976,49.654114
1533720981,49.65408
1533720987,49.654045
1533720992,49.654015
1533720998,49.653954
1533721004,49.65394
1533721009,49.65393
1533721015,49.653927
1533721021,49.65392
1533721027,49.65392
1533721032,49.65392
1533721037,49.65392
1533721042,49.65392
1533721048,49.65392
1533721054,49.65392
1533721059,49.65392
1533721065,49.65392
1533721070,49.65392
1533721076,49.65392
1533721082,49.65392
1533721088,49.65392
1533721094,49.65392
1533721099,49.65392
1533721105,49.65392
1533721111,49.65392
1533721117,49.65392
1533721122,49.65392
1533721128,49.653915
1533721134,49.653915
1533721140,49.653915
1533721146,49.653915
1533721152,49.653915
1533721158,49.653915
1533721163,49.653915
1533721169,49.65392
1533721175,49.65392
1533721180,49.65392
1533721186,49.65392
1533721191,49.65392
1533721197,49.65392
1533721203,49.65392
1533721208,49.65392
1533721214,49.65392
1533721220,49.65392
1533721226,49.65392
1533721232,49.65392
1533721238,49.65392
1533721244,49.65392
1533721250,49.65392
1533721255,49.65392
1533721260,49.65392
1533721265,49.65392
1533721271,49.65392
1533721276,49.653915
1533721281,49.653915
1533721286,49.653915
1533721292,49.65392
1533721298,49.65392
1533721303,49.65392
1533721309,49.65392
1533721314,49.65392
1533721320,49.65392
1533721326,49.65392
1533721331,49.65392
1533721336,49.65392
1533721342,49.65392
1533721348,49.65392
1533721353,49.65392
1533721363,49.65392
1533721369,49.65392
1533721375,49.653915
1533721380,49.653915
1533721386,49.653915
1533721392,49.653915
1533721398,49.653915
1533721403,49.653915
1533721409,49.653915
1533721415,49.653915
1533721420,29.653914999999998
1533721426,29.653914999999998
1533721432,29.653914999999998
1533721438,29.653914999999998
1533721443,29.653914999999998
1533721449,29.653914999999998
1533721454,29.653914999999998
1533721460,29.653914999999998
1533721466,29.653914999999998
1533721472,29.653914999999998
1533721478,29.653914999999998
1533721483,29.653914999999998
1533721489,29.653914999999998
1533721495,29.653914999999998
1533721501,29.653914999999998
1533721506,29.653914999999998
1533721511,29.653914999999998
1533721517,29.653914999999998
1533721522,29.653914999999998
1533721528,29.653914999999998
1533721534,29.653914999999998
1533721539,29.653914999999998
1533721544,29.653914999999998
1533721550,29.653914999999998
1533721556,29.653914999999998
1533721562,29.653914999999998
1533721568,29.653914999999998
1533721574,29.65392
1533721579,29.65399
1533721585,29.65408
1533721591,29.654217000000003
1533721597,29.654277999999998
1533721602,29.654311999999997
1533721608,29.654359999999997
1533721614,29.654488
1533721620,29.654697
1533721625,29.654842000000002
1533721630,29.655
1533721636,29.655178
1533721642,29.655334000000003
1533721647,29.655459999999998
1533721653,29.655685
1533721659,29.655926
1533721664,29.656109999999998
1533721670,29.656345
1533721676,29.656599999999997
1533721682,29.656834000000003
1533721688,29.657055
1533721694,29.657290000000003
1533721700,29.657516
1533721706,29.657756999999997
1533721711,29.657756999999997
1533721717,29.658175999999997
1533721722,29.658367
1533721728,29.658603999999997
1533721734,29.65885
1533721740,29.659059999999997
1533721746,29.659275
1533721751,29.659399999999998
1533721756,29.659492
1533721762,29.659588
1533721767,29.659706
1533721772,29.65983
1533721778,29.659979999999997
1533721783,29.660088000000002
1533721788,29.660200000000003
1533721793,29.660330000000002
1533721798,29.660446
1533721804,29.66057
1533721809,29.66066
1533721814,29.660774000000004
1533721819,29.660919999999997
1533721825,29.661087000000002
1533721831,29.661262999999998
1533721837,29.66142
1533721849,29.661602000000002
1533721855,29.661700000000003
1533721860,29.66173
1533721865,29.66173
1533721871,29.661720000000003
1533721876,29.661696999999997
1533721881,29.661659999999998
1533721887,29.661648
1533721893,29.661667
1533721899,29.661679999999997
1533721904,29.661679999999997
1533721909,29.661693999999997
1533721915,29.661704999999998
1533721921,29.661700000000003
1533721926,29.661693999999997
1533721931,29.661693999999997
1533721937,29.661762000000003
1533721943,29.661865
1533721949,29.661969999999997
1533721955,29.66205
1533721960,29.662080000000003
1533721966,29.662100000000002
1533721972,29.662067
1533721977,29.662018000000003
1533721983,29.661945000000003
1533721988,29.661900000000003
1533721993,29.661865
1533721999,29.66182
1533722004,29.66176
1533722010,29.66169
1533722015,29.66164
1533722021,29.661569999999998
1533722026,29.661499999999997
1533722032,29.661434
1533722037,29.661385000000003
1533722042,29.661320000000003
1533722047,29.661293
1533722052,29.661247000000003
1533722058,29.661167
1533722064,29.661105999999997
1533722070,29.661026
1533722076,29.660957000000003
1533722081,29.660908
1533722086,29.660854
1533722092,29.660792999999998
1533722097,29.660763000000003
1533722102,29.660719999999998
1533722107,29.660719999999998
1533722113,29.660656000000003
1533722118,29.660625000000003
1533722124,29.660572000000002
1533722129,29.660519999999998
1533722135,29.660449999999997
1533722140,29.660384999999998
1533722146,29.660255
1533722152,29.66012
1533722157,29.660015
1533722162,29.65988
1533722168,29.6597
1533722173,29.65952
1533722178,29.659350000000003
1533722184,29.659115
1533722189,29.658966
1533722195,29.65882
1533722201,29.658656999999998
1533722212,29.65838
1533722218,29.658386
1533722223,29.658430000000003
1533722229,29.658454999999996
1533722235,29.658454999999996
1533722241,29.658465999999997
1533722247,29.658493
1533722253,29.658504
1533722258,29.658504
1533722263,29.658499999999997
1533722269,29.658499999999997
1533722274,29.658496999999997
1533722280,29.658496999999997
1533722286,29.658496999999997
1533722292,29.65851
1533722298,29.658512
1533722304,29.65856
1533722309,29.65864
1533722315,29.65876
1533722321,29.658867
1533722333,29.659115
1533722338,29.659239999999997
1533722344,29.65938
1533722349,29.659509999999997
1533722355,29.659640000000003
1533722360,29.659668000000003
1533722366,29.65985
1533722372,29.659973
1533722377,29.660095
1533722382,29.66017
1533722388,29.660290000000003
1533722394,29.660435
1533722399,29.660522
1533718800,29.653774
1533718806,29.653744000000003
1533718812,29.653730000000003
1533718817,29.65374
1533718822,29.653799999999997
1533718827,29.653866
1533718833,29.653840000000002
1533718838,29.653840000000002
1533718844,29.653866
1533718850,29.6539
1533718856,29.653945999999998
1533718862,29.653927000000003
1533718867,29.653910000000003
1533718873,29.6539
1533718879,29.653910000000003
1533718884,29.65394
1533718890,29.653965
1533718895,29.653979999999997
1533718900,29.653988
1533718906,29.654000000000003
1533718912,29.65399
1533718918,29.654007
1533718923,29.65401
1533718929,29.654000000000003
1533718935,29.654000000000003
1533718941,29.654000000000003
1533718946,29.654015
1533718952,29.654045000000004
1533718958,29.654057
1533718963,29.65406
1533718969,29.654068000000002
1533718975,29.654069999999997
1533718981,29.654114
1533718987,29.654152000000003
1533718992,29.654106
1533718998,29.654034000000003
1533719003,29.653957
1533719009,29.653827999999997
1533719015,29.653799999999997
1533719021,29.653799999999997
1533719027,29.65386
1533719032,29.653877
1533719038,29.65388
1533719044,29.653923
1533719049,29.653996
1533719055,29.654052999999998
1533719060,29.654052999999998
1533719066,29.65406
1533719071,29.65406
1533719076,29.654063999999998
1533719081,29.654020000000003
1533719087,29.653973
1533719093,29.653973
1533719099,29.653988
1533719104,29.65399
1533719110,29.653927000000003
1533719116,29.653854000000003
1533719122,29.653866
1533719128,29.653866
1533719133,29.653892999999997
1533719139,29.65399
1533719145,29.654069999999997
1533719150,29.654137
1533719156,29.654193999999997
1533719162,29.654235999999997
1533719167,29.65426
1533719172,29.654345999999997
1533719178,29.654465000000002
1533719184,29.654583000000002
1533719190,29.65473
1533719196,29.65489
1533719207,29.655174000000002
1533719213,29.655334000000003
1533719218,29.655453
1533719224,29.65562
1533719230,29.65576
1533719236,29.655920000000002
1533719242,29.656097000000003
1533719248,29.656258
1533719254,29.656387000000002
1533719260,29.65652
1533719266,29.656677000000002
1533719271,29.656834000000003
1533719276,29.656999999999996
1533719282,29.657145999999997
1533719287,29.657269999999997
1533719293,29.657420000000002
1533719305,29.657665
1533719311,29.657818
1533719317,29.658050000000003
1533719322,29.658206999999997
1533719327,29.6584
1533719333,29.658627000000003
1533719339,29.658830000000002
1533719345,29.659058
1533719350,29.65925
1533719356,29.659393
1533719362,29.659595000000003
1533719367,29.659785999999997
1533719373,29.65999
1533719378,29.66014
1533719384,29.66032
1533719390,29.660514999999997
1533719396,29.660736
1533719402,29.660953999999997
1533719407,29.661068
1533719413,29.6612
1533719418,29.661354000000003
1533719424,29.661552
1533719430,29.661667
1533719436,29.661679999999997
1533719442,29.66165
1533719448,29.66165
1533719453,29.661659999999998
1533719459,29.661679999999997
1533719465,29.661686000000003
1533719471,29.661679999999997
1533719476,29.661682
1533719482,29.661735999999998
1533719488,29.661823
1533719494,29.661896
1533719500,29.661969999999997
1533719506,29.66202
1533719511,29.662080000000003
1533719517,29.662067
1533719523,29.662033
1533719529,29.661990000000003
1533719535,29.661929999999998
1533719541,29.661879999999996
1533719547,29.661810000000003
1533719553,29.66174
1533719559,29.661633000000002
1533719564,29.661526000000002
1533719570,29.661406999999997
1533719575,29.661316
1533719581,29.66115
1533719586,29.661034
1533719592,29.660927
1533719597,29.660812
1533719603,29.660663999999997
1533719609,29.660490000000003
1533719615,29.660297
1533719620,29.66012
1533719626,29.659910000000004
1533719631,29.65974
1533719637,29.659542000000002
1533719643,29.659343999999997
1533719649,29.659153000000003
1533719661,29.658830000000002
1533719666,29.658714000000003
1533719672,29.65858
1533719677,29.658504
1533719682,29.658423999999997
1533719688,29.658320000000003
1533719693,29.658206999999997
1533719699,29.65802
1533719705,29.657825000000003
1533719711,29.657635
1533719717,29.657417000000002
1533719723,29.657200000000003
1533719728,29.65701
1533719734,29.65679
1533719739,29.656612000000003
1533719745,29.656413999999998
1533719750,29.656345
1533719755,29.656100000000002
1533719760,29.655945000000003
1533719766,29.655746
1533719771,29.655594
1533719777,29.655389999999997
1533719782,29.65524
1533719788,29.655074999999997
1533719794,29.654919999999997
1533719799,29.654835
1533719805,29.654829999999997
1533719811,29.654835
1533719816,29.654850000000003
1533719821,29.654873000000002
1533719827,29.654926000000003
1533719833,29.654960000000003
1533719839,29.654940000000003
1533719851,29.654919999999997
1533719856,29.654922
1533719862,29.654919999999997
1533719868,29.654915000000003
1533719873,29.654907
1533719878,29.654902999999997
1533719884,29.654899999999998
1533719890,29.654919999999997
1533719896,29.654933999999997
1533719902,29.655014
1533719907,29.655094
1533719913,29.655293
1533719918,29.65558
1533719924,29.655952
1533719930,29.656258
1533719936,29.65652
1533719941,29.656742
1533719946,29.656967
1533719951,29.657159999999998
1533719957,29.657420000000002
1533719963,29.657649999999997
1533719968,29.657837
1533719973,29.658005000000003
1533719979,29.65818
1533719985,29.658337000000003
1533719990,29.65851
1533719996,29.658768000000002
1533720002,29.65905
1533720007,29.659252000000002
1533720013,29.659412000000003
1533720018,29.65956
1533720023,29.65958
1533720029,29.65988
1533720034,29.660065000000003
1533720039,29.6601
1533720045,29.660159999999998
1533720050,29.660328
1533720056,29.660534
1533720062,29.660739999999997
1533720068,29.660891999999997
1533720073,29.661125
1533720079,29.661340000000003
1533720084,29.661507
1533720090,29.661648
1533720096,29.66176
1533720102,29.661827000000002
1533720108,29.661892
1533720113,29.661915
1533720119,29.661830000000002
1533720124,29.661667
1533720130,29.66156
1533720135,29.661544999999997
1533720140,29.661520000000003
1533720146,29.661540000000002
1533720151,29.661606
1533720156,29.661586999999997
1533720162,29.661479999999997
1533720167,29.661366
1533720173,29.661133
1533720179,29.660953999999997
1533720185,29.660812
1533720191,29.66059
1533720197,29.660347
1533720203,29.66012
1533720208,29.659892999999997
1533720213,29.659714
1533720219,29.6595
1533720225,29.659298
1533720235,29.658929999999998
1533720241,29.658672000000003
1533720247,29.658431999999998
1533720253,29.658164999999997
1533720259,29.657913
1533720264,29.657707000000002
1533720270,29.65744
1533720275,29.657207
1533720281,29.656869999999998
1533720287,29.656554999999997
1533720292,29.6563
1533720297,29.656080000000003
1533720303,29.655814999999997
1533720308,29.6556
1533720313,29.655375999999997
1533720319,29.655155
1533720325,29.654919999999997
1533720331,29.654705
1533720336,29.654556
1533720342,29.654449999999997
1533720347,29.654400000000003
1533720353,29.654404
1533720358,29.654400000000003
1533720363,29.654400000000003
1533720368,29.654400000000003
1533720374,29.654400000000003
1533720379,29.654404
1533720385,29.654452999999997
1533720396,29.65448
1533720402,29.65446
1533720408,29.654452999999997
1533720413,29.654452999999997
1533720419,29.654452999999997
1533720425,29.654446
1533720431,29.65444
1533720436,29.65444
1533720442,29.65444
1533720448,29.65444
1533720453,29.65444
1533720458,29.65444
1533720464,29.65444
1533720469,29.65444
1533720475,29.65444
1533720480,29.65444
1533720485,29.65444
1533720491,29.65444
1533720496,29.654427
1533720502,29.654407999999997
1533720508,29.654373
1533720513,29.654353999999998
1533720525,29.654204999999997
1533720531,29.654193999999997
1533720537,29.654045000000004
1533720543,29.653965
1533720548,29.654015
1533720553,29.654068000000002
1533720559,29.6541
1533720565,29.654094999999998
1533720571,29.6541
1533720576,29.654139999999998
1533720582,29.65415
1533720587,29.65415
1533720592,29.65415
1533720598,29.654139999999998
1533720604,29.654139999999998
1533720610,29.654139999999998
1533720616,29.65415
1533720622,29.654152000000003
1533720627,29.654156
1533720632,29.654156
1533720638,29.654159999999997
1533720644,29.654159999999997
1533720650,29.654159999999997
1533720656,29.654159999999997
1533720662,29.654159999999997
1533720668,29.654159999999997
1533720674,29.654162999999997
1533720680,29.654167
1533720685,29.65417
1533720690,29.65417
1533720695,29.654167
1533720701,29.654167
1533720707,29.654167
1533720712,29.654167
1533720717,29.654167
1533720723,29.654167
1533720728,29.654167
1533720734,29.654167
1533720739,29.65415
1533720744,29.654139999999998
1533720749,29.654137
1533720754,29.654133
1533720760,29.654130000000002
1533720765,29.654125
1533720771,29.654125
1533720777,29.654125
1533720782,29.65412
1533720788,29.654125
1533720794,29.654125
1533720799,29.654133
1533720805,29.65412
1533720811,29.65412
1533720817,29.65412
1533720823,29.65412
1533720828,29.654125
1533720834,29.654125
1533720839,29.654125
1533720845,29.654125
1533720851,29.654125
1533720857,29.654130000000002
1533720862,29.654133
1533720868,29.654133
1533720873,29.654133
1533720878,29.654130000000002
1533720884,29.654133
1533720889,29.654133
1533720894,29.654137
1533720900,29.654133
1533720905,29.654137
1533720911,29.654133
1533720916,29.654137
1533720922,29.654137
1533720928,29.654137
1533720933,29.654133
1533720939,29.654125
1533720945,29.654125
1533720950,29.654125
1533720956,29.654125
1533720962,29.654125
1533720967,29.654125
1533720973,29.65412
1533720979,29.654125
1533720984,29.654133
1533720990,29.654137
1533720996,29.65415
1533721002,29.65415
1533721008,29.654144000000002
1533721014,29.654137
1533721019,29.654139999999998
1533721025,29.654139999999998
1533721030,29.654152000000003
1533721036,29.65415
1533721042,29.65415
1533721047,29.654159999999997
1533721053,29.654137
1533721059,29.654125
1533721064,29.654125
1533721070,29.65412
1533721075,29.65412
1533721081,29.654159999999997
1533721086,29.654179999999997
1533721092,29.654213
1533721098,29.654217000000003
1533721104,29.654179999999997
1533721109,29.654152000000003
1533721114,29.654139999999998
1533721120,29.654137
1533721126,29.654137
1533721131,29.654137
1533721137,29.654139999999998
1533721143,43.65415
1533721148,43.654144
1533721153,43.654144
1533721158,43.65414
1533721164,43.65414
1533721170,43.65414
1533721176,43.65414
1533721181,43.65414
1533721187,43.65414
1533721192,43.65414
1533721198,43.65414
1533721204,43.654137
1533721210,43.654137
1533721216,43.65414
1533721222,43.65414
1533721227,43.65414
1533721233,43.654144
1533721238,43.65414
1533721244,43.65414
1533721249,43.65414
1533721254,43.65414
1533721260,43.654133
1533721265,43.654137
1533721270,43.65414
1533721276,43.654137
1533721282,43.654137
1533721287,43.654133
1533721293,43.654133
1533721299,43.654133
1533721305,43.654125
1533721311,43.654125
1533721317,43.65413
1533721322,43.65413
1533721328,43.654133
1533721334,43.654133
1533721339,43.654133
1533721344,43.65413
1533721350,43.65413
1533721355,43.65413
1533721361,43.654125
1533721367,43.654125
1533721372,43.654125
1533721378,43.654125
1533721383,43.65413
1533721389,43.654133
1533721394,43.654133
1533721399,43.654137
1533721405,43.654133
1533721411,43.654133
1533721417,43.654133
1533721423,43.654133
1533721428,43.65414
1533721434,43.65414
1533721439,43.654137
1533721445,43.654133
1533721456,43.654125
1533721461,43.65412
1533721467,43.654095
1533721473,43.65408
1533721479,43.65407
1533721484,43.65407
1533721490,43.65407
1533721496,43.654087
1533721502,43.65409
1533721507,43.654095
1533721512,43.654095
1533721518,43.654095
1533721523,43.65409
1533721529,43.654087
1533721535,43.654087
1533721541,43.654087
1533721546,43.654087
1533721552,43.65408
1533721558,43.65408
1533721564,43.65408
1533721569,43.654095
1533721575,43.654102
1533721581,43.6541
1533721586,43.6541
1533721591,43.654087
1533721596,43.654114
1533721602,43.65419
1533721614,43.654167
1533721620,43.654114
1533721626,43.65407
1533721631,43.65404
1533721637,43.653965
1533721642,43.653927
1533721648,43.653927
1533721653,43.653934
1533721658,43.65394
1533721664,43.65394
1533721669,43.653988
1533721674,43.654
1533721679,43.654007
1533721684,43.654022
1533721690,43.65402
1533721695,43.654015
1533721700,43.654007
1533721711,43.654
1533721716,43.654
1533721722,43.65399
1533721728,43.654
1533721733,43.654015
1533721739,43.65402
1533721744,43.65404
1533721750,43.654053
1533721756,43.65406
1533721762,43.65407
1533721768,43.654076
1533721774,43.654076
1533721779,43.654068
1533721784,43.654068
1533721790,43.65407
1533721795,43.654068
1533721806,43.65404
1533721812,43.654045
1533721817,43.654034
1533721823,43.654034
1533721828,43.65404
1533721834,43.654068
1533721840,43.65407
1533721846,43.65408
1533721851,43.65408
1533721857,43.65408
1533721862,43.65407
1533721868,43.654083
1533721873,43.654095
1533721878,43.654087
1533721884,43.654083
1533721890,43.65408
1533721896,43.65407
1533721902,43.65407
1533721907,43.65407
1533721913,43.65407
1533721918,43.65407
1533721923,43.654057
1533721934,43.65402
1533721940,43.653976
1533721945,43.653976
1533721951,43.653988
1533721957,43.654
1533721963,43.65402
1533721969,43.654
1533721975,43.654003
1533721981,43.654015
1533721986,43.65402
1533721992,43.654034
1533721997,43.654015
1533722002,43.654007
1533722008,43.654007
1533722014,43.654015
1533722019,43.65402
1533722024,43.65402
1533722030,43.654022
1533722036,43.654015
1533722041,43.654015
1533722047,43.65401
1533722052,43.65401
1533722058,43.654015
1533722063,43.654015
1533722069,43.654015
1533722074,43.654015
1533722080,43.65399
1533722086,43.653988
1533722092,43.65398
1533722097,43.65398
1533722102,43.65398
1533722108,43.653965
1533722114,43.65396
1533722119,43.65396
1533722125,43.653965
1533722131,43.653965
1533722136,43.653965
1533722141,43.65396
1533722146,43.65396
1533722152,43.65396
1533722157,43.65396
1533722163,43.65396
1533722168,43.65396
1533722174,43.653965
1533722180,43.653965
1533722186,43.653965
1533722192,43.65397
1533722198,43.65397
1533722204,43.65397
1533722210,43.65397
1533722216,43.65397
1533722221,43.65397
1533722226,43.65397
1533722232,43.65397
1533722238,43.65397
1533722244,43.65397
1533722249,43.65397
1533722255,43.65397
1533722261,43.65397
1533722267,43.65397
1533722273,43.65397
1533722279,43.65397
1533722285,43.65397
1533722291,43.65397
1533722296,43.65397
1533722302,43.65397
1533722307,43.653965
1533722312,43.653965
1533722318,43.653965
1533722324,43.653965
1533722329,43.653965
1533722335,43.653965
1533722341,43.653965
1533722346,43.653965
1533722352,43.653965
1533722358,43.653965
1533722364,43.653965
1533722370,43.653965
1533722375,43.653965
1533722385,43.653965
1533722390,43.653965
1533722396,43.65396
1533718804,43.64415
1533718810,43.64403
1533718816,43.64393
1533718822,43.643894
1533718828,43.643837
1533718833,43.643826
1533718839,43.64384
1533718844,43.64384
1533718850,43.64384
1533718861,43.643856
1533718867,43.64388
1533718874,43.64388
1533718880,43.643887
1533718885,43.64388
1533718891,43.643875
1533718897,43.643875
1533718902,43.643875
1533718908,43.64388
1533718913,43.6439
1533718919,43.64401
1533718924,43.644096
1533718930,43.644245
1533718936,43.644447
1533718942,43.644627
1533718948,43.64469
1533718954,43.64469
1533718959,43.64469
1533718965,43.64469
1533718970,43.644688
1533718976,43.64462
1533718982,43.644485
1533718988,43.64438
1533718994,43.64428
1533719000,43.644188
1533719006,43.644054
1533719012,43.64394
1533719018,43.643818
1533719024,43.643665
1533719030,43.643505
1533719036,43.643387
1533719041,43.643246
1533719046,43.64329
1533719051,43.643387
1533719057,43.643406
1533719063,43.64337
1533719068,43.64336
1533719074,43.643326
1533719079,43.643314
1533719084,43.643314
1533719090,43.643307
1533719096,43.6433
1533719102,43.6433
1533719108,43.643288
1533719120,43.64332
1533719126,43.643345
1533719132,43.64344
1533719138,43.6436
1533719144,43.64368
1533719150,43.643875
1533719156,43.64414
1533719162,43.6443
1533719167,43.644455
1533719173,43.644604
1533719185,43.6445
1533719191,43.644455
1533719197,43.644337
1533719202,43.64416
1533719207,43.64406
1533719213,43.644268
1533719219,43.644527
1533719225,43.644833
1533719231,43.64504
1533719236,43.645115
1533719242,43.64519
1533719248,43.645172
1533719254,43.64517
1533719260,43.64517
1533719265,43.645172
1533719270,43.64518
1533719276,43.645172
1533719282,43.64517
1533719288,43.64516
1533719293,43.645153
1533719299,43.645145
1533719304,43.645145
1533719310,43.64514
1533719316,43.64514
1533719322,43.64514
1533719328,43.645145
1533719333,43.645153
1533719338,43.645157
1533719344,43.645164
1533719350,43.64517
1533719356,43.64517
1533719362,43.64516
1533719367,43.64516
1533719378,43.645172
1533719384,43.645172
1533719389,43.645172
1533719395,43.64517
1533719401,43.64516
1533719406,43.64516
1533719411,43.645153
1533719417,43.64514
1533719423,43.645138
1533719429,43.645138
1533719435,43.64514
1533719440,43.645145
1533719445,43.645145
1533719451,43.645145
1533719456,43.64514
1533719462,43.645145
1533719468,43.64516
1533719474,43.64517
1533719480,43.645172
1533719486,43.64518
1533719492,43.64518
1533719498,43.645172
1533719504,43.64517
1533719510,43.645172
1533719516,43.64518
1533719522,43.645187
1533719528,43.64518
1533719534,43.645172
1533719540,43.645172
1533719546,43.64517
1533719552,43.64516
1533719558,43.645153
1533719564,43.64514
1533719570,43.645138
1533719576,43.645126
1533719582,43.645126
1533719587,43.645126
1533719593,43.64512
1533719598,43.645126
1533719604,43.645126
1533719609,43.64512
1533719615,43.645153
1533719621,43.6452
1533719627,43.64524
1533719633,43.645267
1533719638,43.645267
1533719644,43.645267
1533719650,43.645267
1533719656,43.645267
1533719662,43.645267
1533719668,43.645267
1533719673,43.645267
1533719678,43.645267
1533719684,43.645264
1533719689,43.645264
1533719701,43.645267
1533719706,43.645264
1533719712,43.64526
1533719718,43.645252
1533719724,43.645252
1533719730,43.645252
1533719736,43.645252
1533719741,43.645252
1533719746,43.645252
1533719752,43.645256
1533719763,43.645267
1533719768,43.645264
1533719774,43.645264
1533719780,43.645264
1533719785,43.645267
1533719791,43.645267
1533719796,43.645267
1533719802,43.645267
1533719807,43.645267
1533719813,43.645267
1533719819,43.645267
1533719825,43.645267
1533719830,43.645267
1533719835,43.645275
1533719841,43.64527
1533719847,43.645267
1533719853,43.645267
1533719859,43.64527
1533719865,43.64527
1533719870,43.64527
1533719876,43.645275
1533719882,43.645275
1533719893,43.645275
1533719899,43.645275
1533719905,43.645275
1533719910,43.645275
1533719915,43.645275
1533719920,43.645275
1533719925,43.645275
1533719931,43.645275
1533719936,43.645275
1533719942,43.645275
1533719948,43.645275
1533719953,43.645275
1533719959,43.645275
1533719964,43.645275
1533719970,43.645275
1533719975,43.645275
1533719981,43.645275
1533719986,43.645275
1533719992,43.645275
1533719997,43.645275
1533720002,43.64527
1533720008,43.64527
1533720014,43.64527
1533720020,43.64527
1533720026,43.64527
1533720031,43.64527
1533720037,43.64527
1533720043,43.64527
1533720048,43.64527
1533720054,43.64527
1533720059,43.64527
1533720065,43.64527
1533720070,43.64527
1533720075,43.64527
1533720081,43.64527
1533720087,43.64527
1533720092,43.64527
1533720098,43.64527
1533720104,43.64527
1533720109,43.64527
1533720114,43.645256
1533720120,43.645218
1533720125,43.64517
1533720131,43.64508
1533720137,43.644924
1533720143,43.644848
1533720149,43.644825
1533720154,43.64485
1533720160,43.644833
1533720165,43.644833
1533720171,43.644836
1533720182,43.64484
1533720188,43.64484
1533720193,43.64484
1533720199,43.644848
1533720205,43.64484
1533720211,43.644833
1533720216,43.64483
1533720222,43.644825
1533720228,43.64482
1533720234,43.64482
1533720240,43.64482
1533720245,43.64482
1533720251,43.644825
1533720257,43.644825
1533720263,43.64482
1533720269,43.64482
1533720275,43.644825
1533720281,43.64482
1533720286,43.64482
1533720292,43.64482
1533720297,43.644825
1533720302,43.644825
1533720308,43.644733
1533720314,43.644455
1533720320,43.644245
1533720326,43.64412
1533720332,43.644226
1533720338,43.644405
1533720344,43.644485
1533720350,43.64459
1533720356,43.644653
1533720362,43.644703
1533720368,43.644726
1533720374,43.64472
1533720380,43.64472
1533720386,43.64472
1533720392,43.64472
1533720397,43.644672
1533720403,43.644566
1533720408,43.644405
1533720415,43.64419
1533720421,43.644028
1533720427,43.643856
1533720433,43.64376
1533720439,43.643738
1533720450,43.64392
1533720456,43.64404
1533720462,43.644226
1533720467,43.644375
1533720473,43.644455
1533720479,43.64459
1533720484,43.644688
1533720489,43.644703
1533720495,43.644554
1533720506,43.644028
1533720512,43.644073
1533720517,43.64356
1533720522,43.64353
1533720528,43.643654
1533720534,43.64383
1533720539,43.64386
1533720544,43.64411
1533720550,43.644203
1533720556,43.644157
1533720562,43.644073
1533720567,43.644047
1533720572,43.644054
1533720577,43.64408
1533720583,43.64408
1533720588,43.644073
1533720594,43.644073
1533720599,43.64407
1533720605,43.64407
1533720611,43.644066
1533720616,43.644062
1533720622,43.644085
1533720628,43.64411
1533720634,43.644146
1533720639,43.64414
1533720645,43.644135
1533720651,43.64413
1533720656,43.64411
1533720666,43.643932
1533720672,43.643787
1533720677,43.643677
1533720683,43.64353
1533720688,43.64338
1533720699,43.64298
1533720704,43.64279
1533720710,43.642574
1533720715,43.642372
1533720721,43.642143
1533720727,43.641853
1533720732,43.641624
1533720737,43.64135
1533720743,43.641018
1533720748,43.64078
1533720754,43.640522
1533720760,43.640594
1533720766,43.64084
1533720772,43.641174
1533720778,43.641483
1533720783,43.64174
1533720789,43.64196
1533720794,43.641933
1533720799,43.641724
1533720805,43.641415
1533720811,43.64116
1533720817,43.64106
1533720822,43.641033
1533720828,43.641003
1533720833,43.640965
1533720838,43.640812
1533720844,43.64056
1533720849,43.640358
1533720861,43.64004
1533720866,43.639965
1533720873,43.63999
1533720879,43.64015
1533720885,43.64044
1533720890,43.640667
1533720895,43.640892
1533720901,43.641132
1533720906,43.641273
1533720912,43.641487
1533720918,43.641666
1533720923,43.641758
1533720929,43.64179
1533720935,43.641834
1533720940,43.64186
1533720946,43.64185
1533720957,43.641735
1533720963,43.641727
1533720969,43.64168
1533720975,43.64172
1533720980,43.641724
1533720986,43.641644
1533720992,43.64157
1533720997,43.641468
1533721003,43.641354
1533721009,43.64128
1533721015,43.641228
1533721020,43.641174
1533721025,43.64113
1533721031,43.641087
1533721036,43.64105
1533721042,43.64094
1533721048,43.6408
1533721053,43.640675
1533721059,43.64048
1533721064,43.640347
1533721070,43.640152
1533721076,43.639946
1533721081,43.63975
1533721087,43.63949
1533721093,43.63933
1533721098,43.639267
1533721103,43.63926
1533721109,43.639248
1533721114,43.6392
1533721120,43.639065
1533721126,43.638874
1533721132,43.63864
1533721137,43.638485
1533721142,43.638294
1533721147,43.638145
1533721153,43.637955
1533721159,43.637802
1533721165,43.637745
1533721171,43.6377
1533721176,43.637707
1533721182,43.63771
1533721187,43.637707
1533721193,43.637707
1533721198,43.637707
1533721204,43.63771
1533721210,43.637714
1533721216,43.637714
1533721222,43.637714
1533721228,43.637714
1533721234,43.637714
1533721239,43.63771
1533721244,43.637714
1533721250,43.63772
1533721255,43.637714
1533721261,43.637714
1533721267,43.637714
1533721273,43.63772
1533721279,43.63772
1533721285,43.63772
1533721291,43.637714
1533721297,43.637714
1533721302,43.63772
1533721308,43.63772
1533721313,43.63772
1533721319,43.637726
1533721324,43.637733
1533721330,43.63774
1533721336,43.63774
1533721341,43.63774
1533721346,43.63774
1533721352,43.63774
1533721358,43.63774
1533721363,43.63774
1533721369,43.637737
1533721374,43.63774
1533721380,43.637733
1533721385,43.637745
1533721391,43.637764
1533721396,43.637756
1533721407,43.637608
1533721413,43.637547
1533721418,43.637505
1533721423,43.637486
1533721428,43.63748
1533721439,43.6375
1533721445,43.63748
1533721451,43.637474
1533721457,43.63746
1533721462,43.637463
1533721468,43.63747
1533721474,43.63747
1533721480,43.637474
1533721485,43.63748
1533721491,43.637493
1533721496,43.637493
1533721502,43.637493
1533721507,43.637486
1533721513,43.637493
1533721519,43.63752
1533721525,43.637547
1533721531,43.637554
1533721536,43.637554
1533721542,43.637524
1533721547,43.63751
1533721553,43.63751
1533721559,43.6375
1533721564,43.6375
1533721570,43.637486
1533721575,43.63748
1533721581,43.637486
1533721586,43.637493
1533721592,43.637493
1533721597,43.637493
1533721603,43.637493
1533721609,43.637493
1533721615,43.6375
1533721620,43.63751
1533721625,43.6375
1533721630,43.63749
1533721636,43.637478
1533721642,43.63746
1533721648,43.637455
1533721654,43.63745
1533721660,43.637455
1533721666,43.637455
1533721672,43.637455
1533721677,43.63746
1533721682,43.637455
1533721688,43.637455
1533721694,43.637455
1533721699,43.63746
1533721705,43.637466
1533721711,43.637466
1533721716,43.637474
1533721722,43.637474
1533721727,43.63747
1533721733,43.637466
1533721739,43.63748
1533721745,43.637535
1533721750,43.637604
1533721756,43.63767
1533721762,43.637703
1533721768,43.637745
1533721773,43.637783
1533721779,43.637848
1533721784,43.63793
1533721789,43.638016
1533721795,43.6381
1533721800,43.638172
1533721806,43.63827
1533721811,43.63836
1533721817,43.63844
1533721822,43.63846
1533721828,43.638554
1533721834,43.638638
1533721840,43.638653
1533721845,43.638645
1533721856,43.638634
1533721862,43.63862
1533721868,43.638653
1533721873,43.63871
1533721879,43.63882
1533721885,43.638885
1533721891,43.638935
1533721897,43.638973
1533721903,43.639038
1533721909,43.639133
1533721914,43.63919
1533721920,43.639236
1533721925,43.639294
1533721931,43.63934
1533721937,43.639412
1533721942,43.639473
1533721947,43.639545
1533721953,43.63967
1533721959,36.63976
1533721965,36.63984
1533721970,36.639927
1533721975,36.640045
1533721981,36.640175
1533721986,36.640285
1533721992,36.640434
1533721998,36.64055
1533722004,36.6406
1533722009,36.64057
1533722015,36.64052
1533722020,36.64049
1533722026,36.640533
1533722032,36.640533
1533722038,36.640533
1533722043,36.64053
1533722049,36.640526
1533722054,36.64052
1533722060,36.640503
1533722065,36.64049
1533722071,36.640488
1533722082,36.640507
1533722087,36.640507
1533722092,36.64049
1533722098,36.640484
1533722103,36.64048
1533722109,36.640472
1533722115,36.640427
1533722121,36.64024
1533722127,36.64002
1533722133,36.63982
1533722138,36.639698
1533722143,36.63958
1533722148,36.639412
1533722154,36.639248
1533722159,36.639153
1533722165,36.639168
1533722171,36.639168
1533722177,36.639168
1533722182,36.639168
1533722188,36.639168
1533722193,36.63917
1533722199,36.639183
1533722204,36.639206
1533722210,36.63921
1533722216,36.639206
1533722222,36.639206
1533722227,36.6392
1533722232,36.6392
1533722238,36.63919
1533722243,36.639187
1533722249,36.6392
1533722254,36.6392
1533722260,36.639206
1533722266,36.639202
1533722272,36.6392
1533722278,36.6392
1533722284,36.6392
1533722289,36.639206
1533722295,36.639206
1533722301,36.639194
1533722306,36.639187
1533722312,36.639187
1533722318,36.639187
1533722323,36.63918
1533722329,36.63909
1533722334,36.638966
1533722340,36.638885
1533722345,36.6387
1533722351,36.63852
1533722357,36.638367
1533722363,36.638252
1533722369,36.638115
1533722374,36.638027
1533722379,36.637924
1533722384,36.637886
1533722389,36.63788
1533722394,36.637886
1533722405,36.660606
1533722411,36.660686
1533722416,36.66076
1533722422,36.66074
1533722427,36.660946
1533722433,36.661053
1533722438,36.66117
1533722444,36.661316
1533722449,36.66136
1533722455,36.661552
1533722461,36.66161
1533722466,36.661507
1533722472,36.661373
1533722478,36.661266
1533722483,36.66117
1533722489,36.661034
1533722495,36.66088
1533722501,36.660736
1533722506,36.66062
1533722512,36.660446
1533722517,36.660347
1533722523,36.6602
1533722529,36.659885
1533722535,36.659508
1533722541,36.659107
1533722546,36.658825
1533722552,36.6586
1533722558,36.65836
1533722564,36.658047
1533722569,36.6578
1533722574,36.657528
1533722579,36.657215
1533722585,36.65684
1533722591,36.65646
1533722596,36.656105
1533722602,36.65566
1533722608,36.655212
1533722613,36.654755
1533722619,36.65428
1533722625,36.653812
1533722630,36.65352
1533722635,36.653168
1533722641,36.65275
1533722647,36.652367
1533722652,36.651993
1533722658,36.65158
1533722663,36.651264
1533722669,36.65103
1533722675,36.650944
1533722680,36.650967
1533722685,36.650967
1533722691,36.65096
1533722696,36.650967
1533722702,36.650974
1533722708,36.65096
1533722714,36.65098
1533722719,36.65098
1533722724,36.650974
1533722730,36.650986
1533722736,36.650986
1533722741,36.650986
1533722747,36.650986
1533722758,36.650986
1533722763,36.650986
1533722768,36.650986
1533722774,36.650986
1533722779,36.650986
1533722785,36.650986
1533722791,36.650986
1533722797,36.650986
1533722802,36.650986
1533722807,36.650986
1533722813,36.650986
1533722818,36.650986
1533722824,36.650986
1533722829,36.650986
1533722834,36.650986
1533722839,36.650986
1533722844,36.650883
1533722850,36.650547
1533722856,36.650166
1533722861,36.649784
1533722866,36.649326
1533722872,36.64888
1533722877,36.648632
1533722883,36.648243
1533722889,36.647823
1533722894,36.647457
1533722900,36.646988
1533722906,36.646454
1533722911,36.64602
1533722917,36.64576
1533722923,36.64567
1533722929,36.645718
1533722935,36.645786
1533722941,36.64586
1533722947,36.645947
1533722953,36.646034
1533722959,36.646126
1533722965,36.64622
1533722971,36.64628
1533722976,36.64626
1533722982,36.646027
1533722987,36.64572
1533722992,36.645412
1533722998,36.645054
1533723004,36.64472
1533723010,36.64436
1533723015,36.644
1533723020,36.643642
1533723026,36.64324
1533723031,36.642975
1533723036,36.642788
1533723042,36.64272
1533723047,36.64274
1533723053,36.642746
1533723059,36.64278
1533723064,36.642834
1533723070,36.642975
1533723075,36.642994
1533723080,36.642994
1533723086,36.642994
1533723092,36.642994
1533723097,36.642994
1533723102,36.642994
1533723107,36.642994
1533723113,36.64303
1533723118,36.643204
1533723124,36.64354
1533723130,36.6439
1533723135,36.644176
1533723141,36.64446
1533723146,36.64468
1533723152,36.645065
1533723158,36.645596
1533723164,36.6461
1533723170,36.64633
1533723181,36.64632
1533723187,36.646236
1533723192,36.646145
1533723198,36.64604
1533723204,36.64596
1533723209,36.645912
1533723215,36.64583
1533723220,36.645767
1533723226,36.645775
1533723231,36.645912
1533723236,36.646343
1533723242,36.646366
1533723247,36.646595
1533723252,36.646862
1533723258,36.647217
1533723264,36.647545
1533723270,36.647793
1533723275,36.64795
1533723280,36.648197
1533723286,36.648495
1533723291,36.64874
1533723296,36.649014
1533723302,36.64934
1533723308,36.64976
1533723314,36.650223
1533723320,36.650723
1533723326,36.651222
1533723331,36.651634
1533723337,36.65212
1533723343,36.652596
1533723348,36.653
1533723354,36.653385
1533723359,36.653687
1533723365,36.65404
1533723370,36.654408
1533723376,36.65482
1533723381,36.655174
1533723387,36.6556
1533723392,36.656013
1533723398,36.656494
1533723404,36.656876
1533723410,36.657238
1533723416,36.657547
1533723422,36.657894
1533723428,36.658287
1533723433,36.658615
1533723439,36.658882
1533723444,36.659145
1533723450,36.659462
1533723455,36.659744
1533723461,36.66004
1533723467,36.660267
1533723473,36.660362
1533723478,36.66049
1533723483,36.660614
1533723489,36.660755
1533723495,36.6609
1533723500,36.661
1533723506,36.661106
1533723512,36.661255
1533723517,36.66139
1533723523,36.661537
1533723529,36.661633
1533723534,36.661686
1533723540,36.66176
1533723546,36.661835
1533723551,36.661873
1533723557,36.661934
1533723562,36.66198
1533723568,36.662025
1533723574,36.66202
1533723580,36.661907
1533723585,36.661736
1533723590,36.66168
1533723596,36.66166
1533723602,36.66165
1533723608,36.661648
1533723614,36.66164
1533723620,36.66164
1533723626,36.66161
1533723631,36.66162
1533723637,36.661663
1533723643,36.661682
1533723648,36.661728
1533723653,36.661655
1533723659,36.661522
1533723664,36.661438
1533723669,36.661327
1533723675,36.661125
1533723681,36.66096
1533723687,36.66077
1533723693,36.66055
1533723699,36.660305
1533723704,36.660168
1533723710,36.659992
1533723716,36.659794
1533723722,36.659615
1533723727,36.65942
1533723733,36.65925
1533723738,36.659077
1533723744,36.65885
1533723750,36.65864
1533723755,36.65846
1533723761,36.658226
1533723767,36.65793
1533723772,36.657658
1533723778,36.657368
1533723783,36.65711
1533723789,36.65676
1533723794,36.656487
1533723800,36.65622
1533723805,36.656006
1533723811,36.655758
1533723817,36.655457
1533723822,36.655254
1533723828,36.655033
1533723834,36.65481
1533723839,36.65465
1533723845,36.654484
1533723851,36.654346
1533723857,36.654293
1533723863,36.654255
1533723868,36.6542
1533723873,36.65414
1533723879,36.654106
1533723885,36.654118
1533723890,36.654118
1533723895,36.654118
1533723901,36.65412
1533723907,36.654125
1533723912,36.654167
1533723918,36.65425
1533723923,36.65423
1533723929,36.654213
1533723934,36.654186
1533723940,36.65412
1533723946,36.654068
1533723952,36.65401
1533723957,36.653973
1533723962,36.653927
1533723968,36.653893
1533723973,36.653885
1533723979,36.653877
1533723984,36.653862
1533723989,36.653847
1533723995,36.653847
1533724001,36.653854
1533724006,36.653854
1533724011,36.65385
1533724017,36.65385
1533724022,36.65385
1533724028,36.65385
1533724034,36.653854
1533724040,36.653854
1533724046,36.653854
1533724051,36.653854
1533724057,36.653854
1533724062,36.653854
1533724067,36.653854
1533724073,36.653854
1533724079,36.653854
1533724084,36.653854
1533724090,36.653854
1533724095,36.653854
1533724101,36.653854
1533724106,36.653854
1533724112,36.653862
1533724117,36.653873
1533724123,36.653873
1533724128,36.653873
1533724134,36.653873
1533724139,36.653873
1533724144,36.653873
1533724149,36.653873
1533724155,36.653873
1533724160,36.653873
1533724165,36.653873
1533724171,36.653873
1533724178,36.653873
1533724184,36.653873
1533724189,36.653873
1533724195,36.653866
1533724201,36.653866
1533724207,36.653866
1533724212,36.653866
1533724218,36.653866
1533724223,36.653866
1533724229,36.653866
1533724235,36.653866
1533724240,36.653866
1533724246,36.653866
1533724251,36.653866
1533724256,36.653866
1533724262,36.653866
1533724267,36.653866
1533724273,36.653866
1533724278,36.65391
1533724284,36.653973
1533724290,36.654003
1533724295,36.653973
1533724300,36.653908
1533724305,36.653908
1533724311,36.653893
1533724317,36.65388
1533724323,36.653893
1533724334,36.653893
1533724339,36.653893
1533724344,36.653893
1533724349,36.653893
1533724354,36.653893
1533724360,36.653893
1533724365,36.653893
1533724371,36.653893
1533724376,36.653893
1533724382,36.6539
1533724387,36.653896
1533724392,36.653896
1533724398,36.653896
1533724404,36.653896
1533724409,36.653896
1533724415,36.653896
1533724421,36.653896
1533724426,36.653896
1533724432,36.653896
1533724437,36.653896
1533724443,36.653896
1533724448,36.653896
1533724454,36.653893
1533724460,36.653893
1533724466,36.653893
1533724472,36.653893
1533724478,36.653893
1533724483,36.653893
1533724489,36.653893
1533724495,36.653893
1533724501,36.653893
1533724506,36.653893
1533724512,36.653893
1533724517,36.653896
1533724522,36.653896
1533724528,36.653896
1533724533,36.653896
1533724539,36.653893
1533724544,36.653893
1533724550,36.653893
1533724555,36.653893
1533724561,36.653893
1533724566,36.653893
1533724571,36.653893
1533724577,36.653893
1533724583,36.653893
1533724588,36.653893
1533724593,36.653893
1533724598,36.653893
1533724604,36.653893
1533724609,36.653893
1533724614,36.653893
1533724619,36.653893
1533724625,36.653893
1533724630,36.653893
1533724635,36.653893
1533724640,36.653893
1533724646,36.653893
1533724652,36.653893
1533724657,36.653893
1533724662,36.653893
1533724667,36.653893
1533724673,36.653893
1533724678,36.653893
1533724684,36.653893
1533724689,36.653893
1533724694,36.653893
1533724700,36.653893
1533724706,36.653893
1533724712,36.653893
1533724717,36.653893
1533724723,36.653893
1533724728,36.653893
1533724734,36.653893
1533724740,36.653893
1533724746,36.653893
1533724751,36.653893
1533724757,36.653893
1533724762,36.653908
1533724767,36.653946
1533724772,36.65399
1533724778,36.65406
1533724783,36.65415
1533724789,36.65424
1533724795,36.65428
1533724801,36.654335
1533724806,36.654373
1533724812,36.65444
1533724817,36.654533
1533724823,36.654667
1533724828,36.654785
1533724834,36.65488
1533724839,36.654995
1533724845,36.65514
1533724850,36.655254
1533724856,36.655388
1533724862,36.655487
1533724868,36.655598
1533724874,36.65576
1533724880,36.65594
1533724886,36.65612
1533724892,36.656315
1533724898,36.656498
1533724903,36.656654
1533724908,36.656807
1533724914,36.65698
1533724920,36.65716
1533724926,36.65732
1533724932,36.657486
1533724937,36.657654
1533724943,36.65789
1533724949,36.658154
1533724955,36.65837
1533724961,36.658607
1533724967,36.65882
1533724972,36.658985
1533724978,36.65917
1533724983,36.659313
1533724988,36.65948
1533724994,36.65966
1533725000,36.659832
1533725006,36.66004
1533725011,36.660202
1533725017,36.66044
1533725023,36.660652
1533725029,36.660877
1533725034,36.661045
1533725040,36.6612
1533725046,36.66139
1533725052,36.661526
1533725057,36.661625
1533725063,36.6617
1533725068,36.661713
1533725074,36.6617
1533725079,36.66166
1533725084,36.66165
1533725090,36.661667
1533725096,36.66169
1533725102,36.661705
1533725107,36.66171
1533725112,36.661716
1533725118,36.661724
1533725124,36.66175
1533725129,36.66181
1533725135,36.66191
1533725141,36.662003
1533725146,36.66207
1533725152,36.662117
1533725157,36.6621
1533725163,36.662037
1533725169,36.661953
1533725174,36.661907
1533725179,36.661873
1533725185,36.661823
1533725190,36.66177
1533725196,36.661713
1533725201,36.66167
1533725207,36.661606
1533725213,36.661526
1533725218,36.661453
1533725224,36.66138
1533725230,36.66131
1533725235,36.661255
1533725241,36.661198
1533725247,36.661114
1533725252,36.661053
1533725257,36.661015
1533725262,36.660988
1533725267,36.660946
1533725273,36.66088
1533725278,36.660828
1533725284,36.66078
1533725290,36.660748
1533725296,36.660706
1533725301,36.66068
1533725307,36.660625
1533725313,36.66054
1533725318,36.660454
1533725323,36.66038
1533725328,36.660316
1533725333,36.66024
1533725339,36.660133
1533725345,36.66001
1533725351,36.65988
1533725357,36.659748
1533725363,36.659626
1533725369,36.6595
1533725375,36.659363
1533725380,36.65922
1533725386,36.65908
1533725391,36.658955
1533725397,36.658794
1533725402,36.65868
1533725408,36.65856
1533725414,36.658455
1533725420,36.65842
1533725426,36.65846
1533725432,36.65858
1533725438,36.658554
1533725444,36.658504
1533725450,36.658466
1533725456,36.658455
1533725462,36.658455
1533725468,36.658455
1533725474,36.658455
1533725480,36.658455
1533725486,36.658455
1533725492,36.658455
1533725498,36.658455
1533725504,36.658455
1533725510,36.658524
1533725516,36.658615
1533725522,36.658733
1533725527,36.658825
1533725533,36.658993
1533725539,36.65921
1533725545,36.659367
1533725551,36.659534
1533725557,36.65961
1533725562,36.659615
1533725568,36.659695
1533725573,36.65976
1533725578,36.659885
1533725583,36.659992
1533725589,36.66023
1533725594,36.66042
1533725600,36.66062
1533725605,36.660744
1533725611,36.660908
1533725616,36.661068
1533725622,36.66123
1533725628,36.661415
1533725634,36.661545
1533725640,36.66164
1533725645,36.661747
1533725650,36.66184
1533725656,36.661945
1533725667,36.66202
1533725673,36.661926
1533725679,36.66177
1533725685,36.661667
1533725691,36.661648
1533725697,36.661613
1533725703,36.661633
1533725709,36.661694
1533725714,36.661674
1533725720,36.66154
1533725726,36.661385
1533725732,36.66122
1533725737,36.66107
1533725742,36.66094
1533725748,36.660786
1533725754,36.660625
1533725760,36.660492
1533725766,36.660355
1533725772,36.660145
1533725778,36.65998
1533725784,36.65983
1533725789,36.659756
1533725795,36.659626
1533725800,36.6595
1533725806,36.65934
1533725812,36.659172
1533725817,36.659046
1533725822,36.65893
1533725828,36.65884
1533725833,36.658836
1533725838,36.658836
1533725844,36.658836
1533725849,36.658836
1533725855,36.658836
1533725861,36.658836
1533725866,36.658836
1533725872,36.658836
1533725877,36.658836
1533722401,36.65396
1533722406,36.65396
1533722412,36.65396
1533722418,36.653965
1533722424,36.653965
1533722430,36.653988
1533722436,36.654106
1533722441,36.654205
1533722446,36.65426
1533722451,36.654293
1533722456,36.65432
1533722462,36.654354
1533722467,36.654392
1533722472,36.65447
1533722478,36.6546
1533722483,36.654716
1533722489,36.654835
1533722495,36.65496
1533722501,36.655094
1533722541,36.656193
1533722547,36.65642
1533722552,36.6566
1533722557,36.656754
1533722562,36.6569
1533722568,36.657093
1533722574,36.657295
1533722579,36.65745
1533722585,36.65765
1533722591,36.65784
1533722597,36.65806
1533722602,36.65822
1533722607,36.658386
1533722612,36.65855
1533722618,36.658733
1533722624,36.658955
1533722630,36.659115
1533722640,36.659386
1533722646,36.659565
1533722652,36.659725
1533722657,36.65985
1533722663,36.65996
1533722668,36.66004
1533722674,36.660164
1533722680,36.660313
1533722686,36.66048
1533722692,36.66064
1533722698,36.66075
1533722704,36.66075
1533722709,36.66092
1533722715,36.66105
1533722720,36.66118
1533722726,36.66132
1533722737,36.661533
1533722742,36.661636
1533722748,36.661736
1533722754,36.66176
1533722760,36.66174
1533722766,36.661713
1533722772,36.6617
1533722778,36.661648
1533722783,36.66164
1533722788,36.66165
1533722794,36.66168
1533722800,36.661705
1533722806,36.661728
1533722812,36.66176
1533722818,36.661827
1533722824,36.6619
1533722830,36.661987
1533722835,36.662056
1533722841,36.662094
1533722847,36.66212
1533722853,36.6621
1533722859,36.66206
1533722864,36.662018
1533722869,36.66194
1533722875,36.661873
1533722880,36.661846
1533722886,36.66181
1533722891,36.661777
1533722897,36.66174
1533722902,36.661686
1533722908,36.66166
1533722913,36.661602
1533722919,36.66156
1533722931,36.661484
1533722937,36.66145
1533722942,36.661415
1533722947,36.66136
1533722953,36.661285
1533722959,36.66122
1533722964,36.66115
1533722970,36.6611
1533722976,36.661045
1533722982,36.661007
1533722988,36.660965
1533722994,36.660908
1533722999,36.66085
1533723004,36.66078
1533723010,36.6607
1533723016,36.66064
1533723021,36.66058
1533723027,36.66048
1533723032,36.66042
1533723038,36.66032
1533723043,36.660213
1533723049,36.660084
1533723054,36.65996
1533723059,36.659847
1533723064,36.659706
1533723069,36.659527
1533723075,36.65932
1533723081,36.659103
1533723086,36.658966
1533723092,36.658806
1533723097,36.658688
1533723103,36.658546
1533723109,36.658535
1533723115,36.65856
1533723121,36.65858
1533723127,36.658558
1533723132,36.65856
1533723138,36.65856
1533723143,36.658558
1533723149,36.658546
1533723154,36.658546
1533723159,36.658543
1533723165,36.658546
1533723171,36.658546
1533723177,36.658546
1533723188,36.658543
1533723194,36.65854
1533723200,36.65854
1533723206,36.658543
1533723211,36.658543
1533723216,36.65854
1533723221,36.65854
1533723227,36.658546
1533723232,36.658566
1533723237,36.658672
1533723243,36.658913
1533723249,36.65912
1533723255,36.659367
1533723261,36.65957
1533723267,36.659695
1533723272,36.659737
1533723277,36.659912
1533723283,36.66012
1533723289,36.66028
1533723295,36.660435
1533723301,36.660553
1533723309,36.660667
1533723314,36.6608
1533723320,36.660927
1533723326,36.661045
1533723332,36.66118
1533723337,36.66131
1533723349,36.661423
1533723355,36.661453
1533723361,36.661472
1533723366,36.661503
1533723372,36.661503
1533723377,36.661587
1533723382,36.66162
1533723387,36.66166
1533723393,36.661705
1533723399,36.66176
1533723405,36.661793
1533723410,36.66182
1533723416,36.661865
1533723422,36.661907
1533723428,36.66194
1533723434,36.66197
1533723445,36.661964
1533723450,36.661953
1533723456,36.66197
1533723461,36.66192
1533723466,36.661907
1533723478,36.66171
1533723484,36.66165
1533723489,36.661648
1533723501,36.661625
1533723506,36.66165
1533723512,36.661633
1533723517,36.661587
1533723523,36.661457
1533723529,36.661293
1533723535,36.66114
1533723541,36.660915
1533723547,36.66075
1533723552,36.660618
1533723558,36.660427
1533723564,36.660213
1533723569,36.66004
1533723575,36.65984
1533723580,36.659653
1533723586,36.65948
1533723592,36.659294
1533723598,36.659107
1533723604,36.65894
1533723610,36.658775
1533723615,36.65863
1533723620,36.658466
1533723626,36.658287
1533723631,36.658154
1533723637,36.657894
1533723643,36.657646
1533723649,36.657425
1533723654,36.65724
1533723660,36.657013
1533723666,36.65671
1533723671,36.65642
1533723677,36.656094
1533723683,36.655823
1533723688,36.655605
1533723693,36.655388
1533723699,36.65515
1533723704,36.65497
1533723710,36.65476
1533723715,36.654606
1533723721,36.65446
1533723727,36.654335
1533723732,36.654297
1533723738,36.65431
1533723744,36.65432
1533723749,36.654293
1533723755,36.65426
1533723760,36.65419
1533723766,36.654064
1533723772,36.654053
1533723778,36.654076
1533723784,36.654114
1533723790,36.654106
1533723796,36.654167
1533723802,36.654163
1533723807,36.654133
1533723813,36.654095
1533723818,36.654068
1533723824,36.654026
1533723829,36.653984
1533723835,36.65392
1533723841,36.653904
1533723846,36.65392
1533723852,36.653908
1533723857,36.653904
1533723863,36.653908
1533723869,36.65391
1533723875,36.653915
1533723881,36.65392
1533723887,36.653927
1533723893,36.65394
1533723899,36.653954
1533723905,36.653965
1533723910,36.653965
1533723916,36.653965
1533723921,36.653965
1533723927,36.653973
1533723932,36.653976
1533723937,36.653973
1533723943,36.653973
1533723949,36.65397
1533723961,36.653965
1533723966,36.653965
1533723972,36.65396
1533723977,36.653957
1533723983,36.653965
1533723988,40.653965
1533723994,40.65397
1533724000,40.653965
1533724006,40.65396
1533724011,40.65395
1533724017,40.653946
1533724023,40.65394
1533724029,40.653942
1533724035,40.65394
1533724041,40.65394
1533724047,40.65394
1533724058,40.653957
1533724063,40.653965
1533724069,40.653957
1533724074,40.65395
1533724080,40.65394
1533724086,40.653934
1533724091,40.653934
1533724096,40.653927
1533724102,40.653915
1533724108,40.65391
1533724114,40.65392
1533724120,40.653927
1533724125,40.653934
1533724131,40.653934
1533724137,40.65393
1533724143,40.653927
1533724149,40.65392
1533724155,40.653923
1533724161,40.65392
1533724167,40.65391
1533724173,40.653908
1533724179,40.653908
1533724185,40.65391
1533724191,40.65391
1533724197,40.65391
1533724203,40.653908
1533724209,40.653908
1533724214,40.653908
1533724219,40.65391
1533724225,40.653904
1533724231,40.6539
1533724237,40.6539
1533724242,40.653893
1533724247,40.653896
1533724253,40.65391
1533724259,40.654037
1533724265,40.65415
1533724270,40.654224
1533724275,40.654266
1533724281,40.654293
1533724287,40.654343
1533724293,40.654408
1533724298,40.654472
1533724304,40.65458
1533724345,40.655605
1533724350,40.655746
1533724355,40.655876
1533724361,40.656013
1533724366,40.65614
1533724371,40.65629
1533724377,40.65648
1533724382,40.656605
1533724388,40.65677
1533724393,40.656876
1533724398,40.657
1533724404,40.657158
1533724410,40.65736
1533724415,40.657486
1533724421,40.657646
1533724427,40.657837
1533724432,40.658005
1533724443,40.658375
1533724449,40.65859
1533724455,40.658794
1533724460,40.65896
1533724466,40.659134
1533724471,40.65928
1533724476,40.65941
1533724482,40.659588
1533724487,40.65972
1533724493,40.659885
1533724498,40.660027
1533724503,40.660156
1533724509,40.66033
1533724514,40.660484
1533724519,40.660606
1533724525,40.66076
1533724530,40.66092
1533724535,40.66108
1533724540,40.661224
1533724546,40.66141
1533724552,40.661545
1533724558,40.661674
1533724564,40.66174
1533724570,40.66172
1533724576,40.661705
1533724581,40.661694
1533724587,40.6617
1533724593,40.66172
1533724599,40.661747
1533724604,40.66176
1533724609,40.661774
1533724615,40.66176
1533724621,40.661747
1533724627,40.66182
1533724632,40.661896
1533724638,40.661972
1533724643,40.66204
1533724649,40.66209
1533724655,40.66212
1533724662,40.66213
1533724667,40.66208
1533724673,40.66202
1533724679,40.66197
1533724684,40.661922
1533724689,40.661907
1533724694,40.661865
1533724699,40.66184
1533724705,40.661785
1533724710,40.661713
1533724715,40.66162
1533724720,40.66156
1533724726,40.661472
1533724760,40.660774
1533724766,40.660633
1533724772,40.66048
1533724778,40.660294
1533724783,40.6601
1533724788,40.659927
1533724794,40.65972
1533724800,40.65952
1533724806,40.659317
1533724811,40.65916
1533724816,40.65902
1533724821,40.658875
1533724827,40.658714
1533724832,40.658596
1533724838,40.658466
1533724843,40.65837
1533724849,40.658268
1533724855,40.658165
1533724860,40.658066
1533724865,40.657978
1533724870,40.657944
1533724876,40.65788
1533724881,40.65777
1533724886,40.65769
1533724892,40.65769
1533724897,40.65772
1533724902,40.657753
1533724908,40.657772
1533724913,40.65777
1533724919,40.657772
1533724925,40.657772
1533724930,40.65778
1533724935,40.65778
1533724940,40.65778
1533724946,40.65778
1533724958,40.657776
1533724964,40.65775
1533724970,40.65776
1533724976,40.65781
1533724981,40.657867
1533724986,40.65796
1533724991,40.658054
1533724997,40.6582
1533725003,40.658348
1533725008,40.6585
1533725014,40.6587
1533725019,40.658833
1533725025,40.659027
1533725030,40.659195
1533725035,40.659355
1533725041,40.659527
1533725047,40.659718
1533725053,40.65991
1533725059,40.66002
1533725065,40.660088
1533725071,40.660107
1533725077,40.66014
1533725082,40.660194
1533725088,40.6603
1533725093,40.660393
1533725098,40.6605
1533725104,40.660675
1533725110,40.66088
1533725116,40.661
1533725121,40.661175
1533725127,40.661346
1533725133,40.66153
1533725139,40.661648
1533725145,40.661747
1533725150,40.6618
1533725156,40.66186
1533725162,40.66192
1533725167,40.66197
1533725172,40.661972
1533725178,40.662014
1533725184,40.662
1533725189,40.662006
1533725194,40.662006
1533725200,40.662006
1533725206,40.662006
1533725212,40.662
1533725217,40.662
1533725223,40.66198
1533725229,40.661945
1533725234,40.661926
1533725246,40.661892
1533725251,40.661846
1533725257,40.661694
1533725263,40.661633
1533725268,40.66162
1533725273,40.661606
1533725279,40.661625
1533725284,40.66165
1533725289,40.661617
1533725295,40.661472
1533725301,40.661274
1533725306,40.661068
1533725311,40.66088
1533725317,40.660694
1533725323,40.66051
1533725328,40.660347
1533725334,40.66014
1533725339,40.65996
1533725345,40.659733
1533725350,40.659534
1533725355,40.659348
1533725361,40.65914
1533725366,40.65895
1533725371,40.658745
1533725377,40.65852
1533725383,40.65827
1533725389,40.65803
1533725395,40.65775
1533725437,40.655933
1533725443,40.65568
1533725449,40.655426
1533725455,40.65519
1533725460,40.65502
1533725466,40.654827
1533725471,40.65467
1533725476,40.65452
1533725481,40.654415
1533725487,40.654366
1533725492,40.654335
1533725497,40.6543
1533725503,40.65428
1533725508,40.654255
1533725514,40.65413
1533725520,40.65406
1533725525,40.654068
1533725530,40.654087
1533725536,40.654118
1533725542,40.654125
1533725548,40.65412
1533725553,40.65412
1533725559,40.65412
1533725564,40.654114
1533725569,40.65411
1533725575,40.654106
1533725581,40.654106
1533725587,40.654106
1533725599,40.654106
1533725604,40.654106
1533725610,40.654106
1533725616,40.654106
1533725621,40.6541
1533725627,40.6541
1533725632,40.654095
1533725638,40.654095
1533725643,40.654095
1533725649,40.6541
1533725654,40.654106
1533725660,40.654106
1533725666,40.654106
1533725671,40.654106
1533725677,40.654106
1533725683,40.654106
1533725689,40.654106
1533725694,40.654106
1533725699,40.654106
1533725704,40.654106
1533725710,40.654106
1533725717,40.654106
1533725722,40.654106
1533725728,40.654106
1533725734,40.654106
1533725739,40.654106
1533725745,40.654106
1533725750,40.654106
1533725755,40.654106
1533725761,40.654106
1533725767,40.654106
1533725773,40.654102
1533725779,40.654102
1533725785,40.654102
1533725791,40.654102
1533725796,40.6541
1533725802,40.6541
1533725807,40.6541
1533725813,40.6541
1533725819,40.6541
1533725825,40.6541
1533725830,40.6541
1533725836,40.6541
1533725842,40.6541
1533725848,40.6541
1533725853,40.6541
1533725858,40.6541
1533725863,40.6541
1533725869,40.6541
1533725875,40.6541
1533725881,40.6541
1533725887,40.6541
1533725892,40.6541
1533725898,40.6541
1533725904,40.6541
1533725909,40.654106
1533725920,40.654125
1533725926,40.654095
1533725932,40.65404
1533725938,40.65399
1533725943,40.653965
1533725948,40.653954
1533725953,40.653954
1533725959,40.653957
1533725965,40.65396
1533725971,40.65396
1533725976,40.653965
1533725982,40.653973
1533725988,40.65395
1533725993,40.6539
1533725999,40.65386
1533722400,40.63785
1533722406,40.637814
1533722412,40.637787
1533722418,40.63775
1533722424,40.63766
1533722430,40.637608
1533722435,40.637573
1533722441,40.63758
1533722447,40.637615
1533722453,40.637657
1533722458,40.63766
1533722464,40.63766
1533722470,40.637714
1533722475,40.637764
1533722481,40.637806
1533722486,40.637817
1533722491,40.637833
1533722496,40.637833
1533722501,40.63784
1533722507,40.637817
1533722513,40.637806
1533722519,40.637794
1533722524,40.6378
1533722530,40.6378
1533722536,40.637794
1533722542,40.637783
1533722548,40.637787
1533722554,40.637775
1533722560,40.637775
1533722565,40.637768
1533722570,40.637768
1533722576,40.63776
1533722581,40.637764
1533722587,40.637768
1533722593,40.637768
1533722599,40.637768
1533722604,40.63777
1533722610,40.637768
1533722615,40.637768
1533722621,40.637794
1533722626,40.637814
1533722632,40.637833
1533722638,40.637848
1533722644,40.637848
1533722650,40.637856
1533722655,40.63786
1533722661,40.63785
1533722667,40.637836
1533722672,40.637825
1533722678,40.637825
1533722684,40.6378
1533722690,40.6378
1533722696,40.6378
1533722702,40.6378
1533722708,40.6378
1533722714,40.6378
1533722719,40.63779
1533722725,40.637794
1533722731,40.637783
1533722737,40.637806
1533722742,40.637817
1533722747,40.637825
1533722753,40.637825
1533722758,40.637825
1533722764,40.637806
1533722770,40.637783
1533722776,40.63779
1533722782,40.637787
1533722787,40.637794
1533722793,40.637787
1533722799,40.6378
1533722804,40.637806
1533722810,40.637814
1533722815,40.63783
1533722820,40.637833
1533722826,40.637833
1533722832,40.637802
1533722837,40.637794
1533722843,40.637787
1533722848,40.637783
1533722853,40.637783
1533722859,40.637764
1533722865,40.63777
1533722871,40.637787
1533722877,40.63779
1533722883,40.637787
1533722889,40.63776
1533722895,40.637756
1533722900,40.63778
1533722905,40.637814
1533722911,40.63786
1533722917,40.637905
1533722923,40.637974
1533722928,40.638054
1533722934,40.63814
1533722939,40.63821
1533722951,40.638348
1533722957,40.638447
1533722963,40.638588
1533722969,40.6387
1533722974,40.63878
1533722980,40.63887
1533722986,40.63896
1533722992,40.639053
1533722998,40.639145
1533723003,40.639168
1533723009,40.639282
1533723015,40.63936
1533723020,40.639435
1533723026,40.639572
1533723032,40.63972
1533723038,40.63984
1533723044,40.639965
1533723049,40.64012
1533723055,40.640327
1533723060,40.640507
1533723065,40.6407
1533723071,40.6409
1533723077,40.64097
1533723082,40.641068
1533723088,40.641182
1533723093,40.641285
1533723099,40.641365
1533723105,40.641502
1533723111,40.64162
1533723116,40.64172
1533723122,40.641846
1533723128,40.641983
1533723134,40.64204
1533723140,40.642033
1533723145,40.64197
1533723151,40.641846
1533723157,40.641727
1533723163,40.641636
1533723168,40.641552
1533723174,40.641552
1533723179,40.641373
1533723185,40.641266
1533723191,40.641132
1533723197,40.64102
1533723202,40.640945
1533723208,40.640842
1533723214,40.64075
1533723219,40.64068
1533723224,40.6406
1533723230,40.640514
1533723235,40.640427
1533723241,40.64036
1533723247,40.64042
1533723252,40.6405
1533723258,40.640636
1533723264,40.640804
1533723270,40.640957
1533723276,40.64113
1533723282,40.641254
1533723288,40.641373
1533723294,40.641468
1533723300,40.641582
1533723306,40.641716
1533723312,40.64186
1533723318,40.641994
1533723324,40.641994
1533723330,40.642223
1533723335,40.642326
1533723340,40.642452
1533723346,40.64263
1533723352,40.642853
1533723357,40.643013
1533723363,40.643173
1533723369,40.643295
1533723375,40.64337
1533723380,40.64346
1533723386,40.643623
1533723392,40.643806
1533723397,40.643948
1533723402,40.6441
1533723408,40.644276
1533723414,40.6444
1533723419,40.644367
1533723425,40.6443
1533723431,40.644276
1533723437,40.64427
1533723443,40.644268
1533723449,40.64427
1533723455,40.644287
1533723461,40.644333
1533723467,40.644302
1533723473,40.6443
1533723480,40.6443
1533723485,40.6443
1533723491,40.644295
1533723496,40.644295
1533723501,40.644287
1533723506,40.644333
1533723512,40.644318
1533723517,40.644295
1533723523,40.64427
1533723528,40.64423
1533723534,40.64412
1533723539,40.644047
1533723545,40.64389
1533723551,40.643772
1533723556,40.64366
1533723562,40.643524
1533723568,40.643436
1533723574,40.643288
1533723580,40.6431
1533723586,40.64285
1533723591,40.64261
1533723596,40.6424
1533723601,40.642174
1533723607,40.641926
1533723613,40.64171
1533723619,40.6415
1533723625,40.641266
1533723631,40.64102
1533723637,40.64086
1533723642,40.640644
1533723649,40.640617
1533723659,40.640976
1533723665,40.64123
1533723670,40.64139
1533723676,40.641586
1533723682,40.641853
1533723688,40.641968
1533723693,40.641956
1533723700,40.64172
1533723705,40.64172
1533723710,40.641247
1533723716,40.641033
1533723722,40.640774
1533723727,40.640514
1533723733,40.64031
1533723738,40.640068
1533723744,40.639828
1533723750,40.639637
1533723756,40.639393
1533723762,40.639233
1533723767,40.639114
1533723773,40.638992
1533723780,40.638794
1533723785,40.63866
1533723790,40.638493
1533723795,40.63833
1533723801,40.638145
1533723807,40.63796
1533723813,40.63793
1533723818,40.637985
1533723824,40.63793
1533723829,40.637863
1533723834,40.637802
1533723839,40.63778
1533723845,40.637745
1533723850,40.637722
1533723856,40.63773
1533723862,40.63773
1533723867,40.63773
1533723873,40.637726
1533723879,40.63772
1533723884,40.63772
1533723890,40.63764
1533723896,40.63768
1533723901,40.63768
1533723907,40.637665
1533723912,40.637665
1533723918,40.637665
1533723923,40.63767
1533723929,40.637714
1533723935,40.637737
1533723941,40.637753
1533723946,40.63776
1533723952,40.637753
1533723957,40.637745
1533723963,40.637745
1533723969,40.637756
1533723975,40.637768
1533723981,40.63777
1533723987,40.63776
1533723993,40.63772
1533723999,40.637733
1533724005,40.63773
1533724011,40.637714
1533724017,40.6377
1533724023,40.637672
1533724029,40.637627
1533724035,40.63766
1533724040,40.63766
1533724046,40.63765
1533724051,40.63764
1533724057,40.637634
1533724062,40.637627
1533724068,40.63764
1533724079,40.637634
1533724085,40.637634
1533724090,40.63763
1533724096,40.637646
1533724102,40.63766
1533724108,40.637665
1533724114,40.63768
1533724119,40.637714
1533724125,40.63777
1533724131,40.63784
1533724136,40.637897
1533724142,40.637955
1533724148,40.63804
1533724153,40.638138
1533724159,40.6382
1533724165,40.638287
1533724170,40.63835
1533724176,38.63845
1533724181,38.638565
1533724187,38.63872
1533724193,38.638847
1533724199,38.638958
1533724204,38.63902
1533724209,38.639072
1533724215,38.639114
1533724221,38.6392
1533724227,38.63924
1533724233,38.639385
1533724239,38.639572
1533724244,38.63967
1533724249,38.63973
1533724255,38.639786
1533724260,38.63983
1533724266,38.63992
1533724271,38.640034
1533724277,38.64017
1533724283,38.640327
1533724288,38.640446
1533724294,38.64052
1533724300,38.64054
1533724305,38.64056
1533724311,38.640564
1533724317,38.64046
1533724323,38.640488
1533724329,38.64052
1533724334,38.6405
1533724340,38.640507
1533724345,38.64052
1533724351,38.64052
1533724356,38.640526
1533724362,38.640526
1533724368,38.64053
1533724374,38.640526
1533724379,38.640514
1533724385,38.640507
1533724391,38.64053
1533724397,38.640556
1533724402,38.640537
1533724407,38.64052
1533724413,38.640514
1533724418,38.640514
1533724424,38.64052
1533724430,38.640514
1533724435,38.64052
1533724441,38.64052
1533724446,38.640495
1533724452,38.64052
1533724458,38.640514
1533724464,38.640472
1533724470,38.640465
1533724476,38.640465
1533724482,38.640465
1533724487,38.64044
1533724492,38.64036
1533724498,38.640194
1533724503,38.64004
1533724509,38.639866
1533724515,38.639732
1533724521,38.639606
1533724527,38.639465
1533724532,38.639328
1533724538,38.639202
1533724543,38.639168
1533724549,38.63912
1533724554,38.639053
1533724560,38.639065
1533724565,38.639023
1533724570,38.638866
1533724576,38.63861
1533724581,38.638447
1533724587,38.63831
1533724593,38.63812
1533724599,38.63793
1533724605,38.637768
1533724610,38.637726
1533724616,38.63776
1533724621,38.63776
1533724627,38.637745
1533724633,38.63779
1533724639,38.63774
1533724644,38.63769
1533724650,38.637707
1533724655,38.637745
1533724661,38.63776
1533724666,38.63777
1533724672,38.637787
1533724678,38.63782
1533724683,38.63785
1533724688,38.637848
1533724693,38.637848
1533724699,38.637848
1533724705,38.637833
1533724711,38.6378
1533724717,38.637787
1533724723,38.63777
1533724729,38.63776
1533724735,38.63775
1533724740,38.637745
1533724745,38.63774
1533724750,38.637703
1533724755,38.63766
1533724761,38.637646
1533724767,38.63764
1533724772,38.63764
1533724777,38.637634
1533724783,38.6376
1533724788,38.637585
1533724793,38.63756
1533724798,38.637558
1533724804,38.637535
1533724809,38.637516
1533724815,38.637535
1533724821,38.637527
1533724826,38.637547
1533724832,38.637554
1533724838,38.63751
1533724844,38.63748
1533724849,38.637455
1533724855,38.63743
1533724861,38.637436
1533724867,38.63745
1533724872,38.637466
1533724884,38.637398
1533724890,38.637394
1533724895,38.637394
1533724901,38.63741
1533724907,38.637386
1533724912,38.637405
1533724917,38.637516
1533724923,38.63751
1533724928,38.637493
1533724933,38.637466
1533724939,38.63743
1533724945,38.63743
1533724951,38.63742
1533724956,38.637394
1533724961,38.63735
1533724966,38.63731
1533724972,38.63732
1533724977,38.637398
1533724983,38.637436
1533724988,38.637432
1533724994,38.637455
1533724999,38.63746
1533725005,38.63745
1533725010,38.637447
1533725016,38.637432
1533725022,38.637436
1533725028,38.637413
1533725034,38.63743
1533725040,38.637413
1533725045,38.637386
1533725050,38.637337
1533725056,38.63732
1533725062,38.63735
1533725067,38.637344
1533725073,38.637325
1533725079,38.637333
1533725084,38.63732
1533725089,38.637318
1533725095,38.637287
1533725101,38.6372
1533725107,38.63714
1533725112,38.637154
1533725118,38.637154
1533725123,38.63719
1533725128,38.637234
1533725134,38.637295
1533725139,38.637325
1533725144,38.63742
1533725150,38.63754
1533725155,38.637592
1533725161,38.637615
1533725167,38.637665
1533725173,38.63772
1533725179,38.63777
1533725185,38.63782
1533725191,38.637913
1533725197,38.63801
1533725202,38.638107
1533725208,38.638214
1533725213,38.63829
1533725219,38.638367
1533725225,38.63838
1533725236,38.63843
1533725241,38.63848
1533725247,38.638565
1533725253,38.638664
1533725258,38.638752
1533725263,38.638824
1533725269,38.638897
1533725275,38.63899
1533725281,38.63909
1533725287,38.63917
1533725293,38.639275
1533725299,38.639374
1533725305,38.639473
1533725310,38.639595
1533725315,38.6397
1533725320,38.639774
1533725326,38.63994
1533725331,38.640053
1533725338,38.640232
1533725344,38.64042
1533725349,38.640568
1533725355,38.640755
1533725360,38.640865
1533725366,38.641006
1533725372,38.64118
1533725377,38.641285
1533725383,38.641422
1533725389,38.641567
1533725394,38.641685
1533725400,38.641823
1533725406,38.641907
1533725411,38.641968
1533725417,38.64197
1533725429,38.64179
1533725435,38.64168
1533725440,38.64158
1533725445,38.641487
1533725451,38.641403
1533725457,38.641308
1533725462,38.641186
1533725468,38.641075
1533725474,38.641006
1533725480,38.640915
1533725486,38.640846
1533725492,38.64081
1533725497,38.6408
1533725503,38.640663
1533725508,38.64059
1533725514,38.640465
1533725524,38.64036
1533725529,38.640427
1533725535,38.64057
1533725540,38.640686
1533725546,38.640812
1533725552,38.64094
1533725557,38.64106
1533725563,38.641167
1533725569,38.64126
1533725575,38.641365
1533725580,38.641468
1533725586,38.641613
1533725591,38.64172
1533725596,38.64182
1533725601,38.641926
1533725606,38.642033
1533725612,38.642147
1533725617,38.642235
1533725622,38.642334
1533725627,38.64244
1533725633,38.6426
1533725638,38.642693
1533725644,38.642853
1533725649,38.64295
1533725655,38.643105
1533725660,38.643215
1533725666,38.643272
1533725672,38.643345
1533725677,38.643414
1533725682,38.64354
1533725687,38.643646
1533725693,38.643787
1533725698,38.643913
1533725703,38.644054
1533725709,38.644268
1533725715,38.644367
1533725721,38.644352
1533725727,38.64431
1533725733,38.64428
1533725739,38.64428
1533725750,38.64428
1533725755,38.64427
1533725761,38.644268
1533725766,38.644264
1533725772,38.644253
1533725778,38.64423
1533725783,38.644142
1533725789,38.64406
1533725794,38.64407
1533725799,38.644066
1533725805,38.644012
1533725811,38.64394
1533725817,38.64388
1533725823,38.64382
1533725829,38.643795
1533725835,38.643784
1533725847,38.643776
1533725853,38.643772
1533725858,38.643772
1533725864,38.643772
1533725870,38.643772
1533725875,38.643772
1533725880,38.643772
1533725886,38.64377
1533725892,38.64377
1533725897,38.64377
1533725903,38.64377
1533725908,38.643772
1533725913,38.643772
1533725919,38.643772
1533725924,38.643776
1533725930,38.643772
1533725936,38.643776
1533725941,38.643776
1533725947,38.643776
1533725952,38.643776
1533725958,38.643776
1533725963,38.643776
1533725969,38.64378
1533725975,38.64378
1533725980,38.64378
1533725986,38.64378
1533725991,38.64378
1533725997,38.64378
1533726051,38.654648
1533726057,38.654667
1533726063,38.657394
1533726069,38.65742
1533726077,38.65747
1533726082,38.657467
1533726088,38.657467
1533726093,38.65745
1533726099,38.657444
1533726104,38.657448
1533726110,38.65745
1533726115,38.65745
1533726120,38.65745
1533726125,38.65745
1533726130,38.65745
1533726141,38.65745
1533726147,38.65745
1533726152,38.65745
1533726157,38.65745
1533726163,38.65745
1533726168,38.65745
1533726173,38.657455
1533726179,38.65745
1533726184,38.65746
1533726190,38.657467
1533726196,38.657463
1533726201,38.657494
1533726207,38.657555
1533726213,38.65761
1533726219,38.65761
1533726225,38.65761
1533726231,38.65761
1533726237,38.65761
1533726242,38.65761
1533726248,38.657635
1533726253,38.657635
1533726259,38.65762
1533726264,38.657616
1533726269,38.657616
1533726275,38.657616
1533726280,38.657616
1533726285,38.65761
1533726291,38.65761
1533726296,38.657593
1533726301,38.657536
1533726307,38.657497
1533726312,38.657494
1533726318,38.657494
1533726323,38.657494
1533726329,38.6575
1533726335,38.6575
1533726341,38.6575
1533726347,38.6575
1533726353,38.6575
1533726359,38.6575
1533726364,38.6575
1533726369,38.6575
1533726375,38.6575
1533726381,38.6575
1533726386,38.6575
1533726391,38.6575
1533726397,38.6575
1533726403,38.6575
1533726409,38.6575
1533726415,38.6575
1533726421,38.6575
1533726427,38.6575
1533726433,38.6575
1533726438,38.6575
1533726444,38.6575
1533726449,38.6575
1533726455,38.6575
1533726461,38.6575
1533726467,38.6575
1533726472,38.6575
1533726478,38.6575
1533726484,38.6575
1533726489,38.6575
1533726494,38.6575
1533726505,38.6575
1533726511,38.6575
1533726517,38.6575
1533726523,38.6575
1533726529,38.6575
1533726535,38.6575
1533726541,38.6575
1533726547,38.6575
1533726553,38.657497
1533726559,38.657497
1533726565,38.657494
1533726571,38.657494
1533726577,38.657494
1533726583,38.657494
1533726589,38.657494
1533726595,38.657494
1533726601,38.657494
1533726607,38.657494
1533726613,38.657497
1533726619,38.657497
1533726625,38.657497
1533726631,38.657497
1533726637,38.657497
1533726643,38.657494
1533726649,38.657494
1533726654,38.657494
1533726660,38.657494
1533726665,38.657494
1533726671,38.657494
1533726677,38.657494
1533726683,38.657494
1533726688,38.657494
1533726694,38.657494
1533726699,38.657505
1533726705,38.657555
1533726711,38.6576
1533726717,38.65764
1533726723,38.65769
1533726729,38.657745
1533726734,38.65782
1533726740,38.657974
1533726746,38.658207
1533726751,38.6584
1533726756,38.658604
1533726762,38.65882
1533726767,38.65898
1533726773,38.659145
1533726778,38.659283
1533726783,38.65942
1533726789,38.65958
1533726794,38.65972
1533726799,38.659855
1533726805,38.660004
1533726811,38.66018
1533726817,38.660343
1533726823,38.660507
1533726829,38.660675
1533726834,38.6608
1533726840,38.660954
1533726846,38.66107
1533726851,38.66118
1533726857,38.66131
1533726862,38.66139
1533726868,38.661514
1533726874,38.66164
1533726880,38.6617
1533726885,38.661713
1533726891,38.661728
1533726896,38.661724
1533726901,38.6617
1533726906,38.661694
1533726912,38.661694
1533726917,38.661694
1533726928,38.661686
1533726934,38.661697
1533726939,38.66171
1533726945,38.66172
1533726950,38.66172
1533726955,38.66172
1533726960,38.66173
1533726966,38.66176
1533726972,38.661846
1533726978,38.66195
1533726983,38.661694
1533726988,38.662083
1533726994,38.662113
1533727000,38.6621
1533727006,38.662056
1533727011,38.66198
1533727017,38.661926
1533727022,38.661896
1533727028,38.661846
1533727033,38.6618
1533727039,38.66174
1533727044,38.6617
1533727050,38.661636
1533727055,38.66158
1533727061,38.66152
1533727067,38.661446
1533727073,38.66138
1533727079,38.66132
1533727085,38.66126
1533727090,38.661205
1533727096,38.661148
1533727102,38.661106
1533727108,38.66106
1533727113,38.661015
1533727118,38.66096
1533727124,38.66089
1533727130,38.66082
1533727135,38.660774
1533727141,38.660717
1533727147,38.66064
1533727152,38.660564
1533727157,38.660473
1533727163,38.660343
1533727168,38.660248
1533727173,38.66015
1533727179,38.660038
1533727184,38.65994
1533727190,38.6598
1533727195,38.659668
1533727201,38.659466
1533727207,38.659264
1533727213,38.65909
1533727219,38.65892
1533727224,38.65879
1533727230,38.65864
1533727235,38.658512
1533727240,38.658447
1533727246,38.658447
1533727251,38.658447
1533727256,38.658432
1533727261,38.658413
1533727267,38.658398
1533727273,38.658394
1533727279,38.6584
1533727284,38.6584
1533727290,38.6584
1533727295,38.6584
1533727301,38.6584
1533727306,38.658405
1533727312,38.658432
1533727317,38.65848
1533727323,38.658535
1533727329,38.658493
1533727335,38.658455
1533727341,38.658443
1533727346,38.658443
1533727351,38.658466
1533727357,38.658466
1533727363,38.65845
1533727368,38.658463
1533727374,38.658447
1533727380,38.658447
1533727386,38.658447
1533727392,38.658447
1533727398,38.658447
1533727403,38.658447
1533727409,38.658447
1533727415,38.658443
1533727420,38.658443
1533727425,38.658443
1533727431,38.658443
1533727437,38.658455
1533727443,38.658527
1533727449,38.65864
1533727454,38.658752
1533727459,38.65888
1533727465,38.65914
1533727471,38.659412
1533727477,38.659634
1533727483,38.659706
1533727489,38.659706
1533727495,38.659706
1533727501,38.659786
1533727508,38.65996
1533727514,38.65999
1533728061,38.660927
1533728067,38.66111
1533728073,38.6613
1533728078,38.661434
1533728084,38.661587
1533728089,38.66161
1533728095,38.66147
1533728101,38.661316
1533728107,38.661194
1533728113,38.66102
1533728120,38.660873
1533728126,38.66071
1533728132,38.660526
1533728138,38.660397
1533728143,38.66017
1533728148,38.659885
1533728153,38.65967
1533728158,38.6596
1533728164,38.659206
1533728170,38.658913
1533728175,38.658745
1533728180,38.658566
1533728186,38.65822
1533728192,38.657814
1533728198,38.657402
1533728203,38.65711
1533728208,38.65683
1533728213,38.656567
1533728219,38.65624
1533728224,38.655952
1533728229,38.65562
1533728235,38.65518
1533728240,38.65488
1533728245,38.65462
1533728250,38.654335
1533728256,38.654045
1533728262,38.65377
1533728267,38.653526
1533728273,38.653214
1533728278,38.65294
1533728283,38.652668
1533728289,38.652317
1533728294,38.652027
1533728300,38.65167
1533728306,38.65133
1533728312,38.651005
1533728318,38.650654
1533728323,38.65036
1533728329,38.649952
1533728334,38.64956
1533728340,38.649025
1533728346,38.64844
1533728351,38.648052
1533728357,38.647667
1533728362,38.6473
1533728368,38.646786
1533728374,38.64622
1533728379,38.645885
1533728384,38.645695
1533728390,38.64568
1533728395,38.64574
1533728400,38.64586
1533728406,38.645916
1533728412,38.646015
1533728418,38.646126
1533728424,38.646275
1533728430,38.64634
1533728436,38.646233
1533728442,34.645733
1533728447,34.645206
1533728453,34.644665
1533728459,34.64414
1533728465,34.64361
1533728471,34.64303
1533728476,34.64251
1533728481,34.64208
1533728486,34.641716
1533728492,34.6414
1533728498,34.641186
1533728503,34.641068
1533728508,34.640972
1533728514,34.64083
1533728520,34.640648
1533728525,34.640553
1533728531,34.640553
1533728536,34.640667
1533728547,34.64118
1533728552,34.641193
1533728558,34.641193
1533726004,34.653866
1533726009,34.653866
1533726015,34.65386
1533726020,34.65386
1533726025,34.65386
1533726031,34.65386
1533726037,34.65386
1533726043,34.65386
1533726049,34.65386
1533726054,34.65386
1533726060,34.65386
1533726066,34.65386
1533726072,34.65386
1533726078,34.65386
1533726084,34.65386
1533726090,34.65386
1533726096,34.65386
1533726101,34.65386
1533726107,34.65386
1533726113,34.65386
1533726119,34.65386
1533726125,34.65386
1533726131,34.65386
1533726137,34.65386
1533726143,34.65386
1533726149,34.65386
1533726155,34.65386
1533726160,34.65386
1533726166,34.65386
1533726171,34.65386
1533726177,34.65386
1533726183,34.65386
1533726188,34.65386
1533726193,34.65386
1533726199,34.65386
1533726204,34.65386
1533726209,34.65386
1533726215,34.65386
1533726220,34.65386
1533726226,34.65386
1533726231,34.65386
1533726237,34.65386
1533726242,34.65386
1533726247,34.65386
1533726253,34.65386
1533726259,34.65386
1533726264,34.65386
1533726270,34.65386
1533726276,34.65386
1533726281,34.65386
1533726286,34.65386
1533726291,34.65386
1533726297,34.653862
1533726302,34.653862
1533726307,34.653862
1533726313,34.653862
1533726319,34.653862
1533726325,34.653862
1533726331,34.653862
1533726337,34.653862
1533726343,34.653862
1533726349,34.653862
1533726354,34.653866
1533726360,34.653866
1533726365,34.653866
1533726370,34.653866
1533726376,34.653866
1533726382,34.653866
1533726387,34.653866
1533726393,34.653866
1533726399,34.653866
1533726405,34.653866
1533726410,34.653866
1533726415,34.65387
1533726421,34.65387
1533726427,34.65387
1533726433,34.65387
1533726439,34.653873
1533726445,34.653873
1533726451,34.653873
1533726457,34.653873
1533726463,34.653873
1533726468,34.653873
1533726474,34.653873
1533726480,34.653873
1533726486,34.653873
1533726492,34.653873
1533726497,34.653873
1533726503,34.653873
1533726509,34.653873
1533726514,34.653873
1533726520,34.653873
1533726525,34.653877
1533726531,34.653923
1533726536,34.653976
1533726542,34.65406
1533726547,34.654118
1533726553,34.654186
1533726559,34.654236
1533726564,34.654255
1533726570,34.65426
1533726576,34.654285
1533726581,34.654335
1533726586,34.65434
1533726592,34.654472
1533726598,34.654552
1533726604,34.65465
1533726609,34.65476
1533726614,34.654858
1533726619,34.654964
1533726658,34.65593
1533726663,34.656086
1533726670,34.65624
1533726675,34.656475
1533726681,34.656475
1533726686,34.65678
1533726691,34.656918
1533726697,34.657085
1533726703,34.657257
1533726709,34.65744
1533726715,34.65761
1533726721,34.6578
1533726727,34.65799
1533726733,34.658165
1533726739,34.65834
1533726745,34.658512
1533726751,34.658695
1533726757,34.658882
1533726763,34.659054
1533726769,34.659225
1533726774,34.65938
1533726780,34.659546
1533726785,34.659706
1533726790,34.659866
1533726796,34.66002
1533726801,34.660152
1533726807,34.660328
1533726813,34.660496
1533726818,34.660645
1533726824,34.660793
1533726830,34.660965
1533726836,34.6611
1533726842,34.661255
1533726848,34.661392
1533726854,34.661537
1533726859,34.66165
1533726865,34.661755
1533726871,34.661774
1533726877,34.661766
1533726882,34.661747
1533726888,34.661724
1533726893,34.661716
1533726898,34.661694
1533726904,34.661694
1533726910,34.661705
1533726916,34.66174
1533726921,34.661766
1533726927,34.66178
1533726933,34.66176
1533726938,34.661774
1533726944,34.66181
1533726949,34.66188
1533726955,34.661964
1533726961,34.66204
1533726967,34.662106
1533726973,34.66216
1533726979,34.662155
1533726984,34.662117
1533726990,34.66207
1533726996,34.66202
1533727001,34.661972
1533727012,34.661892
1533727017,34.661858
1533727023,34.66181
1533727028,34.661755
1533727033,34.661686
1533727075,34.660904
1533727081,34.660755
1533727087,34.660614
1533727093,34.660435
1533727099,34.66024
1533727105,34.660034
1533727110,34.659855
1533727116,34.659645
1533727121,34.659462
1533727127,34.659256
1533727132,34.659065
1533727170,34.658207
1533727176,34.6581
1533727181,34.657993
1533727186,34.6579
1533727192,34.65784
1533727198,34.657803
1533727204,34.65768
1533727210,34.65764
1533727216,34.657707
1533727221,34.657764
1533727227,34.657795
1533727232,34.657803
1533727237,34.65781
1533727242,34.657818
1533727248,34.65782
1533727253,34.65782
1533727259,34.65782
1533727264,34.657814
1533727270,34.657795
1533727276,34.657787
1533727281,34.657784
1533727287,34.65778
1533727293,34.65776
1533727298,34.657757
1533727303,34.657764
1533727309,34.657795
1533727314,34.657825
1533727320,34.65784
1533727326,34.657925
1533727331,34.658073
1533727337,34.658253
1533727343,34.658512
1533727349,34.65872
1533727355,34.65894
1533727366,34.65936
1533727372,34.65956
1533727377,34.65974
1533727383,34.659946
1533727389,34.660126
1533727427,34.66122
1533727433,34.6614
1533727438,34.66157
1533727443,34.661686
1533727449,34.661766
1533727455,34.66184
1533727460,34.661903
1533727465,34.661922
1533727471,34.66196
1533727477,34.6618
1533727483,34.66164
1533727488,34.661633
1533727494,34.661636
1533727499,34.66165
1533727505,34.661655
1533727511,34.66154
1533727516,34.661366
1533727521,34.661217
1533727527,34.661015
1533727532,34.66082
1533727537,34.660637
1533727543,34.660427
1533727549,34.660187
1533727555,34.65998
1533727561,34.659737
1533727566,34.65956
1533727572,34.65932
1533727577,34.65912
1533727582,34.65888
1533727588,34.65864
1533727593,34.658424
1533727598,34.658222
1533727604,34.658
1533727610,34.65778
1533727615,34.65761
1533727620,34.657433
1533727626,34.657173
1533727631,34.65695
1533727637,34.656704
1533727643,34.656418
1533727648,34.656166
1533727654,34.6559
1533727660,34.655617
1533727665,34.655415
1533727670,34.65524
1533727676,34.65504
1533727682,34.654865
1533727687,34.654633
1533727693,34.654427
1533727698,34.654354
1533727704,34.65431
1533727710,34.654285
1533727716,34.65428
1533727722,34.6542
1533727728,34.654095
1533727733,34.654095
1533727738,34.65415
1533727744,34.654133
1533727749,34.654194
1533727754,34.654167
1533727759,34.654125
1533727765,34.654068
1533727771,34.65402
1533727777,34.653946
1533727783,34.653885
1533727789,34.653873
1533727795,30.65388
1533727800,30.65388
1533727806,30.65388
1533727811,30.65388
1533727817,30.65388
1533727822,30.65388
1533727827,30.65388
1533727833,30.65388
1533727839,30.65388
1533727844,30.65388
1533727850,30.65388
1533727856,30.65388
1533727862,30.65388
1533727867,30.65388
1533727878,30.65388
1533727883,30.65388
1533727889,30.65388
1533727895,30.65388
1533727900,30.65388
1533727905,30.65388
1533727911,30.65388
1533727916,30.65388
1533727922,30.65388
1533727927,30.65388
1533727932,30.65388
1533727938,30.65388
1533727943,30.65388
1533727948,30.65388
1533727953,30.65388
1533727959,30.65388
1533727964,30.65388
1533727969,30.65388
1533727974,30.65388
1533727979,30.65388
1533727985,30.65388
1533727990,30.65388
1533727995,30.65388
1533728001,30.65388
1533728007,30.65388
1533728013,30.65388
1533728019,30.65388
1533728025,30.65388
1533728030,30.65388
1533728035,30.65388
1533728041,30.65388
1533728047,30.65388
1533728052,30.65388
1533728058,30.65388
1533728063,30.65388
1533728069,30.65388
1533728075,30.65388
1533728080,30.65388
1533728086,30.65388
1533728092,30.65388
1533728097,30.65388
1533728102,30.65388
1533728108,30.65388
1533728113,30.65388
1533728118,30.65388
1533728124,30.65388
1533728129,30.65388
1533728134,30.65388
1533728140,30.65388
1533728145,30.65388
1533728150,30.65388
1533728156,30.65388
1533728161,30.65392
1533728167,30.654007
1533728172,30.654106
1533728178,30.654139999999998
1533728183,30.654144000000002
1533728189,30.65415
1533728195,30.65415
1533728201,30.65415
1533728207,30.65415
1533728212,30.65415
1533728217,30.65415
1533728223,30.65415
1533728229,30.65415
1533728234,30.65415
1533728240,30.65415
1533728246,30.65415
1533728251,30.65415
1533728257,30.65415
1533728263,30.65415
1533728269,30.65415
1533728275,30.65415
1533728281,30.65415
1533728286,30.65415
1533728291,30.65415
1533728297,30.654152000000003
1533728302,30.654175000000002
1533728308,30.654152000000003
1533728314,30.654133
1533728319,30.65412
1533728325,30.654125
1533728331,30.654125
1533728336,30.65412
1533728342,30.65412
1533728348,30.654125
1533728359,30.654137
1533728365,30.654162999999997
1533728370,30.654179999999997
1533728376,30.654175000000002
1533728381,30.65423
1533728421,30.655524999999997
1533728427,30.655853
1533728432,30.65612
1533728438,30.656452
1533728444,30.65674
1533728449,30.656948
1533728455,30.657165999999997
1533728460,30.65739
1533728466,30.657654
1533728471,30.657899999999998
1533728477,30.658234
1533728482,30.658493
1533728487,30.658749999999998
1533728492,30.659008
1533728498,30.659294000000003
1533728503,30.659529999999997
1533728509,30.659793999999998
1533728514,30.66005
1533728520,30.660286
1533728526,30.66057
1533728531,30.660755
1533728536,30.660946000000003
1533728542,30.661175
1533728548,30.661369999999998
1533728554,30.66156
1533728559,30.66171
1533728564,30.66176
1533728570,30.661747
1533728575,30.66173
1533728615,30.662086000000002
1533728620,30.662
1533728626,30.661896
1533728631,30.661797
1533728637,30.661633000000002
1533728642,30.661495000000002
1533728681,30.660339999999998
1533728686,30.660213
1533728692,30.659910000000004
1533728697,30.65958
1533728703,30.659202999999998
1533728775,30.655340000000002
1533728781,30.655006
1533728786,30.654719999999998
1533728791,30.65444
1533728797,30.654133
1533728807,30.65368
1533728812,30.653446000000002
1533728818,30.653114000000002
1533728824,30.652794
1533728830,30.65245
1533728835,30.652169999999998
1533728840,30.651905
1533728846,30.65159
1533728852,30.651283
1533728858,30.650986000000003
1533728864,30.650654000000003
1533728869,30.650394
1533728875,30.650063000000003
1533728881,30.649727
1533728886,30.649451999999997
1533728891,30.649209999999997
1533728897,30.648956
1533728903,30.648629999999997
1533728908,30.648339999999997
1533728914,30.648000000000003
1533728919,30.647730000000003
1533728925,30.647433999999997
1533728936,30.646853999999998
1533728941,30.646576000000003
1533728947,30.646217
1533728952,30.645947
1533728958,30.645752
1533728998,30.646144999999997
1533729004,30.64624
1533729010,30.646304999999998
1533729016,30.646304999999998
1533729021,30.646099999999997
1533729026,30.645760000000003
1533729031,30.64546
1533729037,30.645180000000003
1533729043,30.645007999999997
1533729049,30.644993
1533729055,30.644806000000003
1533729061,30.644547000000003
1533729067,30.6443
1533729073,30.643993000000002
1533729079,30.643715
1533729085,30.643444000000002
1533729091,30.643208
1533729096,30.643017
1533729102,30.642727
1533729108,30.64246
1533729114,30.64246
1533729119,30.641907000000003
1533729125,30.641585999999997
1533729131,30.641419999999997
1533729136,30.641193
1533729142,30.641039999999997
1533729148,30.640860000000004
1533729153,30.640735999999997
1533729159,30.640633
1533729165,30.64056
1533729171,30.640569999999997
1533729177,30.640590000000003
1533729182,30.640606
1533729187,30.640606
1533729193,30.640606
1533729199,30.640606
1533729205,30.640606
1533729210,30.640606
1533729216,30.640606
1533729221,30.640606
1533729227,30.640602
1533729233,30.640606
1533729239,30.640606
1533729244,30.640602
1533729249,30.640602
1533729255,30.640602
1533729260,30.640606
1533729265,30.640610000000002
1533729271,30.640610000000002
1533729277,30.640610000000002
1533729283,30.640610000000002
1533729288,30.640610000000002
1533729294,30.640606
1533729300,30.640606
1533729306,30.640606
1533729312,30.640606
1533729317,30.640606
1533729323,30.640610000000002
1533729328,30.640610000000002
1533729333,30.640606
1533729338,30.640606
1533729344,30.640606
1533729349,30.640606
1533729355,30.640606
1533729361,30.640606
1533729367,30.640606
1533729372,30.640606
1533729378,30.640606
1533729384,30.640606
1533729389,30.640606
1533729395,30.640606
1533726003,30.64378
1533726009,30.643783999999997
1533726015,30.643783999999997
1533726020,30.64376
1533726026,30.643684
1533726032,30.643549999999998
1533726038,30.643326000000002
1533726043,30.643127
1533726049,30.642913999999998
1533726055,30.642685
1533726062,30.642400000000002
1533726068,30.64213
1533726074,30.641840000000002
1533726080,30.641640000000002
1533726086,30.641407
1533726091,30.641193
1533726097,30.64096
1533726103,30.640729999999998
1533726108,30.640555999999997
1533726114,30.640617
1533726120,30.640853999999997
1533726125,30.6411
1533726131,30.64136
1533726136,30.64156
1533726141,30.64177
1533726147,30.641979999999997
1533726153,30.641937
1533726159,30.641674000000002
1533726165,30.641388
1533726171,30.641174
1533726177,30.64096
1533726183,30.640659999999997
1533726189,30.640347
1533726201,30.639774000000003
1533726207,30.639533999999998
1533726212,30.639366000000003
1533726218,30.639225000000003
1533726223,30.639133
1533726228,30.639029999999998
1533726234,30.638855
1533726240,30.638615
1533726246,30.63848
1533726252,30.638350000000003
1533726257,30.638219999999997
1533726262,30.638077000000003
1533726268,30.63794
1533726274,30.637836
1533726279,30.63778
1533726285,30.63778
1533726291,30.63778
1533726296,30.637805999999998
1533726301,30.63785
1533726307,30.63794
1533726313,30.63798
1533726318,30.637966
1533726330,30.637875
1533726335,30.637833
1533726341,30.637814
1533726347,30.637794
1533726353,30.637752999999996
1533726359,30.63771
1533726364,30.637700000000002
1533726369,30.63769
1533726375,30.637687999999997
1533726381,30.637687999999997
1533726386,30.637687999999997
1533726392,30.637707
1533726398,30.637732999999997
1533726403,30.637732999999997
1533726409,30.637726
1533726415,30.637726
1533726426,30.63771
1533726432,30.637700000000002
1533726438,30.63772
1533726444,30.63772
1533726450,30.63769
1533726455,30.63769
1533726461,30.637700000000002
1533726466,30.63772
1533726471,30.63772
1533726477,30.63772
1533726482,30.63772
1533726488,30.63772
1533726494,30.63769
1533726500,30.63772
1533726506,30.63772
1533726512,30.637732999999997
1533726524,30.637729999999998
1533726529,30.63772
1533726535,30.637707
1533726540,30.637684
1533726545,30.637659999999997
1533726551,30.637659999999997
1533726557,30.637659999999997
1533726563,30.637680000000003
1533726569,30.637665
1533726574,30.637665
1533726579,30.637680000000003
1533726585,30.637665
1533726590,30.637653
1533726596,30.637659999999997
1533726602,30.637639999999998
1533726607,30.637653
1533726613,30.637665
1533726618,30.637672000000002
1533726624,30.63769
1533726630,30.637680000000003
1533726636,30.63772
1533726641,30.637805999999998
1533726647,30.637825
1533726652,30.637839999999997
1533726657,30.637863000000003
1533726662,30.637909999999998
1533726668,30.637974
1533726673,30.63798
1533726679,30.638058
1533726685,30.63814
1533726691,30.638213999999998
1533726696,30.638317
1533726701,30.638374
1533726707,30.638527000000003
1533726713,30.638607
1533726718,30.638695
1533726724,30.638800000000003
1533726729,30.638866
1533726735,30.638947
1533726741,30.639027
1533726746,30.639110000000002
1533726752,30.639183000000003
1533726757,30.639274999999998
1533726762,30.639342999999997
1533726768,30.639426999999998
1533726780,30.63966
1533726785,30.639760000000003
1533726791,30.639879999999998
1533726797,30.64006
1533726803,30.640231999999997
1533726809,30.640439999999998
1533726814,30.640639999999998
1533726820,30.640827
1533726825,30.640923
1533726831,30.641112999999997
1533726836,30.64123
1533726841,30.641346
1533726847,30.641460000000002
1533726853,30.641593999999998
1533726859,30.64174
1533726864,30.641865000000003
1533726869,30.641968
1533726874,30.642024999999997
1533726879,30.64204
1533726885,30.642000000000003
1533726891,30.641922
1533726897,30.641815
1533726903,30.641692999999997
1533726909,30.641579999999998
1533726915,30.641495
1533726921,30.641399999999997
1533726927,30.641309999999997
1533726933,30.641219999999997
1533726938,30.641132
1533726943,30.641056
1533726949,30.64098
1533726955,30.640907
1533726960,30.640827
1533726972,30.640648
1533726978,30.640569999999997
1533726984,30.64049
1533726989,30.640439999999998
1533726995,30.640430000000002
1533727001,30.640472000000003
1533727006,30.640532999999998
1533727011,30.6406
1533727017,30.640680000000003
1533727023,30.640774
1533727029,30.640860000000004
1533727035,30.640938
1533727041,30.641033
1533727047,30.64116
1533727052,30.641254000000004
1533727057,30.641346
1533727068,30.64154
1533727074,30.64166
1533727079,30.641754
1533727084,30.641857
1533727089,30.641968
1533727095,30.642082000000002
1533727101,30.642193
1533727107,30.6423
1533727113,30.642418
1533727119,30.642555
1533727124,30.64268
1533727129,30.642789999999998
1533727135,30.642933
1533727141,30.643085
1533727147,30.643214999999998
1533727153,30.643307
1533727158,30.643344999999997
1533727164,30.643386999999997
1533727170,30.643475000000002
1533727175,30.643569999999997
1533727181,30.643680000000003
1533727187,30.643819999999998
1533727193,30.643967000000004
1533727199,30.6441
1533727205,30.644080000000002
1533727211,30.643993000000002
1533727217,30.643967000000004
1533727223,30.64398
1533727229,30.64398
1533727235,30.643985999999998
1533727241,30.643997
1533727246,30.643993000000002
1533727252,30.643997
1533727257,30.644
1533727263,30.6441
1533727269,30.644157
1533727275,30.64416
1533727281,30.644115
1533727287,30.644060000000003
1533727293,30.643967000000004
1533727299,30.643898
1533727305,30.64385
1533727311,30.643839999999997
1533727316,30.643833
1533727322,30.64367
1533727328,30.643448
1533727334,30.643203999999997
1533727339,30.643
1533727345,30.642746000000002
1533727351,30.642519999999998
1533727356,30.642315000000004
1533727362,30.64212
1533727368,30.641903
1533727374,30.6417
1533727380,30.641483
1533727385,30.641285000000003
1533727390,30.6411
1533727396,30.640915
1533727401,30.64078
1533727407,30.6406
1533727412,30.640545000000003
1533727424,30.64094
1533727429,30.641132
1533727435,30.641326999999997
1533727441,30.641489999999997
1533727446,30.641674000000002
1533727451,30.641852999999998
1533727457,30.641975000000002
1533727462,30.641987
1533727468,30.641888
1533727473,30.641678
1533727479,30.641419999999997
1533727484,30.641193
1533727489,30.640987000000003
1533727495,30.640735999999997
1533727500,30.640526
1533727505,30.640312
1533727511,30.64007
1533727516,30.639874
1533727522,30.639633000000003
1533727527,30.639435
1533727533,30.639225000000003
1533727538,30.639090000000003
1533727544,30.638934999999996
1533727549,30.638786000000003
1533727555,30.638626000000002
1533727561,30.63852
1533727567,30.638405
1533727572,30.638306
1533727578,30.638171999999997
1533727583,30.63809
1533727589,30.637974
1533727594,30.63785
1533727600,30.637825
1533727605,30.637867
1533727611,30.637880000000003
1533727616,30.63785
1533727622,30.6378
1533727627,30.637783
1533727633,30.63778
1533727638,30.63778
1533727644,30.63778
1533727650,30.63778
1533727656,30.63778
1533727662,30.63778
1533727667,30.63778
1533727673,30.637774999999998
1533727678,30.637770000000003
1533727683,30.637770000000003
1533727689,30.637770000000003
1533727695,30.637774999999998
1533727700,30.637770000000003
1533727706,30.637768
1533727712,30.637768
1533727718,30.637770000000003
1533727724,30.637770000000003
1533727730,30.637770000000003
1533727735,30.637770000000003
1533727741,30.637770000000003
1533727746,30.637770000000003
1533727752,30.637770000000003
1533727758,30.637774999999998
1533727763,30.63778
1533727769,30.63778
1533727774,30.63778
1533727779,30.63778
1533727785,30.63778
1533727791,30.63778
1533727797,30.63778
1533727802,30.63778
1533727808,30.63778
1533727813,30.63778
1533727819,30.63778
1533727825,30.63778
1533727831,30.63778
1533727837,30.63778
1533727842,30.63778
1533727847,30.63778
1533727852,30.63778
1533727858,30.63778
1533727863,30.63778
1533727869,30.63778
1533727875,30.63778
1533727880,30.63778
1533727886,30.63778
1533727892,30.6378
1533727898,30.63785
1533727903,30.637900000000002
1533727909,30.637943
1533727914,30.637985
1533727919,30.637993
1533727924,30.638019999999997
1533727929,30.638060000000003
1533727935,30.63812
1533727941,30.63816
1533727947,30.638252
1533727953,30.638350000000003
1533727959,30.638412000000002
1533727965,30.638443000000002
1533727971,30.638489999999997
1533727977,30.638508
1533727982,30.638527000000003
1533727987,30.63857
1533727992,30.63861
1533727998,30.638668000000003
1533728003,30.638737
1533728008,30.638840000000002
1533728013,30.638930000000002
1533728018,30.63901
1533728024,30.639088
1533728030,30.639159999999997
1533728036,30.639248000000002
1533728042,30.639360000000003
1533728048,30.639360000000003
1533728053,30.639499999999998
1533728059,30.639606
1533728065,30.639699999999998
1533728071,30.639786
1533728076,30.639862
1533728081,30.639946000000002
1533728087,30.64004
1533728093,30.640152
1533728099,30.640230000000003
1533728105,30.64031
1533728111,30.64042
1533728116,30.640520000000002
1533728121,30.640610000000002
1533728126,30.640700000000002
1533728132,30.640793000000002
1533728138,30.640873
1533728143,30.640938
1533728148,30.641014
1533728154,30.641106
1533728160,30.641219999999997
1533728165,30.641350000000003
1533728171,30.641440000000003
1533728176,30.641506
1533728182,30.641579999999998
1533728187,30.64165
1533728193,30.64174
1533728199,30.641820000000003
1533728205,30.641914
1533728211,30.641987
1533728217,30.642024999999997
1533728223,30.642020000000002
1533728228,30.64197
1533728234,30.641922
1533728239,30.641852999999998
1533728245,30.641779999999997
1533728250,30.641710000000003
1533728256,30.64165
1533728262,30.64157
1533728267,30.641502000000003
1533728272,30.641440000000003
1533728277,30.641379999999998
1533728283,30.641308000000002
1533728289,30.641227999999998
1533728294,30.641150000000003
1533728300,30.641075
1533728306,30.641
1533728312,30.640926
1533728323,30.640785
1533728329,30.64074
1533728334,30.640675
1533728339,30.640625
1533728345,30.640532999999998
1533728350,30.640472000000003
1533728355,30.640410000000003
1533728361,30.640403999999997
1533728367,30.640439999999998
1533728373,30.64051
1533728379,30.640590000000003
1533728385,30.64069
1533728391,30.64078
1533728397,30.640853999999997
1533728403,30.64094
1533728409,30.641
1533728415,30.641075
1533728421,30.641148
1533728427,30.641216
1533728433,30.641272999999998
1533728439,30.641346
1533728445,30.641426000000003
1533728450,30.641426000000003
1533728455,30.64163
1533728461,30.641710000000003
1533728466,30.64177
1533728472,30.641872
1533728477,30.641945
1533728483,30.642044
1533728488,30.642128
1533728493,30.642200000000003
1533728499,30.642291999999998
1533728505,48.642292
1533728510,48.642452
1533728516,48.642525
1533728522,48.642605
1533728528,48.6427
1533728533,48.642765
1533728538,48.642822
1533728543,48.642887
1533728549,48.64298
1533728555,48.64306
1533728560,48.643147
1533728565,48.643227
1533728571,48.643276
1533728577,48.643303
1533728582,48.643333
1533728588,48.643353
1533728594,48.643406
1533728600,48.643467
1533728606,48.643505
1533728611,48.643547
1533728617,48.64362
1533728622,48.64368
1533728628,48.64377
1533728633,48.643875
1533728645,48.644096
1533728650,48.6442
1533728655,48.644203
1533728660,48.644173
1533728666,48.64408
1533728671,48.644073
1533728676,48.644073
1533728682,48.64408
1533728688,48.64408
1533728693,48.644077
1533728699,48.644077
1533728705,48.644073
1533728710,48.644073
1533728715,48.64408
1533728721,48.64408
1533728727,48.64408
1533728733,48.644085
1533728739,48.64408
1533728745,48.644096
1533728751,48.64412
1533728757,48.64414
1533728763,48.64416
1533728769,48.64419
1533728775,48.64421
1533728781,48.64421
1533728787,48.644207
1533728793,48.64419
1533728799,48.644173
1533728805,48.644165
1533728811,48.644127
1533728817,48.644085
1533728823,48.644028
1533728829,48.64398
1533728835,48.643944
1533728841,48.64392
1533728847,48.64392
1533728853,48.64392
1533728858,48.643898
1533728863,48.643875
1533728868,48.643833
1533728874,48.64383
1533728879,48.64392
1533728885,48.644108
1533728890,48.644253
1533728895,48.644405
1533728901,48.64456
1533728907,48.64463
1533728913,48.644604
1533728919,48.64454
1533728924,48.644474
1533728930,48.644394
1533728936,48.64435
1533728941,48.64435
1533728947,48.644157
1533728953,48.643955
1533728959,48.64382
1533728965,48.643795
1533728971,48.643936
1533728977,48.644165
1533728982,48.644333
1533728988,48.64448
1533729000,48.644688
1533729005,48.64469
1533729011,48.64469
1533729016,48.644657
1533729021,48.64451
1533729026,48.644314
1533729032,48.644108
1533729037,48.64389
1533729043,48.643627
1533729049,48.64337
1533729055,48.643112
1533729061,48.64287
1533729067,48.642628
1533729072,48.64243
1533729078,48.642166
1533729084,48.641907
1533729096,48.641365
1533729102,48.641052
1533729107,48.640854
1533729113,48.64076
1533729118,48.64066
1533729123,48.640587
1533729129,48.64058
1533729135,48.640625
1533729141,48.640713
1533729147,48.6407
1533729783,48.64146
1533733608,48.640713
1533733614,48.640713
1533733620,48.6407
1533733625,48.640675
1533733631,48.64062
1533733637,48.640614
1533733643,48.64061
1533733649,48.640606
1533733655,48.6406
1533733660,48.640568
1533733666,48.640545
1533733672,48.640545
1533733677,48.640556
1533733682,48.640594
1533733688,48.640633
1533733694,48.64065
1533733700,48.640648
1533733706,48.64064
1533733712,48.640633
1533733718,48.64063
1533733723,48.640625
1533733729,48.64062
1533733734,48.640617
1533733740,48.64058
1533733746,48.64057
1533733752,48.640556
1533733758,48.6405
1533733764,48.64049
1533733770,48.640488
1533733776,48.64048
1533733781,48.640472
1533733787,48.64047
1533733792,48.640465
1533733798,48.64048
1533733803,48.64049
1533733809,48.640495
1533733814,48.640495
1533680511,48.658825
1533681512,48.661926
1533682527,48.66055
1533681315,48.661846
1533682387,48.660606
1533680749,48.643223
1533681782,48.643467
1533682814,48.660675
1533683822,48.657818
1533684831,48.6605
1533685844,48.661873
1533683346,48.660465
1533684391,48.66046
1533685592,48.66051
1533683024,48.641895
1533684039,48.64197
1533685066,48.640488
1533686099,48.641605
1533687108,48.66038
1533688008,48.662033
1533688013,48.662075
1533688018,48.66205
1533688024,48.662006
1533688030,48.66198
1533688035,48.66196
1533688041,48.66196
1533688046,48.661877
1533688052,48.66185
1533688058,48.661907
1533688064,48.662025
1533688070,48.662098
1533688076,48.662113
1533688081,48.66208
1533688087,48.66202
1533688092,48.661957
1533688098,48.6619
1533688104,48.661846
1533688110,48.661793
1533688115,48.661747
1533688121,48.661697
1533688127,48.661625
1533688132,48.66158
1533688138,48.66152
1533688144,48.66144
1533688149,48.66139
1533688155,48.66131
1533688161,48.661255
1533688167,48.661198
1533688173,48.661148
1533688179,48.661095
1533688184,48.661045
1533688190,48.66099
1533688196,48.66094
1533688201,48.6609
1533688206,48.660847
1533688211,48.66078
1533688216,48.66072
1533688222,48.66065
1533688228,48.66055
1533688233,48.66046
1533688239,48.660336
1533688245,48.660213
1533688251,48.660072
1533688257,48.659893
1533688262,48.659748
1533688268,48.65952
1533688273,48.65933
1533688278,48.659138
1533688284,48.65897
1533688289,48.65886
1533688295,48.658672
1533688300,48.658554
1533688306,48.658554
1533688311,48.658535
1533688317,48.658543
1533688322,48.658592
1533688328,48.658665
1533688333,48.65862
1533688339,48.658607
1533688345,48.658627
1533688351,48.65858
1533688357,48.65854
1533688362,48.65848
1533688368,48.658455
1533688373,48.65845
1533688379,48.658447
1533688384,48.658447
1533688389,48.658447
1533681788,48.64371
1533681794,48.64396
1533681800,48.644173
1533681806,48.64438
1533681812,48.64454
1533681817,48.644573
1533681823,48.64459
1533681829,48.64452
1533681835,48.64444
1533681841,48.64438
1533681846,48.64432
1533681852,48.644257
1533681858,48.644165
1533681864,48.6441
1533681869,48.644012
1533681880,48.643826
1533681885,48.64381
1533681890,48.643795
1533681896,48.643948
1533681901,48.644127
1533681907,48.644375
1533681912,48.644535
1533681918,48.644653
1533681924,48.644688
1533681930,48.644684
1533681935,48.644672
1533681941,48.644646
1533681946,48.64462
1533681952,48.644527
1533681958,48.644444
1533681964,48.644386
1533681969,48.64437
1533681974,48.64439
1533681980,48.644386
1533681986,48.64433
1533681992,48.64424
1533681998,48.64414
1533682004,48.64399
1533682010,48.643993
1533682016,48.644
1533682022,48.644
1533682028,48.64401
1533682033,48.644012
1533682039,48.64402
1533682044,48.644016
1533682050,48.644
1533682055,48.64396
1533682061,48.64393
1533682066,48.64393
1533682072,48.64393
1533682078,48.64393
1533682084,48.64393
1533682090,48.64393
1533682096,48.64393
1533682101,48.64393
1533682107,48.643948
1533682112,48.643967
1533682118,48.644028
1533682124,48.644115
1533682130,48.644215
1533682136,48.644314
1533682141,48.64438
1533682147,48.644394
1533682153,48.644405
1533682159,48.644447
1533682165,48.644543
1533682170,48.644665
1533682176,48.64472
1533682181,48.644646
1533682187,48.644447
1533682192,48.644318
1533682198,48.644165
1533682204,48.644005
1533682210,48.643856
1533682215,48.64374
1533682221,48.643642
1533682227,48.643673
1533682233,48.643715
1533682239,48.643715
1533682245,48.643715
1533682250,48.643715
1533682256,48.643715
1533682261,48.643715
1533682267,48.643715
1533682273,48.643715
1533682279,48.643715
1533682285,48.643715
1533682291,48.643715
1533682820,48.660675
1533682825,48.660675
1533682831,48.660675
1533682837,48.66067
1533682843,48.660675
1533682848,48.660675
1533682854,48.66068
1533682860,48.660686
1533682865,48.660686
1533682871,48.66069
1533682877,48.660686
1533682883,48.660686
1533682888,48.660686
1533682893,48.660686
1533682899,48.660683
1533682904,48.660686
1533682909,48.66068
1533682915,48.66068
1533682920,48.66068
1533682926,48.66068
1533682931,48.66068
1533682937,48.660675
1533682943,48.660675
1533682948,48.660675
1533682954,48.66067
1533682960,48.660667
1533682965,48.660664
1533682970,48.66066
1533682975,48.660652
1533682981,48.660652
1533682987,48.660652
1533682992,48.66065
1533682997,48.66065
1533683003,48.66064
1533683009,48.660637
1533683015,48.660633
1533683021,48.660625
1533683027,48.660625
1533683033,48.660625
1533683038,48.660625
1533683044,48.660625
1533683050,48.660625
1533683055,48.660625
1533683060,48.660625
1533683066,48.660625
1533683072,48.660625
1533683078,48.66062
1533683084,48.66062
1533683090,48.66062
1533683095,48.66062
1533683101,48.66062
1533683106,48.660614
1533683111,48.660614
1533683117,48.660618
1533683123,48.66062
1533683128,48.66062
1533683133,48.660625
1533683139,48.66062
1533683144,48.66062
1533683149,48.660618
1533683155,48.660614
1533683161,48.660618
1533683166,48.66062
1533683171,48.66062
1533683176,48.66062
1533683182,48.66062
1533683187,48.66062
1533683193,48.66062
1533683198,48.660614
1533683203,48.660603
1533683209,48.660606
1533683214,48.660606
1533683219,48.660606
1533683224,48.66061
1533683229,48.660614
1533683235,48.66061
1533683241,48.66061
1533683247,48.66061
1533683258,48.660614
1533683264,48.660614
1533683269,48.660614
1533683274,48.660614
1533683280,48.66062
1533683286,48.660625
1533683291,48.66063
1533683297,48.660633
1533683303,48.660633
1533683308,48.660633
1533683828,48.657818
1533683834,48.657818
1533683839,48.657795
1533683845,48.657887
1533683851,48.65806
1533683856,48.658203
1533683862,48.658367
1533683867,48.65856
1533683873,48.658825
1533683879,48.659126
1533683885,48.659412
1533683891,48.659645
1533683897,48.659878
1533683903,48.660095
1533683909,48.66017
1533683914,48.660305
1533683919,48.66048
1533683925,48.660656
1533683930,48.660656
1533683936,48.660973
1533683942,48.66114
1533683948,48.66131
1533683954,48.661537
1533683960,48.661728
1533683966,48.661865
1533683972,48.662003
1533683978,48.662014
1533683984,48.66197
1533683989,48.661892
1533683994,48.66186
1533684000,48.661865
1533684005,48.661865
1533684010,48.66184
1533684016,48.661808
1533684021,48.661873
1533684027,48.661995
1533684032,48.66201
1533684038,48.662025
1533684044,48.66176
1533684049,48.661545
1533684055,48.661293
1533684060,48.661087
1533684065,48.660866
1533684071,48.660652
1533684076,48.66062
1533684082,48.66049
1533684087,48.66049
1533684092,48.660534
1533684098,48.660557
1533684104,48.660553
1533684110,48.660553
1533684115,48.660553
1533684120,48.660557
1533684125,48.660557
1533684131,48.660553
1533684137,48.660553
1533684143,48.660545
1533684149,48.660545
1533684155,48.660538
1533684160,48.660534
1533684166,48.660526
1533684172,48.660526
1533684177,48.66053
1533684183,48.660534
1533684189,48.66053
1533684195,48.660526
1533684201,48.660526
1533684206,48.660526
1533684212,48.660526
1533684218,48.660526
1533684223,48.660526
1533684229,48.660526
1533684235,48.660526
1533684240,48.660526
1533684246,48.660526
1533684252,48.660526
1533684258,48.660526
1533684264,48.660526
1533684269,48.660526
1533684275,48.660526
1533684280,48.660526
1533684286,48.660526
1533684292,48.660526
1533684297,48.660526
1533684303,48.660526
1533684308,48.660526
1533684313,48.660526
1533684319,48.660526
1533684836,48.6605
1533684842,48.6605
1533684847,48.6605
1533684853,48.6605
1533684858,48.6605
1533684864,48.6605
1533684869,48.6605
1533684875,48.6605
1533684880,48.6605
1533684886,48.660496
1533684891,48.660496
1533684896,48.660496
1533684902,48.660496
1533684908,48.660496
1533684914,48.6605
1533684920,48.6605
1533684926,48.6605
1533684932,48.6605
1533684938,48.6605
1533684944,48.6605
1533684956,48.6605
1533684961,48.6605
1533684966,48.6605
1533684971,48.6605
1533684977,48.6605
1533684982,48.6605
1533684988,48.6605
1533684994,48.6605
1533685000,48.6605
1533685006,48.6605
1533685011,48.6605
1533685016,48.6605
1533685022,48.6605
1533685028,48.6605
1533685034,48.6605
1533685040,48.6605
1533685046,48.6605
1533685052,48.6605
1533685058,48.6605
1533685064,48.6605
1533685070,48.6605
1533685076,48.6605
1533685082,48.6605
1533685088,48.6605
1533685094,48.6605
1533685100,48.6605
1533685106,48.6605
1533685112,48.6605
1533685118,48.6605
1533685124,48.6605
1533685130,48.6605
1533685136,48.6605
1533685142,48.6605
1533685148,48.6605
1533685154,48.6605
1533685160,48.6605
1533685166,48.6605
1533685172,48.6605
1533685177,48.6605
1533685182,48.6605
1533685188,48.6605
1533685193,48.6605
1533685199,48.6605
1533685205,48.6605
1533685211,48.6605
1533685216,48.6605
1533685222,48.6605
1533685228,48.6605
1533685234,48.6605
1533685239,48.6605
1533685244,48.6605
1533685250,48.660515
1533685256,48.66059
1533685262,48.660736
1533685268,48.660957
1533685274,48.66122
1533685279,48.661415
1533685285,48.661663
1533685290,48.66186
1533685295,48.662006
1533685300,48.662075
1533685306,48.662018
1533685311,48.661987
1533685317,48.661953
1533685323,48.661953
1533685328,48.661873
1533685334,48.66182
1533685340,48.66183
1533685850,48.661793
1533685856,48.66189
1533685862,48.66197
1533685868,48.662006
1533685874,48.66197
1533685879,48.661713
1533685885,48.66142
1533685890,48.66123
1533685896,48.66098
1533685902,48.66074
1533685908,48.6605
1533685914,48.660248
1533685925,48.66025
1533685930,48.660248
1533685936,48.66026
1533685941,48.66026
1533685947,48.66026
1533685953,48.66026
1533685958,48.66026
1533685963,48.66026
1533685968,48.66026
1533685974,48.66026
1533685980,48.66026
1533685986,48.66026
1533685991,48.66026
1533685997,48.66026
1533686003,48.66026
1533686009,48.66026
1533686015,48.66026
1533686021,48.66026
1533686027,48.66026
1533686032,48.66026
1533686038,48.66026
1533686043,48.66026
1533686048,48.66026
1533686054,48.66026
1533686060,48.66026
1533686066,48.66026
1533686071,48.66026
1533686077,48.66026
1533686082,48.66026
1533686088,48.66026
1533686093,48.66026
1533686099,48.66026
1533686104,48.66026
1533686110,48.66026
1533686116,48.66026
1533686121,48.66026
1533686127,48.66026
1533686132,48.66026
1533686138,48.66026
1533686144,48.66026
1533686149,48.66026
1533686155,48.66026
1533686160,48.66026
1533686166,48.66026
1533686172,48.66026
1533686177,48.66026
1533686183,48.66026
1533686189,48.66026
1533686194,48.660263
1533686200,48.660263
1533686206,48.660267
1533686212,48.660267
1533686218,48.660267
1533686224,48.660267
1533686229,48.660267
1533686234,48.66027
1533686240,48.66027
1533686246,48.660275
1533686252,48.660275
1533686258,48.660275
1533686264,48.660275
1533686269,48.660275
1533686275,48.660275
1533686280,48.660275
1533686286,48.660275
1533686292,48.660275
1533686298,48.660275
1533686303,48.660275
1533686309,48.660275
1533686314,48.660275
1533686320,48.66028
1533686326,48.66028
1533686331,48.66028
1533686336,48.66028
1533686342,48.66028
1533686348,48.66028
1533683351,48.660465
1533683357,48.660465
1533683363,48.66047
1533683368,48.660473
1533683374,48.66049
1533683379,48.66049
1533683385,48.660492
1533683390,48.660492
1533683396,48.660496
1533683402,48.660507
1533683407,48.660515
1533683413,48.660515
1533683418,48.66051
1533683423,48.66051
1533683429,48.660507
1533683435,48.660515
1533683440,48.660515
1533683446,48.660507
1533683451,48.660507
1533683457,48.660507
1533683462,48.6605
1533683468,48.660503
1533683474,48.660507
1533683479,48.660507
1533683484,48.660515
1533683490,48.660526
1533683496,48.660534
1533683502,48.66054
1533683508,48.66054
1533683514,48.660534
1533683520,48.66053
1533683526,48.660522
1533683532,48.66052
1533683538,48.66051
1533683544,48.6605
1533683550,48.6605
1533683556,48.660507
1533683562,48.660515
1533683568,48.660515
1533683573,48.660515
1533683578,48.66052
1533683583,48.66052
1533683589,48.660522
1533683595,48.66053
1533683600,48.660538
1533683605,48.660534
1533683611,48.660534
1533683617,48.66054
1533683623,48.660553
1533683629,48.66056
1533683635,48.66057
1533683640,48.66057
1533683645,48.66057
1533683651,48.66057
1533683656,48.660564
1533683661,48.66057
1533683667,48.66057
1533683673,48.66057
1533683679,48.660564
1533683685,48.66056
1533683690,48.66057
1533683695,48.660572
1533683701,48.660576
1533683707,48.660572
1533683713,48.660572
1533683719,48.660572
1533683725,48.66058
1533683731,48.66058
1533683737,48.66058
1533683743,48.660572
1533683749,48.660572
1533683755,48.660576
1533683761,48.66057
1533683767,48.66057
1533683773,48.66057
1533683779,48.660587
1533683785,48.660595
1533683791,48.6606
1533683797,48.660606
1533683803,48.660606
1533683809,48.66061
1533683815,48.66061
1533683821,48.66061
1533683827,48.660606
1533683833,48.6606
1533683839,48.660595
1533683845,48.660583
1533683851,48.66058
1533684397,48.66046
1533684403,48.66046
1533684409,48.66046
1533684415,48.66046
1533684421,48.66046
1533684427,48.66046
1533684433,48.660458
1533684439,48.660458
1533684445,48.660458
1533684451,48.660458
1533684456,48.660458
1533684462,48.660458
1533684468,48.660458
1533684474,48.660458
1533684479,48.660458
1533684485,48.660458
1533684491,48.660454
1533684497,48.660454
1533684502,48.660454
1533684508,48.660454
1533684514,48.660454
1533684519,48.660454
1533684525,48.660454
1533684531,48.660454
1533684536,48.660454
1533684541,48.660454
1533684547,48.660454
1533684553,48.660454
1533684558,48.660454
1533684563,48.660454
1533684569,48.660454
1533684575,48.660454
1533684581,48.66048
1533684587,48.660526
1533684593,48.660618
1533684627,48.661594
1533684632,48.661705
1533684638,48.66185
1533684643,48.66196
1533684649,48.662056
1533684655,48.66206
1533684662,48.66202
1533684667,48.662
1533684674,48.66197
1533684679,48.66194
1533684685,48.66191
1533684692,48.66189
1533684697,48.66186
1533684703,48.661835
1533684709,48.66186
1533684715,48.66197
1533684720,48.662052
1533684759,48.66184
1533684765,48.66177
1533684770,48.661705
1533684776,48.66162
1533684782,48.66147
1533684854,48.658806
1533684860,48.65869
1533684865,48.658554
1533684871,48.65844
1533684877,48.658386
1533684883,48.65825
1533684888,48.658134
1533684894,48.658028
1533684899,48.657917
1533684904,48.657875
1533684910,48.657887
1533684915,48.657887
1533684920,48.657917
1533684926,48.657932
1533684932,48.65794
1533684938,48.657986
1533684944,48.658
1533684949,48.658
1533684955,48.658
1533684960,48.658
1533684966,48.658
1533684973,48.657993
1533684979,48.657993
1533684985,48.658005
1533684990,48.658108
1533684996,48.65822
1533685002,48.658375
1533685007,48.65854
1533685012,48.6587
1533685018,48.658947
1533685023,48.659145
1533685598,48.66051
1533685604,48.66051
1533685610,48.66051
1533685616,48.66051
1533685621,48.66051
1533685627,48.66051
1533685638,48.66051
1533685644,48.66051
1533685649,48.66051
1533685655,48.66051
1533685660,48.66051
1533685666,48.66051
1533685671,48.66051
1533685676,48.66051
1533685682,48.66051
1533685688,48.66051
1533685694,48.660515
1533685700,48.660515
1533685706,48.660515
1533685712,48.660515
1533685718,48.660515
1533685724,48.660515
1533685730,48.660515
1533685736,48.660515
1533685742,48.660515
1533685748,48.660515
1533685754,48.660515
1533685760,48.660515
1533685766,48.660515
1533685772,48.660515
1533685778,48.660515
1533685784,48.660515
1533685790,48.660515
1533685796,48.660515
1533685802,48.660515
1533685808,48.660515
1533685813,48.660515
1533685819,48.660515
1533685825,48.660515
1533685831,48.660515
1533685837,48.660515
1533685843,48.660515
1533685849,48.660515
1533685855,48.66051
1533685861,48.66051
1533685867,48.66051
1533685873,48.66051
1533685878,48.66051
1533685884,48.66051
1533685890,48.66051
1533685896,48.66051
1533685901,48.66051
1533685907,48.66051
1533685913,48.66051
1533685919,48.66051
1533685924,48.66051
1533685929,48.66051
1533685934,48.66051
1533685940,48.660515
1533685946,48.660515
1533685952,48.660515
1533685958,48.660515
1533685964,48.660515
1533685970,48.660507
1533685976,44.66049
1533685982,44.660477
1533685987,44.660473
1533685993,44.660473
1533685999,44.660477
1533686004,44.660477
1533686009,44.660477
1533686014,44.660473
1533686020,44.660473
1533686026,44.660477
1533686032,44.660477
1533686038,44.66048
1533686043,44.66048
1533686049,44.66048
1533686055,44.66049
1533686060,44.660484
1533686066,44.66049
1533686072,44.66049
1533686084,44.66049
1533686090,44.66049
1533686096,44.66048
1533686102,44.66048
1533686108,44.660473
1533686113,44.660473
1533683030,44.64189
1533683036,44.64189
1533683041,44.641907
1533683047,44.641933
1533683053,44.641945
1533683058,44.64192
1533683063,44.641895
1533683069,44.641857
1533683075,44.641815
1533683080,44.64176
1533683085,44.64172
1533683091,44.641705
1533683096,44.641685
1533683102,44.64168
1533683107,44.64168
1533683113,44.641685
1533683119,44.641647
1533683125,44.64163
1533683130,44.641598
1533683136,44.64155
1533683142,44.64148
1533683147,44.641445
1533683152,44.6414
1533683157,44.64135
1533683163,44.64128
1533683168,44.64123
1533683174,44.64116
1533683180,44.641094
1533683185,44.641026
1533683191,44.64094
1533683197,44.640823
1533683203,44.640694
1533683209,44.640556
1533683214,44.640453
1533683219,44.640347
1533683225,44.64023
1533683231,44.64011
1533683237,44.64
1533683242,44.63992
1533683247,44.63982
1533683253,44.63979
1533683258,44.63986
1533683264,44.63996
1533683269,44.64007
1533683275,44.640205
1533683280,44.64032
1533683286,44.640438
1533683292,44.640434
1533683298,44.640427
1533683303,44.640423
1533683309,44.640415
1533683315,44.640408
1533683321,44.640404
1533683327,44.640404
1533683333,44.6404
1533683339,44.6404
1533683345,44.640404
1533683350,44.640415
1533683355,44.640427
1533683361,44.64046
1533683366,44.64046
1533683372,44.64046
1533683377,44.64046
1533683382,44.64046
1533683388,44.64046
1533683394,44.640465
1533683399,44.640465
1533683405,44.640465
1533683410,44.640465
1533683416,44.640465
1533683421,44.640465
1533683427,44.640438
1533683432,44.640408
1533683437,44.640366
1533683443,44.640343
1533683449,44.64024
1533683455,44.640095
1533683460,44.639973
1533683465,44.639866
1533683471,44.63986
1533683477,44.64005
1533683482,44.64028
1533683487,44.640465
1533683493,44.640648
1533683499,44.640873
1533683504,44.641045
1533683510,44.641045
1533683515,44.641308
1533684045,44.641945
1533684051,44.6419
1533684056,44.64184
1533684062,44.64178
1533684068,44.641727
1533684073,44.6417
1533684079,44.641678
1533684085,44.64164
1533684090,44.641647
1533684096,44.641663
1533684102,44.641674
1533684108,44.641666
1533684113,44.64163
1533684119,44.641552
1533684131,44.641403
1533684137,44.641335
1533684143,44.64126
1533684148,44.641186
1533684154,44.641132
1533684160,44.64104
1533684165,44.640972
1533684171,44.640892
1533684177,44.640785
1533684183,44.640648
1533684188,44.640545
1533684193,44.640415
1533684199,44.64023
1533684204,44.640106
1533684210,44.64002
1533684216,44.6399
1533684228,44.639862
1533684233,44.639973
1533684238,44.64006
1533684243,44.640144
1533684249,44.64026
1533684255,44.640293
1533684261,44.640247
1533684267,44.64025
1533684272,44.640255
1533684278,44.64026
1533684284,44.640244
1533684289,44.640213
1533684294,44.640224
1533684300,44.64025
1533684306,44.64029
1533684312,44.640343
1533684318,44.6404
1533684323,44.640446
1533684329,44.6405
1533684335,44.640545
1533684341,44.640545
1533684346,44.64054
1533684352,44.640545
1533684357,44.64054
1533684363,44.640545
1533684368,44.640545
1533684373,44.640545
1533684379,44.64054
1533684385,44.640465
1533684391,44.640358
1533684397,44.64026
1533684402,44.64016
1533684408,44.640022
1533684413,44.639957
1533684419,44.63996
1533684424,44.63996
1533684430,44.6399
1533684435,44.639854
1533684441,44.639954
1533684447,44.640076
1533684453,44.64022
1533684459,44.640427
1533684465,44.64062
1533684470,44.640785
1533684476,44.640995
1533684481,44.64115
1533684487,44.641308
1533684493,44.641445
1533684498,44.641556
1533684504,44.64166
1533684509,44.64168
1533684515,44.64179
1533684520,44.641914
1533684526,44.642006
1533684531,44.641975
1533684536,44.641945
1533684542,44.64192
1533684548,44.64196
1533685072,44.640465
1533685078,44.640427
1533685084,44.640335
1533685090,44.64023
1533685096,44.64015
1533685102,44.640038
1533685108,44.639954
1533685114,44.63995
1533685120,44.639927
1533685126,44.63984
1533685131,44.63982
1533685136,44.639874
1533685142,44.63998
1533685147,44.64012
1533685152,44.640327
1533685157,44.640503
1533685163,44.640724
1533685169,44.640934
1533685175,44.641087
1533685181,44.641228
1533685193,44.641552
1533685199,44.64163
1533685204,44.641647
1533685210,44.64172
1533685216,44.641838
1533685222,44.641968
1533685228,44.64198
1533685234,44.641953
1533685240,44.641945
1533685246,44.641953
1533685251,44.641964
1533685256,44.641968
1533685262,44.64197
1533685267,44.641956
1533685273,44.641937
1533685279,44.64193
1533685285,44.64193
1533685290,44.641945
1533685295,44.641937
1533685301,44.641945
1533685306,44.641953
1533685311,44.641953
1533685321,44.64195
1533685327,44.641945
1533685332,44.64194
1533685338,44.64194
1533685344,44.641933
1533685350,44.641926
1533685355,44.641907
1533685361,44.641857
1533685366,44.641872
1533685371,44.641865
1533685377,44.64186
1533685383,44.641857
1533685389,44.641865
1533685394,44.641872
1533685399,44.641888
1533685404,44.641872
1533685409,44.641853
1533685415,44.641808
1533685421,44.64176
1533685426,44.64173
1533685432,44.641693
1533685437,44.64169
1533685443,44.64167
1533685449,44.641655
1533685454,44.641655
1533685460,44.64166
1533685466,44.641655
1533685471,44.64166
1533685477,44.641647
1533685483,44.64158
1533685488,44.64154
1533685493,44.641495
1533685498,44.641434
1533685504,44.641373
1533685509,44.641327
1533685515,44.641277
1533685521,44.641247
1533685527,44.6412
1533685533,44.641155
1533685539,44.6411
1533685544,44.641052
1533685550,44.64098
1533685556,44.64088
1533685562,44.640797
1533685568,44.6407
1533685574,44.640587
1533686104,44.641605
1533686110,44.641605
1533686116,44.641605
1533686121,44.64161
1533686127,44.64161
1533686133,44.64161
1533686139,44.641613
1533686144,44.641613
1533686156,44.641613
1533686162,44.641613
1533686167,44.641613
1533686173,44.641613
1533686179,44.641613
1533686185,44.641613
1533686190,44.641613
1533686196,44.641613
1533686201,44.641613
1533686207,44.641613
1533686212,44.641613
1533686218,44.641613
1533686223,44.641613
1533686229,44.641613
1533686235,44.641613
1533686241,44.641613
1533686253,44.641605
1533686259,44.6416
1533686265,44.641575
1533686270,44.641552
1533686276,44.641552
1533686282,44.64154
1533686287,44.64154
1533686293,44.64154
1533686298,44.64155
1533686304,44.64155
1533686310,44.64155
1533686316,44.64155
1533686322,44.64155
1533686328,44.64155
1533686334,44.64155
1533686339,44.64155
1533686345,44.641552
1533686351,44.64156
1533686356,44.64156
1533686362,44.64156
1533686367,44.64156
1533686373,44.64156
1533686378,44.641613
1533686384,44.641552
1533686390,44.64147
1533686396,44.641506
1533686404,44.660286
1533686410,44.660286
1533686415,44.660286
1533686421,44.660286
1533686426,44.660286
1533686431,44.660286
1533686437,44.660286
1533686442,44.660286
1533686447,44.660286
1533686453,44.660286
1533686459,44.660286
1533686464,44.660286
1533686470,44.66029
1533686476,44.66029
1533686482,44.66029
1533686487,44.66029
1533686492,44.660294
1533686498,44.660294
1533686503,44.660294
1533686508,44.660294
1533686513,44.660294
1533686519,44.660294
1533686524,44.660294
1533686529,44.660294
1533686534,44.660294
1533686539,44.660294
1533686545,44.660294
1533686550,44.660294
1533686555,44.660294
1533686561,44.660297
1533686566,44.660297
1533686572,44.660297
1533686577,44.6603
1533686582,44.6603
1533686588,44.6603
1533686594,44.6603
1533686599,44.6603
1533686604,44.6603
1533687113,44.660427
1533687118,44.660442
1533687124,44.66044
1533687136,44.66046
1533687141,44.66049
1533687147,44.660492
1533687153,44.660492
1533687159,44.660492
1533687165,44.660492
1533687171,44.660492
1533687177,44.660492
1533687182,44.660492
1533687188,44.660492
1533687193,44.660492
1533687198,44.660492
1533687203,44.660492
1533687209,44.660492
1533687214,44.660492
1533687220,44.660492
1533687225,44.660492
1533687231,44.660492
1533687236,44.660492
1533687241,44.660492
1533687247,44.660492
1533687252,44.660492
1533687257,44.660492
1533687263,44.660492
1533687269,44.660492
1533687274,44.660492
1533687280,44.660492
1533687285,44.660492
1533687291,44.660492
1533687297,44.660492
1533687302,44.660492
1533687307,44.660492
1533687313,44.660492
1533687318,44.660492
1533687324,44.660492
1533687330,44.660492
1533687335,44.660492
1533687340,44.660492
1533687346,44.660492
1533687351,44.660492
1533687357,44.660492
1533687363,44.660492
1533687369,44.660492
1533687375,44.660492
1533687381,44.660492
1533687387,44.660492
1533687393,44.660492
1533687399,44.660492
1533687405,44.660492
1533687411,44.660492
1533687416,44.660492
1533687422,44.660492
1533687428,44.660492
1533687438,44.660492
1533687444,44.660492
1533687450,44.660492
1533687455,44.660492
1533687460,44.660492
1533687466,44.660492
1533687471,44.660492
1533687477,44.660492
1533687482,44.660492
1533687488,44.660492
1533687493,44.660492
1533687499,44.660492
1533687504,44.660492
1533687510,44.660492
1533687515,44.660492
1533687521,44.660492
1533687526,44.660492
1533687532,44.660492
1533687538,44.660492
1533687543,44.660492
1533687548,44.660492
1533687554,44.660492
1533687560,44.660492
1533687566,44.660492
1533687571,44.660492
1533687577,44.660492
1533687583,44.660492
1533687589,44.660492
1533687595,44.660492
1533687601,44.660492
1533687606,44.660492
1533687611,44.660492
1533688400,44.658447
1533687455,44.65782
1533687460,44.65782
1533687466,44.65782
1533687472,44.65782
1533687477,44.65782
1533687482,44.65782
1533687488,44.65782
1533687494,44.65782
1533687500,44.65782
1533687506,44.65782
1533687512,44.65782
1533687518,44.657894
1533687524,44.65801
1533687530,44.65818
1533687536,44.658375
1533687542,44.658607
1533687548,44.658905
1533687553,44.659214
1533687558,44.659447
1533687564,44.659668
1533687570,44.65991
1533687576,44.660114
1533687582,44.660164
1533687623,44.661728
1533687629,44.661835
1533687634,44.66192
1533687640,44.662014
1533687645,44.66202
1533687650,44.661953
1533687656,44.661873
1533687662,44.661793
1533687668,44.66181
1533687674,44.66181
1533687680,44.661816
1533687722,44.66186
1533687728,44.66158
1533687733,44.661373
1533687739,44.661114
1533687745,44.66087
1533687751,44.66068
1533687756,44.66062
1533687762,44.660595
1533687768,44.660526
1533687773,44.66052
1533687779,44.66052
1533687784,44.66052
1533687789,44.66052
1533687795,44.66052
1533687800,44.66052
1533687806,44.66052
1533687812,44.66052
1533687818,44.660522
1533687823,44.660522
1533687829,44.660522
1533687835,44.660522
1533687840,44.660522
1533687846,44.660522
1533687852,44.660522
1533687858,44.660522
1533687863,44.660522
1533687868,44.660522
1533687874,44.660522
1533687879,44.660522
1533687885,44.660522
1533687891,44.660522
1533687897,44.660522
1533687903,44.660522
1533687908,44.660522
1533687914,44.660522
1533687920,44.660522
1533687926,44.660522
1533687932,44.660522
1533687938,44.660522
1533687943,44.660522
1533687949,44.660522
1533687955,44.660522
1533687961,44.660522
1533687967,44.660522
1533687973,44.66052
1533687979,44.66052
1533687984,44.66052
1533687989,44.66052
1533687995,44.66052
1533688000,44.66052
1533688006,44.66052
1533688012,44.66052
1533688018,44.66052
1533688023,44.66052
1533688028,44.66052
1533688034,44.66052
1533688046,44.66052
1533688052,44.66052
1533688058,44.66052
1533688064,44.66052
1533688070,44.66052
1533688076,44.66052
1533688082,44.66052
1533688088,44.66052
1533688094,44.66052
1533688100,44.66052
1533688111,44.66052
1533688116,44.66052
1533688121,44.66052
1533688127,44.660522
1533688132,44.660522
1533688138,44.660522
1533688143,44.660522
1533688148,44.660522
1533688154,44.660522
1533688160,44.660526
1533688166,44.660526
1533688172,44.660526
1533688178,44.660526
1533688184,44.660526
1533688189,44.660526
1533688195,44.660526
1533688201,44.660526
1533688207,44.660526
1533688213,44.660526
1533688218,44.660526
1533688224,44.660526
1533688230,44.660526
1533688236,44.660526
1533688242,44.660526
1533688248,44.660526
1533688254,44.660526
1533688259,44.660526
1533688265,44.660526
1533688271,44.660526
1533688276,44.660526
1533688282,44.660526
1533688288,44.660526
1533688294,44.660526
1533688299,44.660526
1533688305,44.660526
1533688310,44.660526
1533688316,44.660526
1533688322,44.660526
1533688328,44.660526
1533688334,44.660526
1533688340,44.660526
1533688345,44.660526
1533688351,44.660526
1533688356,44.660526
1533688361,44.660526
1533688366,44.660526
1533688372,44.660526
1533688377,44.660526
1533688383,44.660526
1533688388,44.660526
1533688394,44.660526
1533688400,44.660526
1533688406,44.660526
1533688412,44.660526
1533688418,44.660526
1533688430,44.660526
1533688436,44.660526
1533688442,44.660526
1533688448,44.660526
1533688454,44.660526
1533688460,44.660526
1533688466,44.660526
1533688472,44.660526
1533688478,44.660526
1533688484,44.660526
1533688495,44.660526
1533688500,44.660526
1533688506,44.660526
1533688511,44.660526
1533688517,44.660526
1533688523,44.660526
1533688528,44.660526
1533688534,44.660526
1533688540,44.660526
1533688545,44.660526
1533680517,44.65925
1533680523,44.65974
1533680529,44.66017
1533680535,44.66038
1533680541,44.66038
1533680546,44.66065
1533680551,44.66072
1533680556,44.66082
1533680561,44.660995
1533680567,44.661255
1533680573,44.66143
1533680579,44.661617
1533680585,44.661728
1533680590,44.66181
1533680596,44.661903
1533680602,44.661995
1533680608,44.66205
1533680614,44.66197
1533680620,44.661816
1533680626,44.6618
1533680632,44.661884
1533680638,44.66197
1533680643,44.66197
1533680649,44.661995
1533680655,44.66202
1533680661,44.661877
1533680666,44.66167
1533680672,44.661427
1533680677,44.66125
1533680683,44.661034
1533680689,44.66088
1533680695,44.66076
1533680700,44.66058
1533680706,44.66046
1533680712,44.66052
1533680717,44.660446
1533680723,44.660507
1533680729,44.66058
1533680735,44.660545
1533680741,44.66052
1533680747,44.660515
1533680753,44.660515
1533680759,44.660515
1533680764,44.660515
1533680770,44.660515
1533680776,44.660515
1533680782,44.660515
1533680788,44.660515
1533680793,44.660515
1533680799,44.660515
1533680805,44.660515
1533680810,44.660515
1533680815,44.660515
1533680821,44.660515
1533680827,44.66052
1533680832,44.66052
1533680838,44.66052
1533680844,44.66052
1533680849,44.66052
1533680855,44.66052
1533680861,44.66052
1533680866,44.66052
1533680871,44.66052
1533680876,44.66052
1533680882,44.66052
1533680887,44.66052
1533680892,44.66052
1533680898,44.66052
1533680903,44.66052
1533680909,44.66052
1533680914,44.66052
1533680919,44.66052
1533680925,44.66052
1533680930,44.66052
1533680936,44.66052
1533680941,44.66052
1533680947,44.66052
1533680952,44.66052
1533680957,44.66052
1533680963,44.66052
1533680969,44.66052
1533680974,44.66052
1533680979,44.66052
1533680985,44.66052
1533680991,44.660522
1533680997,44.660522
1533681003,44.660522
1533681009,44.660522
1533681517,44.661873
1533681523,44.661816
1533681528,44.66176
1533681533,44.661694
1533681539,44.66157
1533681544,44.66146
1533681550,44.661335
1533681555,44.66131
1533681561,44.661045
1533681567,44.660892
1533681572,44.660767
1533681578,44.660587
1533681583,44.660416
1533681589,44.660175
1533681595,44.659946
1533681601,44.659695
1533681607,44.659447
1533681613,44.65921
1533681618,44.65904
1533681624,44.65886
1533681630,44.658752
1533681635,44.658634
1533681641,44.658512
1533681646,44.658436
1533681652,44.658356
1533681657,44.65828
1533681663,44.658173
1533681668,44.658054
1533681673,44.657978
1533681679,44.658
1533681684,44.658016
1533681690,44.658047
1533681695,44.658047
1533681700,44.658047
1533681706,44.658047
1533681712,44.658047
1533681718,44.658054
1533681723,44.658054
1533681728,44.658054
1533681734,44.658054
1533681744,44.65805
1533681750,44.658108
1533681756,44.6582
1533681761,44.6583
1533681767,44.658485
1533681773,44.658695
1533681779,44.658897
1533681784,44.6591
1533681790,44.65934
1533681795,44.659542
1533681800,44.659733
1533681806,44.659924
1533681812,44.660137
1533681817,44.660194
1533681823,44.66033
1533681829,44.66054
1533681835,44.66073
1533681840,44.66086
1533681846,44.661045
1533681851,44.66123
1533681857,44.66142
1533681862,44.66159
1533681867,44.661705
1533681873,44.66182
1533681878,44.661926
1533681884,44.662037
1533681889,44.66202
1533681895,44.66183
1533681901,44.661865
1533681906,44.661995
1533681912,44.662025
1533681917,44.662025
1533681923,44.66201
1533681929,44.662086
1533681934,44.662086
1533681940,44.66199
1533681945,44.661827
1533681951,44.661633
1533681956,44.661476
1533681961,44.66131
1533681967,44.661114
1533681972,44.660957
1533681977,44.660767
1533681982,44.66065
1533681987,44.660534
1533681993,44.66044
1533681999,44.66048
1533682004,44.660553
1533682533,44.66055
1533682539,44.66055
1533682544,44.66055
1533682549,44.66055
1533682555,44.66055
1533682561,40.66055
1533682567,40.66055
1533682573,40.66055
1533682578,40.660553
1533682583,40.6606
1533682589,40.660667
1533682595,40.660656
1533682601,40.66061
1533682606,40.66058
1533682612,40.66058
1533682617,40.66058
1533682622,40.660595
1533682628,40.660606
1533682633,40.66061
1533682639,40.66062
1533682645,40.660625
1533682650,40.66063
1533682655,40.66063
1533682661,40.660633
1533682667,40.660625
1533682673,40.660625
1533682678,40.660625
1533682684,40.6606
1533682690,40.660606
1533682695,40.660603
1533682701,40.66061
1533682706,40.66062
1533682712,40.660625
1533682717,40.660625
1533682723,40.660625
1533682729,40.660625
1533682734,40.66063
1533682740,40.66064
1533682746,40.660645
1533682752,40.660645
1533682758,40.66065
1533682763,40.660645
1533682769,40.66065
1533682775,40.660652
1533682781,40.660652
1533682787,40.66065
1533682793,40.660656
1533682798,40.660664
1533679805,40.65828
1533679811,40.658367
1533679816,40.658344
1533679821,40.65827
1533679827,40.65819
1533679833,40.658108
1533679839,40.65804
1533679845,40.657986
1533679850,40.657986
1533679855,40.657986
1533679860,40.641308
1533679866,40.641296
1533679871,40.641388
1533679877,40.641445
1533679882,40.64146
1533679888,40.641453
1533679894,40.641712
1533679899,40.641735
1533679905,40.641735
1533679911,40.641735
1533679916,40.641735
1533679921,40.641735
1533679926,40.641724
1533679932,40.641685
1533679938,40.64163
1533679943,40.64158
1533679949,40.641533
1533679955,40.64151
1533679961,40.641506
1533679967,40.641468
1533679973,40.641407
1533679978,40.641346
1533679984,40.641277
1533679989,40.64122
1533679994,40.641167
1533680000,40.641113
1533680006,40.64106
1533680012,40.641006
1533680018,40.640953
1533680024,40.6409
1533681321,40.661945
1533681326,40.661972
1533681332,40.662037
1533681337,40.662
1533681343,40.66184
1533681349,40.661625
1533681355,40.661434
1533681361,40.661255
1533681373,40.6612
1533681378,40.661148
1533681384,40.661053
1533681390,40.660892
1533681396,40.660686
1533681401,40.66056
1533681406,40.660442
1533681412,40.6604
1533681418,40.660427
1533681423,40.660458
1533681429,40.660477
1533681434,40.66048
1533681439,40.660473
1533681445,40.66047
1533681451,40.66047
1533681457,40.660465
1533681469,40.660473
1533681475,40.660473
1533681480,40.660477
1533681485,40.660473
1533681491,40.660473
1533681497,40.660473
1533681503,40.660473
1533681509,40.660473
1533681515,40.660477
1533681520,40.660477
1533681526,40.660473
1533681531,40.660477
1533681537,40.66048
1533681543,40.660484
1533681548,40.66049
1533681553,40.66049
1533681559,40.66049
1533681565,40.66049
1533681571,40.66049
1533681577,40.66049
1533681583,40.66049
1533681589,40.66049
1533681595,40.66049
1533681601,40.66049
1533681607,40.66049
1533681613,40.660492
1533681619,40.66049
1533681624,40.660526
1533681630,40.66053
1533681636,40.660534
1533681642,40.660534
1533681648,40.660538
1533681654,40.660534
1533681660,40.66054
1533681666,40.660545
1533681671,40.66054
1533681677,40.660545
1533681683,40.660553
1533681689,40.66056
1533681695,40.66056
1533681700,40.66056
1533681706,40.66056
1533681711,40.660564
1533681717,40.660564
1533681722,40.66057
1533681728,40.660564
1533681733,40.660564
1533681739,40.660564
1533681745,40.66057
1533681751,40.66057
1533681757,40.660564
1533681763,40.660564
1533681769,40.660564
1533681775,40.660564
1533681781,40.660564
1533681787,40.660564
1533681793,40.660564
1533681799,40.660564
1533681805,40.660564
1533681811,40.660564
1533681817,40.660564
1533681823,40.660564
1533681829,40.660564
1533681835,40.660564
1533682393,40.660606
1533682399,40.660606
1533682404,40.660606
1533682410,40.660606
1533682415,40.660606
1533682421,40.660606
1533682427,40.660606
1533682439,40.660606
1533682444,40.660606
1533682449,40.660606
1533682455,40.660606
1533682460,40.660606
1533682465,40.660606
1533682470,40.660606
1533682476,40.660606
1533682482,40.660606
1533682487,40.660606
1533682493,40.660606
1533682499,40.660606
1533682504,40.660606
1533682510,40.660606
1533682515,40.660606
1533682521,40.660606
1533682526,40.660606
1533682531,40.660606
1533682537,40.660606
1533682543,40.660606
1533682548,40.660606
1533682554,40.660606
1533682560,40.660606
1533682566,40.660606
1533682572,40.660614
1533682577,40.66064
1533682583,40.660725
1533682588,40.66082
1533682627,40.661907
1533682633,40.66201
1533682639,40.66208
1533682644,40.662075
1533682650,40.662045
1533682656,40.662006
1533682662,40.661983
1533682668,40.661953
1533682673,40.66194
1533682679,40.661915
1533682684,40.661884
1533682689,40.661865
1533682695,40.661865
1533682701,40.661934
1533682706,40.662014
1533682712,40.662
1533682717,40.66213
1533682722,40.66214
1533682727,40.662148
1533682733,40.66213
1533682738,40.662086
1533682744,40.66205
1533682749,40.662006
1533680045,40.631645
1533680052,40.631485
1533680058,40.63133
1533680063,40.63124
1533680068,40.63108
1533680074,40.631546
1533680078,40.631386
1533680084,40.631268
1533680090,40.631145
1533680096,40.630993
1533680102,40.630833
1533680114,40.630547
1533680119,40.630466
1533680124,40.63038
1533680130,40.630283
1533680136,40.630154
1533680142,40.63006
1533680148,40.629948
1533680153,40.62983
1533680159,40.62971
1533680165,40.62963
1533680176,40.629467
1533680182,40.62938
1533680187,40.629314
1533680193,40.62924
1533680199,40.62917
1533680204,40.62906
1533680210,40.628925
1533680216,40.628807
1533680222,40.628723
1533680754,40.643
1533680760,40.642735
1533680766,40.642475
1533680772,40.642174
1533680778,40.64189
1533680784,40.64165
1533680790,40.641438
1533680796,40.641182
1533680801,40.64098
1533680807,40.640785
1533680813,40.640594
1533680819,40.640594
1533680824,40.64073
1533680829,40.640793
1533680835,40.641106
1533680840,40.64132
1533680846,40.641575
1533680852,40.64179
1533680858,40.641968
1533680864,40.641937
1533680870,40.641937
1533680875,40.6415
1533680881,40.64122
1533680886,40.640995
1533680892,40.640694
1533680898,40.640415
1533680904,40.640194
1533680909,40.640053
1533680915,40.63994
1533680921,40.640022
1533680927,40.64025
1533680932,40.640457
1533680938,40.640625
1533680943,40.64076
1533680949,40.64092
1533680954,40.641075
1533680960,40.64124
1533680966,40.6414
1533680972,40.64154
1533680977,40.641594
1533680983,40.64163
1533680989,40.6416
1533680995,40.641613
1533681001,40.64163
1533681007,40.64163
1533681012,40.64163
1533681018,40.641685
1533681024,40.64172
1533681029,40.641712
1533681034,40.64171
1533681040,40.64171
1533681045,40.641693
1533681050,40.641693
1533681056,40.641697
1533681062,40.64169
1533681068,40.641693
1533681073,40.64171
1533681078,40.641727
1533681084,40.64177
1533681090,40.641766
1533681096,40.64176
1533681101,40.64176
1533681107,40.64174
1533681113,40.641735
1533681119,40.64172
1533681124,40.641716
1533681130,40.64171
1533681142,40.64168
1533681148,40.641678
1533681153,40.641666
1533681158,40.641666
1533681164,40.641666
1533681169,40.641666
1533681175,40.641655
1533681180,40.64166
1533681185,40.641655
1533681191,40.641655
1533681196,40.641666
1533681202,40.64168
1533681207,40.64167
1533681213,40.64169
1533681219,40.64165
1533681225,40.641655
1533681230,40.64166
1533681235,40.641666
1533681241,40.641674
1533681246,40.641678
1533681252,40.641685
1533689057,40.66052
1533689062,40.66052
1533689068,40.66052
1533689073,40.66052
1533689078,40.66052
1533689084,40.66052
1533689090,40.66052
1533689096,40.66052
1533689102,40.66052
1533689108,40.66052
1533689114,40.66052
1533689120,40.66052
1533689126,40.660522
1533689132,40.660522
1533689137,40.660522
1533689142,40.660522
1533689148,40.660522
1533689154,40.660522
1533689160,40.660522
1533689166,40.660522
1533689172,40.660522
1533689178,40.660522
1533689184,40.660522
1533689190,40.660522
1533689195,40.660522
1533689201,40.660522
1533689206,40.660522
1533689212,40.660522
1533689217,40.660522
1533689222,40.660522
1533689228,40.660522
1533689233,40.660522
1533689239,40.660522
1533689244,40.660522
1533689250,40.660522
1533689256,40.660522
1533689262,40.660522
1533689267,40.660522
1533689272,40.660522
1533689278,40.660522
1533689284,40.660522
1533689289,40.660522
1533689294,40.660522
1533689299,40.660522
1533689305,40.660522
1533689311,40.660522
1533689316,40.660522
1533689322,40.660522
1533689327,40.660522
1533689333,40.660522
1533689339,40.660526
1533689344,40.660526
1533689349,40.660526
1533689355,40.660526
1533689360,40.660526
1533689366,40.660526
1533689372,40.660526
1533689378,40.660526
1533689384,40.660526
1533689389,40.660526
1533689395,40.660522
1533689401,40.660522
1533689407,40.660522
1533689413,40.660522
1533689418,40.660522
1533689424,40.660522
1533689430,40.660522
1533689436,40.660522
1533689441,40.660522
1533689446,40.660522
1533689452,40.66052
1533689457,40.66052
1533689462,40.66052
1533689467,40.66052
1533689473,40.66052
1533689478,40.66052
1533689483,40.66052
1533689489,40.66052
1533689495,40.66052
1533689501,40.66052
1533689506,40.66052
1533689512,40.66052
1533689523,40.66052
1533689529,40.66052
1533689535,40.66052
1533689541,40.66052
1533689546,40.66052
1533689552,40.66052
