Sensor,s_0
1609430400,31.9133
1609430460,31.9033
1609430520,31.9017
1609430580,31.9017
1609430640,31.9
1609430700,31.9
1609430760,31.9
1609430820,31.9
1609430880,31.9
1609430940,31.9
1609431000,31.9
1609431060,31.9
1609431120,31.9
1609431180,32.0383
1609431240,35.004999999999995
1609431300,47.6217
1609431360,53.555
1609431420,54.77
1609431480,54.4883
1609431540,54.29
1609431600,54.3033
1609431660,54.4767
1609431720,54.5683
1609431780,54.695
1609431840,54.7983
1609431900,54.8967
1609431960,54.9
1609432020,54.9
1609432080,54.9
1609432140,54.9
1609432200,54.9
1609432260,54.93
1609432320,54.935
1609432380,54.9067
1609432440,54.9583
1609432500,54.9967
1609432560,55.0
1609432620,55.0017
1609432680,55.0017
1609432740,55.005
1609432800,55.0117
1609432860,55.0033
1609432920,55.0133
1609432980,55.0233
1609433040,55.0183
1609433100,55.0767
1609433160,55.095
1609433220,55.09
1609433280,55.0867
1609433340,55.0983
1609433400,55.1
1609433460,55.1017
1609433520,55.1667
1609433580,55.1983
1609433640,55.2
1609433700,55.2017
1609433760,55.2067
1609433820,55.2433
1609433880,55.2883
1609433940,55.2933
1609434000,55.2933
1609434060,54.965
1609434120,54.2517
1609434180,53.5633
1609434240,52.875
1609434300,52.27
1609434360,51.7233
1609434420,51.1683
1609434480,50.6517
1609434540,50.1417
1609434600,49.6783
1609434660,49.2317
1609434720,48.7983
1609434780,48.405
1609434840,48.045
1609434900,47.6717
1609434960,47.3383
1609435020,47.0233
1609435080,46.6783
1609435140,46.3983
1609435200,46.1367
1609435260,45.8617
1609435320,45.625
1609435380,45.39
1609435440,45.1467
1609435500,44.925
1609435560,44.71
1609435620,44.51
1609435680,44.3217
1609435740,44.1317
1609435800,44.0
1609435860,43.77
1609435920,43.6133
1609435980,43.4633
1609436040,43.2633
1609436100,43.155
1609436160,42.9883
1609436220,42.8317
1609436280,42.7417
1609436340,42.5633
1609436400,42.4283
1609436460,42.3033
1609436520,42.2233
1609436580,42.09
1609436640,41.96
1609436700,41.9
1609436760,41.8017
1609436820,41.6817
1609436880,41.55
1609436940,41.5
1609437000,41.4217
1609437060,41.305
1609437120,41.2033
1609437180,41.1
1609437240,41.0033
1609437300,41.0
1609437360,40.9167
1609437420,40.838300000000004
1609437480,40.7583
1609437540,40.6733
1609437600,40.6
1609437660,40.6
1609437720,40.5167
1609437780,40.435
1609437840,40.356700000000004
1609437900,40.2883
1609437960,40.205
1609438020,40.2
1609438080,40.1633
1609438140,40.0867
1609438200,40.0167
1609438260,39.9483
1609438320,39.879999999999995
1609438380,39.8017
1609438440,39.735
1609438500,39.7
1609438560,39.6983
1609438620,39.6417
1609438680,39.5817
1609438740,39.496700000000004
1609438800,39.42
1609438860,39.381699999999995
1609438920,39.3033
1609438980,39.3
1609439040,39.2983
1609439100,39.2267
1609439160,39.1917
1609439220,39.106700000000004
1609439280,39.05
1609439340,38.9983
1609439400,38.955
1609439460,38.9
1609439520,38.9
1609439580,38.8983
1609439640,38.838300000000004
1609439700,38.8017
1609439760,38.8
1609439820,38.75
1609439880,38.7017
1609439940,38.6633
1609440000,38.6
1609440060,38.585
1609440120,38.504999999999995
1609440180,38.4767
1609440240,38.401700000000005
1609440300,38.4
1609440360,38.4
1609440420,38.4
1609440480,38.370000000000005
1609440540,38.3017
1609440600,38.2983
1609440660,38.246700000000004
1609440720,38.1983
1609440780,38.1233
1609440840,38.1017
1609440900,38.075
1609440960,38.0167
1609441020,38.0
1609441080,38.0
1609441140,38.0
1609441200,38.0
1609441260,38.0
1609441320,37.993300000000005
1609441380,37.9167
1609441440,37.9
1609441500,37.901700000000005
1609441560,37.8983
1609441620,37.886700000000005
1609441680,37.845
1609441740,37.8417
1609441800,37.8133
1609441860,37.8
1609441920,37.765
1609441980,37.7033
1609442040,37.7
1609442100,37.7
1609442160,37.7517
1609442220,37.754999999999995
1609442280,37.7033
1609442340,37.6967
1609442400,37.644999999999996
1609442460,37.618300000000005
1609442520,37.603300000000004
1609442580,37.6
1609442640,37.6
1609442700,37.5733
1609442760,37.5017
1609442820,37.5017
1609442880,37.503299999999996
1609442940,37.46
1609443000,37.4
1609443060,37.356700000000004
1609443120,37.3117
1609443180,37.285
1609443240,37.265
1609443300,37.2167
1609443360,37.2
1609443420,37.1967
1609443480,37.144999999999996
1609443540,37.1
1609443600,37.1
1609443660,37.1
1609443720,37.1
1609443780,37.1
1609443840,37.1
1609443900,37.1
1609443960,37.0967
1609444020,37.0333
1609444080,37.0
1609444140,36.988299999999995
1609444200,36.91
1609444260,36.901700000000005
1609444320,36.885000000000005
1609444380,36.82
1609444440,36.7983
1609444500,36.738299999999995
1609444560,36.7
1609444620,36.7
1609444680,36.7
1609444740,36.6933
1609444800,36.629999999999995
1609444860,36.598299999999995
1609444920,36.526700000000005
1609444980,36.5017
1609445040,36.4467
1609445100,36.4
1609445160,36.375
1609445220,36.3017
1609445280,36.3
1609445340,36.3
1609445400,36.2967
1609445460,36.239999999999995
1609445520,36.195
1609445580,36.1233
1609445640,36.095
1609445700,36.004999999999995
1609445760,35.9467
1609445820,35.885000000000005
1609445880,35.81
1609445940,35.8
1609446000,35.7733
1609446060,35.6917
1609446120,35.606700000000004
1609446180,35.535
1609446240,35.4917
1609446300,35.4083
1609446360,35.4
1609446420,35.396699999999996
1609446480,35.3217
1609446540,35.269999999999996
1609446600,35.195
1609446660,35.1267
1609446720,35.088300000000004
1609446780,35.0083
1609446840,35.0
1609446900,34.993300000000005
1609446960,34.9133
1609447020,34.8617
1609447080,34.7983
1609447140,34.725
1609447200,34.695
1609447260,34.621700000000004
1609447320,34.595
1609447380,34.526700000000005
1609447440,34.5
1609447500,34.5
1609447560,34.493300000000005
1609447620,34.4067
1609447680,34.393299999999996
1609447740,34.335
1609447800,34.3
1609447860,34.2483
1609447920,34.205
1609447980,34.1967
1609448040,34.118300000000005
1609448100,34.1
1609448160,34.1
1609448220,34.1
1609448280,34.1
1609448340,34.1
1609448400,34.098299999999995
1609448460,34.08
1609448520,34.025
1609448580,34.003299999999996
1609448640,34.0
1609448700,33.996700000000004
1609448760,33.981700000000004
1609448820,33.9467
1609448880,33.915
1609448940,33.9
1609449000,33.9
1609449060,33.9
1609449120,33.894999999999996
1609449180,33.875
1609449240,33.8617
1609449300,33.815
1609449360,33.805
1609449420,33.8
1609449480,33.8
1609449540,33.7967
1609449600,33.7967
1609449660,33.78
1609449720,33.7483
1609449780,33.72
1609449840,33.705
1609449900,33.7017
1609449960,33.7
1609450020,33.7
1609450080,33.6967
1609450140,33.6717
1609450200,33.6417
1609450260,33.629999999999995
1609450320,33.606700000000004
1609450380,33.6
1609450440,33.6
1609450500,33.6
1609450560,33.6
1609450620,33.6
1609450680,33.6
1609450740,33.6
1609450800,33.6
1609450860,33.6
1609450920,33.6
1609450980,33.6
1609451040,33.6
1609451100,33.6
1609451160,33.6
1609451220,33.6
1609451280,33.6
1609451340,33.6
1609451400,33.6
1609451460,33.6
1609451520,33.6
1609451580,33.598299999999995
1609451640,33.6
1609451700,33.6
1609451760,33.6
1609451820,33.6
1609451880,33.6
1609451940,33.6
1609452000,33.6
1609452060,33.6
1609452120,33.6
1609452180,33.598299999999995
1609452240,33.6
1609452300,33.5833
1609452360,33.5967
1609452420,33.575
1609452480,33.5767
1609452540,33.5733
1609452600,33.5283
1609452660,33.5383
1609452720,33.525
1609452780,33.515
1609452840,33.510000000000005
1609452900,33.504999999999995
1609452960,33.510000000000005
1609453020,33.521699999999996
1609453080,33.5283
1609453140,33.515
1609453200,33.5283
1609453260,33.515
1609453320,33.506699999999995
1609453380,33.504999999999995
1609453440,33.503299999999996
1609453500,33.5
1609453560,33.5
1609453620,33.5
1609453680,33.5
1609453740,33.4983
1609453800,33.4983
1609453860,33.5
1609453920,33.5
1609453980,33.5
1609454040,33.5
1609454100,33.5
1609454160,33.495000000000005
1609454220,33.496700000000004
1609454280,33.493300000000005
1609454340,33.496700000000004
1609454400,33.489999999999995
1609454460,33.475
1609454520,33.45
1609454580,33.4417
1609454640,33.473299999999995
1609454700,33.4467
1609454760,33.4567
1609454820,33.47
1609454880,33.4617
1609454940,33.4717
1609455000,33.4867
1609455060,33.4917
1609455120,33.496700000000004
1609455180,33.496700000000004
1609455240,33.5
1609455300,33.5
1609455360,33.5
1609455420,33.5
1609455480,33.5
1609455540,33.5
1609455600,33.5
1609455660,33.5
1609455720,33.4983
1609455780,33.5
1609455840,21.4967
1609455900,21.5
1609455960,21.4983
1609456020,21.4967
1609456080,21.49
1609456140,21.4767
1609456200,21.4783
1609456260,21.475
1609456320,21.4767
1609456380,21.4983
1609456440,21.4967
1609456500,21.4883
1609456560,21.465
1609456620,21.485
1609456680,21.5
1609456740,21.5
1609456800,21.5
1609456860,21.4933
1609456920,21.4933
1609456980,21.485
1609457040,21.4867
1609457100,21.4767
1609457160,21.495
1609457220,21.4967
1609457280,21.495
1609457340,21.485
1609457400,21.49
1609457460,21.4733
1609457520,21.495
1609457580,21.4933
1609457640,21.4967
1609457700,21.4983
1609457760,21.495
1609457820,21.4833
1609457880,21.495
1609457940,21.4933
1609458000,21.495
1609458060,21.5
1609458120,21.5
1609458180,21.5
1609458240,21.5
1609458300,21.5
1609458360,21.5
1609458420,21.5
1609458480,21.5017
1609458540,21.5017
1609458600,21.515
1609458660,21.5383
1609458720,21.51
1609458780,21.505
1609458840,21.5067
1609458900,21.5
1609458960,21.5517
1609459020,21.6
1609459080,21.6
1609459140,21.6
1609459200,21.6
1609459260,21.6
1609459320,21.6
1609459380,21.6
1609459440,21.6
1609459500,21.6
1609459560,21.6
1609459620,21.6
1609459680,21.6
1609459740,21.6
1609459800,21.6
1609459860,21.6
1609459920,21.6
1609459980,21.6
1609460040,21.6
1609460100,21.6
1609460160,21.6
1609460220,21.6
1609460280,21.6
1609460340,21.6
1609460400,21.6
1609460460,21.6
1609460520,21.6
1609460580,21.6
1609460640,21.6
1609460700,21.6017
1609460760,21.6
1609460820,21.6
1609460880,21.6
1609460940,21.6033
1609461000,21.6717
1609461060,21.695
1609461120,21.695
1609461180,21.6633
1609461240,21.64
1609461300,21.66
1609461360,21.6283
1609461420,21.625
1609461480,21.625
1609461540,21.6183
1609461600,21.6033
1609461660,21.6167
1609461720,21.7
1609461780,21.7017
1609461840,21.7
1609461900,21.7
1609461960,21.7
1609462020,21.7
1609462080,21.6933
1609462140,21.68
1609462200,21.68
1609462260,21.68
1609462320,21.7
1609462380,21.6933
1609462440,21.7
1609462500,21.6817
1609462560,21.6417
1609462620,21.6233
1609462680,21.6067
1609462740,21.685
1609462800,21.7017
1609462860,21.71
1609462920,21.7
1609462980,21.7133
1609463040,21.7133
1609463100,21.7
1609463160,21.7
1609463220,21.685
1609463280,21.6617
1609463340,21.6267
1609463400,21.625
1609463460,21.605
1609463520,21.6017
1609463580,21.6
1609463640,21.6
1609463700,21.6
1609463760,21.6
1609463820,21.6
1609463880,21.6
1609463940,21.6
1609464000,21.6
1609464060,21.6
1609464120,21.6
1609464180,21.6
1609464240,21.6
1609464300,21.6
1609464360,21.6
1609464420,21.6
1609464480,21.6
1609464540,21.6
1609464600,21.6
1609464660,21.6
1609464720,21.5983
1609464780,21.5933
1609464840,21.595
1609464900,21.575
1609464960,21.5717
1609465020,21.545
1609465080,21.5183
1609465140,21.515
1609465200,21.505
1609465260,21.5
1609465320,21.5017
1609465380,21.5033
1609465440,21.5033
1609465500,21.5
1609465560,21.5
1609465620,21.4983
1609465680,21.4967
1609465740,21.4867
1609465800,21.485
1609465860,21.47
1609465920,21.4467
1609465980,21.4333
1609466040,21.42
1609466100,21.4
1609466160,21.4
1609466220,21.4
1609466280,21.4
1609466340,21.4
1609466400,21.3983
1609466460,21.3933
1609466520,21.375
1609466580,21.3467
1609466640,21.3217
1609466700,21.3067
1609466760,21.3167
1609466820,21.31
1609466880,21.305
1609466940,21.3
1609467000,21.3
1609467060,21.3
1609467120,21.3
1609467180,21.3017
1609467240,21.3017
1609467300,21.3
1609467360,21.3
1609467420,21.3
1609467480,21.3
1609467540,21.3
1609467600,21.295
1609467660,21.2983
1609467720,21.285
1609467780,21.275
1609467840,21.2617
1609467900,21.2317
1609467960,21.21
1609468020,21.2083
1609468080,21.2033
1609468140,21.2017
1609468200,21.2
1609468260,21.2
1609468320,21.2
1609468380,21.2
1609468440,21.2
1609468500,21.2
1609468560,21.2
1609468620,21.2
1609468680,21.2
1609468740,21.2
1609468800,21.2
1609468860,21.2
1609468920,21.2
1609468980,21.2
1609469040,21.2
1609469100,21.2
1609469160,21.2
1609469220,21.2
1609469280,21.2
1609469340,21.2
1609469400,21.2
1609469460,21.2
1609469520,21.2
1609469580,21.2
1609469640,21.2
1609469700,21.2
1609469760,21.2
1609469820,21.1983
1609469880,21.2
1609469940,21.1883
1609470000,21.185
1609470060,21.1767
1609470120,21.1633
1609470180,21.1483
1609470240,21.13
1609470300,21.11
1609470360,21.105
1609470420,21.1
1609470480,21.1017
1609470540,21.1017
1609470600,21.1017
1609470660,21.1
1609470720,21.1
1609470780,21.1
1609470840,21.1
1609470900,21.1
1609470960,21.0967
1609471020,21.1
1609471080,21.1
1609471140,21.0917
1609471200,21.0883
1609471260,21.0917
1609471320,21.0967
1609471380,21.0933
1609471440,21.0883
1609471500,21.0983
1609471560,21.0983
1609471620,21.0983
1609471680,21.1
1609471740,21.1
1609471800,21.1
1609471860,21.1
1609471920,21.1
1609471980,21.1
1609472040,21.1
1609472100,21.1
1609472160,21.1
1609472220,21.1
1609472280,21.1083
1609472340,21.1083
1609472400,21.1083
1609472460,21.1
1609472520,21.1083
1609472580,21.115
1609472640,21.1333
1609472700,21.1567
1609472760,21.17
1609472820,21.185
1609472880,21.1833
1609472940,21.175
1609473000,21.1917
1609473060,21.1883
1609473120,21.1867
1609473180,21.1833
1609473240,21.19
1609473300,21.1917
1609473360,21.1967
1609473420,21.2
1609473480,21.2
1609473540,21.2
1609473600,21.2
1609473660,21.2
1609473720,21.2
1609473780,21.2
1609473840,21.2
1609473900,21.2
1609473960,21.2
1609474020,21.2
1609474080,21.2
1609474140,21.2
1609474200,21.2
1609474260,21.2
1609474320,21.2
1609474380,21.2
1609474440,21.2
1609474500,21.2
1609474560,21.2
1609474620,21.2
1609474680,21.2017
1609474740,21.2017
1609474800,21.2
1609474860,21.2067
1609474920,21.2083
1609474980,21.21
1609475040,21.2383
1609475100,21.2367
1609475160,21.2417
1609475220,21.2683
1609475280,21.2833
1609475340,21.2917
1609475400,21.29
1609475460,21.2933
1609475520,21.2933
1609475580,21.29
1609475640,21.3
1609475700,21.3
1609475760,21.3
1609475820,21.3
1609475880,21.3
1609475940,21.3
1609476000,21.305
1609476060,21.3083
1609476120,21.3167
1609476180,21.3117
1609476240,21.3133
1609476300,21.31
1609476360,21.3083
1609476420,21.3183
1609476480,21.3717
1609476540,21.3867
1609476600,21.3983
1609476660,21.4
1609476720,21.4
1609476780,21.4
1609476840,21.4
1609476900,21.4
1609476960,21.4017
1609477020,21.4083
1609477080,21.41
1609477140,21.4283
1609477200,21.4217
1609477260,21.4517
1609477320,21.4617
1609477380,21.4717
1609477440,21.4817
1609477500,21.4967
1609477560,21.5
1609477620,21.5017
1609477680,21.5017
1609477740,21.5033
1609477800,21.515
1609477860,21.505
1609477920,21.5067
1609477980,21.5183
1609478040,21.5383
1609478100,21.53
1609478160,21.555
1609478220,21.5633
1609478280,21.565
1609478340,21.57
1609478400,21.5767
1609478460,21.595
1609478520,21.6
1609478580,21.6
1609478640,21.6
1609478700,21.6
1609478760,21.6
1609478820,21.6
1609478880,21.6
1609478940,21.6
1609479000,21.6
1609479060,21.6
1609479120,21.6
1609479180,21.6
1609479240,21.6
1609479300,21.6
1609479360,21.6
1609479420,21.6
1609479480,21.6
1609479540,21.6
1609479600,21.6
1609479660,21.6
1609479720,21.6
1609479780,21.6
1609479840,21.6
1609479900,21.6
1609479960,21.6
1609480020,21.6
1609480080,21.6
1609480140,21.6
1609480200,21.6
1609480260,21.6
1609480320,21.6
1609480380,21.6
1609480440,21.6
1609480500,21.605
1609480560,21.6133
1609480620,21.6683
1609480680,21.675
1609480740,21.6833
1609480800,21.6883
1609480860,21.69
1609480920,21.6983
1609480980,21.6817
1609481040,21.6983
1609481100,21.6983
1609481160,21.7017
1609481220,21.7
1609481280,21.7017
1609481340,21.72
1609481400,21.735
1609481460,21.7467
1609481520,21.7817
1609481580,21.7967
1609481640,21.7983
1609481700,21.8
1609481760,21.8
1609481820,21.81
1609481880,21.8333
1609481940,21.8867
1609482000,21.9
1609482060,21.8983
1609482120,21.9017
1609482180,21.92
1609482240,21.95
1609482300,21.9867
1609482360,22.0
1609482420,22.0017
1609482480,22.0217
1609482540,22.0533
1609482600,22.0933
1609482660,22.1
1609482720,22.1
1609482780,22.1
1609482840,22.1
1609482900,22.1
1609482960,22.1
1609483020,22.1
1609483080,22.1
1609483140,22.1
1609483200,22.1
1609483260,22.1
1609483320,22.1
1609483380,22.1
1609483440,22.1
1609483500,22.1
1609483560,22.1017
1609483620,22.105
1609483680,22.1083
1609483740,22.12
1609483800,22.1417
1609483860,22.1567
1609483920,22.1833
1609483980,22.19
1609484040,22.1983
1609484100,22.1983
1609484160,22.2
1609484220,22.2
1609484280,22.2017
1609484340,22.2083
1609484400,22.21
1609484460,22.2333
1609484520,22.2517
1609484580,22.285
1609484640,22.3
1609484700,22.3
1609484760,22.3
1609484820,22.3
1609484880,26.3
1609484940,26.3
1609485000,26.3
1609485060,26.3033
1609485120,26.3083
1609485180,26.3033
1609485240,26.3083
1609485300,26.3467
1609485360,26.355
1609485420,26.3867
1609485480,26.39
1609485540,26.3983
1609485600,26.3967
1609485660,26.395
1609485720,26.3983
1609485780,26.3967
1609485840,26.4
1609485900,26.4
1609485960,26.4
1609486020,26.4017
1609486080,26.4017
1609486140,26.4
1609486200,26.4
1609486260,26.4
1609486320,26.4
1609486380,26.4
1609486440,26.4
1609486500,26.4
1609486560,26.4
1609486620,26.4017
1609486680,26.405
1609486740,26.4
1609486800,26.4033
1609486860,26.4017
1609486920,26.4
1609486980,26.4
1609487040,26.4
1609487100,26.4033
1609487160,26.4
1609487220,26.4
1609487280,26.4
1609487340,26.4
1609487400,26.4033
1609487460,26.4
1609487520,26.4
1609487580,26.4
1609487640,26.4
1609487700,26.405
1609487760,26.4033
1609487820,26.4067
1609487880,26.4033
1609487940,26.405
1609488000,26.4083
1609488060,26.4033
1609488120,26.4017
1609488180,26.4017
1609488240,26.4083
1609488300,26.4
1609488360,26.4
1609488420,26.4
1609488480,26.4
1609488540,26.3983
1609488600,26.3983
1609488660,26.4
1609488720,26.3983
1609488780,26.385
1609488840,26.3717
1609488900,26.3417
1609488960,26.3117
1609489020,26.3017
1609489080,26.3
1609489140,26.3
1609489200,26.2983
1609489260,26.275
1609489320,26.2567
1609489380,26.2317
1609489440,26.2
1609489500,26.2
1609489560,26.1983
1609489620,26.1967
1609489680,26.1567
1609489740,26.1233
1609489800,26.1033
1609489860,26.1
1609489920,26.1
1609489980,26.1
1609490040,26.1
1609490100,26.1
1609490160,26.1
1609490220,26.1
1609490280,26.0967
1609490340,26.0833
1609490400,26.0433
1609490460,26.0
1609490520,26.0
1609490580,25.9933
1609490640,25.9533
1609490700,25.9167
1609490760,25.9017
1609490820,25.8983
1609490880,25.89
1609490940,25.8467
1609491000,25.8033
1609491060,25.8017
1609491120,25.795
1609491180,25.7733
1609491240,25.7167
1609491300,25.7
1609491360,25.7
1609491420,25.6783
1609491480,25.615
1609491540,25.6017
1609491600,25.6
1609491660,25.6
1609491720,25.6
1609491780,25.6
1609491840,25.6
1609491900,25.5983
1609491960,25.5883
1609492020,25.5667
1609492080,25.5083
1609492140,25.5
1609492200,25.5
1609492260,25.4967
1609492320,25.4933
1609492380,25.48
1609492440,25.4333
1609492500,25.41
1609492560,25.4
1609492620,25.4
1609492680,25.38
1609492740,25.3617
1609492800,25.33
1609492860,25.3083
1609492920,25.3
1609492980,25.3
1609493040,25.3
1609493100,25.29
1609493160,25.2517
1609493220,25.235
1609493280,25.2133
1609493340,25.2017
1609493400,25.2
1609493460,25.2
1609493520,25.2
1609493580,25.2
1609493640,25.2
1609493700,17.2
1609493760,17.2
1609493820,17.2
1609493880,17.2
1609493940,17.2
1609494000,17.2
1609494060,17.2
1609494120,17.2
1609494180,17.2
1609494240,17.2
1609494300,17.1983
1609494360,17.1983
1609494420,17.195
1609494480,17.195
1609494540,17.19
1609494600,17.1867
1609494660,17.17
1609494720,17.1633
1609494780,17.1733
1609494840,17.1567
1609494900,17.1533
1609494960,17.1283
1609495020,17.1267
1609495080,17.1367
1609495140,17.11
1609495200,17.105
1609495260,17.1033
1609495320,17.105
1609495380,17.1033
1609495440,17.105
1609495500,17.1083
1609495560,17.1117
1609495620,17.1267
1609495680,17.1433
1609495740,17.1533
1609495800,17.1567
1609495860,17.165
1609495920,17.1817
1609495980,17.175
1609496040,17.19
1609496100,17.1967
1609496160,17.2
1609496220,17.1983
1609496280,17.2
1609496340,17.2
1609496400,17.2
1609496460,17.2
1609496520,17.2
1609496580,17.2
1609496640,17.2
1609496700,17.2
1609496760,17.2
1609496820,17.2
1609496880,17.2
1609496940,17.2
1609497000,17.2
1609497060,17.2
1609497120,17.2
1609497180,17.2
1609497240,17.2
1609497300,17.2
1609497360,17.2
1609497420,17.2
1609497480,17.2
1609497540,17.2
1609497600,17.2
1609497660,17.2
1609497720,17.2
1609497780,17.2
1609497840,17.2
1609497900,17.2
1609497960,17.2
1609498020,17.2
1609498080,17.2
1609498140,17.2
1609498200,17.2
1609498260,17.2
1609498320,17.2
1609498380,17.2
1609498440,17.2
1609498500,17.2
1609498560,17.2
1609498620,17.2
1609498680,17.2
1609498740,17.2033
1609498800,17.21
1609498860,17.2083
1609498920,17.2133
1609498980,17.23
1609499040,17.2467
1609499100,17.2633
1609499160,17.2717
1609499220,17.285
1609499280,17.2917
1609499340,17.2967
1609499400,17.2983
1609499460,17.2967
1609499520,17.3
1609499580,17.3
1609499640,17.3
1609499700,17.3
1609499760,17.3
1609499820,17.3
1609499880,17.3017
1609499940,17.3033
1609500000,17.315
1609500060,17.3133
1609500120,17.32
1609500180,17.33
1609500240,17.33
1609500300,17.335
1609500360,17.3317
1609500420,17.3567
1609500480,17.3517
1609500540,17.3317
1609500600,17.35
1609500660,17.3667
1609500720,17.355
1609500780,17.37
1609500840,17.365
1609500900,17.3767
1609500960,17.3867
1609501020,17.3867
1609501080,17.3933
1609501140,17.3917
1609501200,17.395
1609501260,17.3833
1609501320,17.3783
1609501380,17.38
1609501440,17.3983
1609501500,17.3933
1609501560,17.3967
1609501620,17.4
1609501680,17.3983
1609501740,17.4
1609501800,17.4
1609501860,17.4
1609501920,17.4
1609501980,17.4
1609502040,17.4017
1609502100,17.4
1609502160,17.4
1609502220,17.4
1609502280,17.4
1609502340,17.4
1609502400,17.4
1609502460,17.4
1609502520,17.4
1609502580,17.4
1609502640,17.4
1609502700,17.3983
1609502760,17.4
1609502820,17.4
1609502880,17.4
1609502940,17.4
1609503000,17.4
1609503060,17.4
1609503120,17.4
1609503180,17.4
1609503240,17.4
1609503300,17.4
1609503360,17.4
1609503420,17.4
1609503480,17.4
1609503540,17.4
1609503600,17.4
1609503660,17.4
1609503720,17.4
1609503780,17.4
1609503840,17.395
1609503900,17.385
1609503960,17.39
1609504020,17.3983
1609504080,17.3967
1609504140,17.395
1609504200,17.3917
1609504260,17.4
1609504320,17.39
1609504380,17.3933
1609504440,17.39
1609504500,17.3883
1609504560,17.3867
1609504620,17.3783
1609504680,17.385
1609504740,17.3917
1609504800,17.39
1609504860,17.3917
1609504920,17.3983
1609504980,17.395
1609505040,17.39
1609505100,17.385
1609505160,17.385
1609505220,17.39
1609505280,17.3967
1609505340,17.3967
1609505400,17.395
1609505460,17.395
1609505520,17.3867
1609505580,17.3967
1609505640,17.4
1609505700,17.4
1609505760,17.3983
1609505820,17.4
1609505880,17.4
1609505940,17.4
1609506000,17.4017
1609506060,17.4
1609506120,17.4
1609506180,17.4
1609506240,17.4
1609506300,17.4
1609506360,17.4
1609506420,17.4033
1609506480,17.4017
1609506540,17.4033
1609506600,17.4
1609506660,17.4067
1609506720,17.4033
1609506780,17.4033
1609506840,17.4
1609506900,17.405
1609506960,17.405
1609507020,17.4117
1609507080,17.405
1609507140,17.405
1609507200,17.4017
1609507260,17.4017
1609507320,17.405
1609507380,17.4067
1609507440,17.42
1609507500,17.4133
1609507560,17.415
1609507620,17.4217
1609507680,17.4233
1609507740,17.4167
1609507800,17.4283
1609507860,17.4367
1609507920,17.4283
1609507980,17.4333
1609508040,17.4367
1609508100,17.445
1609508160,17.45
1609508220,17.4517
1609508280,17.425
1609508340,17.4283
1609508400,17.4283
1609508460,17.43
1609508520,17.43
1609508580,17.4183
1609508640,17.4333
1609508700,17.42
1609508760,17.4017
1609508820,17.415
1609508880,17.4267
1609508940,17.4083
1609509000,17.4033
1609509060,17.4183
1609509120,17.4183
1609509180,17.41
1609509240,17.4017
1609509300,17.4067
1609509360,17.405
1609509420,17.4067
1609509480,17.41
1609509540,17.4017
1609509600,17.405
1609509660,17.4017
1609509720,17.405
1609509780,17.4117
1609509840,17.41
1609509900,17.4067
1609509960,17.41
1609510020,17.4117
1609510080,17.4083
1609510140,17.4033
1609510200,17.4
1609510260,17.41
1609510320,17.4117
1609510380,17.4017
1609510440,17.4017
1609510500,17.4
1609510560,17.4
1609510620,17.4
1609510680,17.4
1609510740,17.4
1609510800,17.4
1609510860,17.4
1609510920,17.4
1609510980,17.4
1609511040,17.4
1609511100,17.4
1609511160,17.4
1609511220,17.4
1609511280,17.4
1609511340,17.4
1609511400,17.4
1609511460,17.4
1609511520,17.4
1609511580,17.4
1609511640,17.4
1609511700,17.4
1609511760,17.4
1609511820,17.4
1609511880,17.4
1609511940,17.4
1609512000,17.3983
1609512060,17.3967
1609512120,17.3967
1609512180,17.3867
1609512240,17.395
1609512300,17.3933
1609512360,17.3983
1609512420,17.3967
1609512480,17.395
1609512540,17.3967
1609512600,17.4
1609512660,17.395
1609512720,17.395
1609512780,17.3917
1609512840,17.3833
1609512900,17.39
1609512960,17.3933
1609513020,17.3817
1609513080,17.3917
1609513140,17.3883
1609513200,17.38
1609513260,17.3717
1609513320,17.3667
1609513380,17.3633
1609513440,17.36
1609513500,17.3517
1609513560,17.355
1609513620,17.3567
1609513680,17.35
1609513740,17.3483
1609513800,17.34
1609513860,17.3317
1609513920,17.335
1609513980,17.3267
1609514040,17.32
1609514100,17.3083
1609514160,17.315
1609514220,17.315
1609514280,17.3217
1609514340,17.3083
1609514400,17.305
1609514460,17.3017
1609514520,17.305
1609514580,17.3067
1609514640,17.3067
1609514700,17.3033
1609514760,17.3017
1609514820,17.3
1609514880,17.3067
1609514940,17.3017
1609515000,17.3017
1609515060,17.3
1609515120,17.3
1609515180,17.3
1609515240,17.3
1609515300,17.3
1609515360,17.3
1609515420,17.3017
1609515480,17.3017
1609515540,17.3033
1609515600,17.3
1609515660,17.3033
1609515720,17.3017
1609515780,17.3
1609515840,17.3
1609515900,17.3
1609515960,17.3
1609516020,17.3
1609516080,17.3
1609516140,17.3067
1609516200,17.3017
1609516260,17.3083
1609516320,17.315
1609516380,17.31
1609516440,17.3467
1609516500,17.3417
1609516560,17.3467
1609516620,17.3533
1609516680,17.35
1609516740,17.36
1609516800,17.3733
1609516860,17.3883
1609516920,17.3783
1609516980,17.3833
1609517040,17.395
1609517100,17.3983
1609517160,17.4
1609517220,17.4
1609517280,17.4
1609517340,17.4
1609517400,17.4
1609517460,17.4017
1609517520,17.4
1609517580,17.4033
1609517640,17.4
1609517700,17.4
1609517760,17.4
1609517820,17.4017
1609517880,17.4033
1609517940,17.405
1609518000,17.4067
1609518060,17.42
1609518120,17.425
1609518180,17.425
1609518240,17.4233
1609518300,17.4433
1609518360,17.4533
1609518420,17.45
1609518480,17.4683
1609518540,17.4683
1609518600,17.4733
1609518660,17.49
1609518720,17.4933
1609518780,17.5
1609518840,17.5
1609518900,17.4983
1609518960,17.4983
1609519020,17.5
1609519080,17.5
1609519140,17.5017
1609519200,17.5083
1609519260,17.5117
1609519320,17.5267
1609519380,17.535
1609519440,17.58
1609519500,17.5667
1609519560,17.5817
1609519620,17.5933
1609519680,17.6
1609519740,17.5983
1609519800,17.6
1609519860,17.6
1609519920,17.6
1609519980,17.6
1609520040,17.6
1609520100,17.6
1609520160,17.6
1609520220,17.6
1609520280,17.6
1609520340,17.6
1609520400,17.6
1609520460,17.6
1609520520,17.6
1609520580,17.6
1609520640,17.6
1609520700,17.6017
1609520760,17.6017
1609520820,17.6067
1609520880,17.6067
1609520940,17.6167
1609521000,17.625
1609521060,17.6633
1609521120,17.665
1609521180,17.685
1609521240,17.7
1609521300,17.7
1609521360,17.7
1609521420,17.7
1609521480,17.7
1609521540,17.7033
1609521600,17.7133
1609521660,17.7267
1609521720,17.7417
1609521780,17.7717
1609521840,17.795
1609521900,17.7983
1609521960,17.8
1609522020,17.8
1609522080,17.8
1609522140,17.8
1609522200,17.8
1609522260,17.8
1609522320,17.8033
1609522380,17.8083
1609522440,17.815
1609522500,17.835
1609522560,17.8633
1609522620,17.88
1609522680,17.8867
1609522740,17.8967
1609522800,17.8967
1609522860,17.9
1609522920,17.9
1609522980,17.9
1609523040,17.9
1609523100,17.9
1609523160,17.9017
1609523220,17.9
1609523280,17.91
1609523340,17.9167
1609523400,17.9283
1609523460,17.9133
1609523520,17.9333
1609523580,17.9467
1609523640,17.9733
1609523700,17.9783
1609523760,17.9883
1609523820,17.9967
1609523880,17.995
1609523940,17.9967
1609524000,18.0
1609524060,18.0
1609524120,18.0
1609524180,18.0033
1609524240,18.0
1609524300,18.0033
1609524360,18.0033
1609524420,18.0067
1609524480,18.0217
1609524540,18.03
1609524600,18.0433
1609524660,18.055
1609524720,18.0333
1609524780,18.065
1609524840,18.0833
1609524900,18.0883
1609524960,18.09
1609525020,18.0967
1609525080,18.0983
1609525140,18.1
1609525200,18.1
1609525260,18.1
1609525320,18.1
1609525380,18.1
1609525440,18.1
1609525500,18.1
1609525560,18.1
1609525620,18.1
1609525680,18.1
1609525740,18.1
1609525800,18.1
1609525860,18.1
1609525920,18.1
1609525980,18.1
1609526040,18.1
1609526100,18.1
1609526160,18.1
1609526220,18.1
1609526280,18.1017
1609526340,18.105
1609526400,18.1183
1609526460,18.1067
1609526520,18.105
1609526580,18.1283
1609526640,18.16
1609526700,18.19
1609526760,18.1917
1609526820,18.1983
1609526880,18.2
1609526940,18.2
1609527000,18.2
1609527060,18.2
1609527120,18.2
1609527180,18.2
1609527240,18.2
1609527300,18.2
1609527360,18.2017
1609527420,18.2
1609527480,18.2067
1609527540,18.205
1609527600,18.205
1609527660,18.2017
1609527720,18.2017
1609527780,18.2017
1609527840,18.2067
1609527900,18.2083
1609527960,18.2283
1609528020,18.2333
1609528080,18.2283
1609528140,18.235
1609528200,18.2367
1609528260,18.2683
1609528320,18.2817
1609528380,18.2967
1609528440,18.2983
1609528500,18.2967
1609528560,18.295
1609528620,18.2967
1609528680,18.3
1609528740,18.2983
1609528800,18.3
1609528860,18.3
1609528920,18.3
1609528980,18.3033
1609529040,18.3033
1609529100,18.3
1609529160,18.3033
1609529220,18.335
1609529280,18.3767
1609529340,18.375
1609529400,18.3883
1609529460,18.3883
1609529520,18.3933
1609529580,18.4
1609529640,18.4
1609529700,18.4
1609529760,18.4
1609529820,18.4
1609529880,18.4083
1609529940,18.4217
1609530000,18.4433
1609530060,18.4817
1609530120,18.5
1609530180,18.5
1609530240,18.5
1609530300,18.5
1609530360,18.5
1609530420,18.5
1609530480,18.5
1609530540,18.5
1609530600,18.5
1609530660,18.5
1609530720,18.505
1609530780,18.5317
1609530840,18.525
1609530900,18.525
1609530960,18.5467
1609531020,18.59
1609531080,18.6
1609531140,18.6
1609531200,18.6
1609531260,18.6133
1609531320,18.6233
1609531380,18.6533
1609531440,18.6833
1609531500,18.6933
1609531560,18.6967
1609531620,18.7
1609531680,18.6983
1609531740,18.7
1609531800,18.7
1609531860,18.7
1609531920,18.7033
1609531980,18.7183
1609532040,18.7517
1609532100,18.77
1609532160,18.7867
1609532220,18.7767
1609532280,18.775
1609532340,18.7933
1609532400,18.7933
1609532460,18.8
1609532520,18.7983
1609532580,18.8
1609532640,18.8
1609532700,18.8
1609532760,18.8033
1609532820,18.805
1609532880,18.8067
1609532940,18.8083
1609533000,18.8083
1609533060,18.8217
1609533120,18.8183
1609533180,18.8517
1609533240,18.8533
1609533300,18.865
1609533360,18.8767
1609533420,18.8733
1609533480,18.8933
1609533540,18.9
1609533600,18.9017
1609533660,18.9067
1609533720,18.925
1609533780,18.9683
1609533840,18.9833
1609533900,19.0
1609533960,19.0
1609534020,19.0
1609534080,19.0
1609534140,19.0
1609534200,19.0
1609534260,19.0
1609534320,19.0
1609534380,19.0
1609534440,19.0
1609534500,19.0
1609534560,19.0
1609534620,19.0
1609534680,18.9983
1609534740,18.9933
1609534800,18.9833
1609534860,18.915
1609534920,18.9033
1609534980,18.9
1609535040,18.9
1609535100,18.89
1609535160,18.8517
1609535220,18.8033
1609535280,18.8
1609535340,18.79
1609535400,18.7567
1609535460,18.725
1609535520,18.7033
1609535580,18.6917
1609535640,18.66
1609535700,18.6083
1609535760,18.6033
1609535820,18.6
1609535880,18.5983
1609535940,18.5633
1609536000,18.525
1609536060,18.5033
1609536120,18.5
1609536180,18.5
1609536240,18.5
1609536300,18.5
1609536360,18.5
1609536420,18.5
1609536480,18.4933
1609536540,18.455
1609536600,18.4167
1609536660,18.4067
1609536720,18.4
1609536780,18.4017
1609536840,18.4
1609536900,18.3983
1609536960,18.3983
1609537020,18.385
1609537080,18.3667
1609537140,18.3467
1609537200,18.3083
1609537260,18.3033
1609537320,18.3
1609537380,18.3
1609537440,18.3
1609537500,18.3
1609537560,18.2833
1609537620,18.2467
1609537680,18.2117
1609537740,18.2183
1609537800,18.2033
1609537860,18.2
1609537920,18.2
1609537980,18.2
1609538040,18.1967
1609538100,18.1917
1609538160,18.1767
1609538220,18.1567
1609538280,18.1133
1609538340,18.105
1609538400,18.1
1609538460,18.1
1609538520,18.1
1609538580,18.1
1609538640,18.1
1609538700,18.1
1609538760,18.1
1609538820,18.1
1609538880,18.1
1609538940,18.1
1609539000,18.1
1609539060,18.1
1609539120,18.1
1609539180,18.1
1609539240,18.1
1609539300,18.0983
1609539360,18.09
1609539420,18.08
1609539480,18.075
1609539540,18.0483
1609539600,18.0467
1609539660,18.0467
1609539720,18.0233
1609539780,18.0233
1609539840,18.015
1609539900,18.0167
1609539960,18.0283
1609540020,18.035
1609540080,18.0317
1609540140,18.0383
1609540200,18.0417
1609540260,18.045
1609540320,18.0633
1609540380,18.0733
1609540440,18.0617
1609540500,18.0633
1609540560,18.0417
1609540620,18.0567
1609540680,18.0333
1609540740,18.0217
1609540800,18.005
1609540860,18.005
1609540920,18.0017
1609540980,18.0017
1609541040,18.0
1609541100,18.0
1609541160,18.0
1609541220,18.0
1609541280,18.0
1609541340,18.0
1609541400,17.9883
1609541460,17.9883
1609541520,17.9867
1609541580,17.955
1609541640,17.925
1609541700,17.9117
1609541760,17.9083
1609541820,17.91
1609541880,17.91
1609541940,17.9
1609542000,17.9
1609542060,17.9
1609542120,17.9017
1609542180,17.9
1609542240,17.9
1609542300,17.9017
1609542360,17.8983
1609542420,17.9
1609542480,17.9
1609542540,17.9
1609542600,17.9
1609542660,17.9
1609542720,17.8983
1609542780,17.8917
1609542840,17.8817
1609542900,17.89
1609542960,17.8533
1609543020,17.8617
1609543080,17.8417
1609543140,17.8683
1609543200,17.8383
1609543260,17.84
1609543320,17.8617
1609543380,17.8717
1609543440,17.8783
1609543500,17.8917
1609543560,17.89
1609543620,17.8817
1609543680,17.8667
1609543740,17.835
1609543800,17.8583
1609543860,17.8533
1609543920,17.8283
1609543980,17.8283
1609544040,17.82
1609544100,17.815
1609544160,17.815
1609544220,17.8017
1609544280,17.8017
1609544340,17.8
1609544400,17.8
1609544460,17.8
1609544520,17.8033
1609544580,17.8117
1609544640,17.8617
1609544700,17.885
1609544760,17.8217
1609544820,17.805
1609544880,17.8
1609544940,17.8217
1609545000,17.8583
1609545060,17.815
1609545120,17.8
1609545180,17.8
1609545240,17.8
1609545300,17.795
1609545360,17.7933
1609545420,17.7983
1609545480,17.8
1609545540,17.8
1609545600,17.8
1609545660,17.7767
1609545720,17.775
1609545780,17.7583
1609545840,17.7767
1609545900,17.78
1609545960,17.7467
1609546020,17.705
1609546080,17.7
1609546140,17.7
1609546200,17.705
1609546260,17.7
1609546320,17.7
1609546380,17.7
1609546440,17.7233
1609546500,17.7383
1609546560,17.7367
1609546620,17.7917
1609546680,17.795
1609546740,17.8
1609546800,17.7983
1609546860,17.8
1609546920,17.7983
1609546980,17.8
1609547040,17.8
1609547100,17.795
1609547160,17.7933
1609547220,17.7483
1609547280,30.735
1609547340,30.7667
1609547400,30.8
1609547460,30.8
1609547520,30.8
1609547580,30.8
1609547640,30.8
1609547700,30.7967
1609547760,30.7783
1609547820,30.775
1609547880,30.7967
1609547940,30.77
1609548000,30.725
1609548060,30.7133
1609548120,30.7083
1609548180,30.7067
1609548240,30.7017
1609548300,30.7
1609548360,30.7
1609548420,30.7
1609548480,30.7033
1609548540,30.705
1609548600,30.7017
1609548660,30.7
1609548720,30.6933
1609548780,30.645
1609548840,30.605
1609548900,30.6083
1609548960,30.6
1609549020,30.6
1609549080,30.6
1609549140,30.6
1609549200,30.6
1609549260,30.6
1609549320,30.6
1609549380,30.6
1609549440,30.6
1609549500,30.6
1609549560,30.6
1609549620,30.6
1609549680,30.6
1609549740,30.6
1609549800,30.5967
1609549860,30.59
1609549920,30.5417
1609549980,30.55
1609550040,30.5633
1609550100,30.5683
1609550160,30.5833
1609550220,30.6
1609550280,30.6
1609550340,30.6
1609550400,30.6
1609550460,30.6
1609550520,30.6
1609550580,30.6
1609550640,30.6
1609550700,30.6
1609550760,30.6
1609550820,30.6
1609550880,30.6
1609550940,30.6
1609551000,30.6
1609551060,30.6
1609551120,30.6
1609551180,30.6
1609551240,30.6
1609551300,30.6
1609551360,30.6
1609551420,30.6
1609551480,30.6
1609551540,30.6
1609551600,30.6
1609551660,30.6
1609551720,30.6
1609551780,30.6
1609551840,30.6
1609551900,30.6
1609551960,30.6
1609552020,30.6
1609552080,30.6
1609552140,30.6
1609552200,30.6
1609552260,30.6
1609552320,30.6
1609552380,30.6
1609552440,30.6
1609552500,30.6
1609552560,30.6
1609552620,30.6
1609552680,30.6
1609552740,30.6
1609552800,30.6067
1609552860,30.6017
1609552920,30.615
1609552980,30.6533
1609553040,30.6883
1609553100,30.7
1609553160,30.7
1609553220,30.7083
1609553280,30.715
1609553340,30.7467
1609553400,30.7817
1609553460,30.7933
1609553520,30.8
1609553580,30.8
1609553640,30.8017
1609553700,30.82
1609553760,30.8717
1609553820,30.8733
1609553880,30.8683
1609553940,30.855
1609554000,30.8583
1609554060,30.895
1609554120,30.9
1609554180,30.91
1609554240,30.9767
1609554300,31.0
1609554360,31.0
1609554420,31.0
1609554480,31.005
1609554540,31.0183
1609554600,31.0183
1609554660,31.0033
1609554720,31.0183
1609554780,31.0683
1609554840,31.0967
1609554900,31.095
1609554960,31.0917
1609555020,31.095
1609555080,31.1
1609555140,31.1
1609555200,31.1
1609555260,31.1
1609555320,31.1
1609555380,31.0967
1609555440,31.0983
1609555500,31.1
1609555560,31.1
1609555620,31.1
1609555680,31.1
1609555740,31.1
1609555800,31.1
1609555860,31.1
1609555920,31.1
1609555980,31.1
1609556040,31.1
1609556100,31.1
1609556160,31.1
1609556220,31.1
1609556280,31.1
1609556340,31.1
1609556400,31.1
1609556460,31.1
1609556520,31.1
1609556580,31.1
1609556640,31.1
1609556700,31.1
1609556760,31.1
1609556820,31.1
1609556880,31.1
1609556940,31.1
1609557000,31.1
1609557060,31.1
1609557120,31.1
1609557180,31.1
1609557240,31.1
1609557300,31.1
1609557360,31.1
1609557420,31.1
1609557480,31.1
1609557540,31.1
1609557600,31.1
1609557660,31.1
1609557720,31.1
1609557780,31.1
1609557840,31.1
1609557900,31.1
1609557960,31.1
1609558020,31.1
1609558080,31.1
1609558140,31.1
1609558200,31.1
1609558260,31.1
1609558320,31.1
1609558380,31.1
1609558440,31.1
1609558500,31.1
1609558560,31.1
1609558620,31.1
1609558680,31.1
1609558740,31.1
1609558800,31.1
1609558860,31.1
1609558920,31.1
1609558980,31.1
1609559040,31.1
1609559100,31.1
1609559160,31.1
1609559220,31.1
1609559280,31.1
1609559340,31.1
1609559400,31.1
1609559460,31.1
1609559520,31.1
1609559580,31.1
1609559640,31.1
1609559700,31.1
1609559760,31.1
1609559820,31.1
1609559880,31.1
1609559940,31.1
1609560000,31.1
1609560060,31.1
1609560120,31.1
1609560180,31.1
1609560240,31.1
1609560300,31.1
1609560360,31.1
1609560420,31.1
1609560480,31.1
1609560540,31.1
1609560600,31.1
1609560660,31.1
1609560720,31.1
1609560780,31.1
1609560840,31.1
1609560900,31.1
1609560960,31.1
1609561020,31.1
1609561080,31.1017
1609561140,31.1
1609561200,31.1017
1609561260,31.1017
1609561320,31.105
1609561380,31.1183
1609561440,31.1383
1609561500,31.1583
1609561560,31.1733
1609561620,31.175
1609561680,31.18
1609561740,31.1867
1609561800,31.1983
1609561860,31.1983
1609561920,31.2
1609561980,31.2
1609562040,31.2
1609562100,31.2
1609562160,31.2
1609562220,31.2017
1609562280,31.2033
1609562340,31.2017
1609562400,31.2067
1609562460,31.215
1609562520,31.2267
1609562580,31.2333
1609562640,31.2333
1609562700,31.2433
1609562760,31.2783
1609562820,31.2867
1609562880,31.2933
1609562940,31.2867
1609563000,31.2983
1609563060,31.295
1609563120,31.3
1609563180,31.3
1609563240,31.3
1609563300,31.3
1609563360,31.3
1609563420,31.305
1609563480,31.315
1609563540,31.31
1609563600,31.31
1609563660,31.33
1609563720,31.345
1609563780,31.3617
1609563840,31.3583
1609563900,31.3817
1609563960,31.395
1609564020,31.3867
1609564080,31.395
1609564140,31.4
1609564200,31.4
1609564260,31.4
1609564320,31.4
1609564380,31.4
1609564440,31.4
1609564500,31.4
1609564560,31.4317
1609564620,31.4867
1609564680,31.4983
1609564740,31.5
1609564800,31.5
1609564860,31.5
1609564920,31.5
1609564980,31.5
1609565040,31.5
1609565100,31.5
1609565160,31.5
1609565220,31.5
1609565280,30.5
1609565340,30.5
1609565400,30.5
1609565460,30.5
1609565520,30.5017
1609565580,30.51
1609565640,30.505
1609565700,30.5117
1609565760,30.525
1609565820,30.5683
1609565880,30.6
1609565940,30.6
1609566000,30.5983
1609566060,30.6
1609566120,30.6017
1609566180,30.6017
1609566240,30.6017
1609566300,30.61
1609566360,30.6033
1609566420,30.61
1609566480,30.615
1609566540,30.61
1609566600,30.615
1609566660,30.6067
1609566720,30.6067
1609566780,30.61
1609566840,30.6267
1609566900,30.655
1609566960,30.6683
1609567020,30.6717
1609567080,30.6917
1609567140,30.6917
1609567200,30.6883
1609567260,30.6867
1609567320,30.6833
1609567380,30.695
1609567440,30.7
1609567500,30.7
1609567560,30.7
1609567620,30.705
1609567680,30.725
1609567740,30.7517
1609567800,30.75
1609567860,30.785
1609567920,30.7817
1609567980,30.8
1609568040,30.8
1609568100,30.8
1609568160,30.8
1609568220,30.805
1609568280,30.8133
1609568340,30.8383
1609568400,30.9
1609568460,30.9
1609568520,30.91
1609568580,30.93
1609568640,30.9567
1609568700,30.9867
1609568760,30.9867
1609568820,30.9967
1609568880,30.995
1609568940,31.0
1609569000,31.0
1609569060,31.0
1609569120,31.0
1609569180,31.0
1609569240,31.0
1609569300,31.0
1609569360,31.0
1609569420,31.0
1609569480,31.0067
1609569540,31.0133
1609569600,31.025
1609569660,31.055
1609569720,31.0733
1609569780,31.0733
1609569840,31.09
1609569900,31.0867
1609569960,31.0983
1609570020,31.1
1609570080,31.1
1609570140,31.1
1609570200,31.1083
1609570260,31.115
1609570320,31.1317
1609570380,31.135
1609570440,31.1233
1609570500,31.12
1609570560,31.1183
1609570620,31.125
1609570680,31.1383
1609570740,31.1567
1609570800,31.1517
1609570860,31.1567
1609570920,31.1617
1609570980,31.1867
1609571040,31.19
1609571100,31.1983
1609571160,31.19
1609571220,31.1917
1609571280,31.2
1609571340,31.1967
1609571400,31.2
1609571460,31.2
1609571520,31.2
1609571580,31.1983
1609571640,31.2
1609571700,31.2
1609571760,31.1933
1609571820,31.1967
1609571880,31.1983
1609571940,31.1983
1609572000,31.2
1609572060,31.2
1609572120,31.2
1609572180,31.1983
1609572240,31.2
1609572300,31.1983
1609572360,31.2
1609572420,31.2
1609572480,31.2
1609572540,31.2
1609572600,31.2
1609572660,31.2
1609572720,31.2
1609572780,31.2
1609572840,31.2033
1609572900,31.2
1609572960,31.2
1609573020,31.1983
1609573080,31.1967
1609573140,31.2
1609573200,31.1983
1609573260,31.1883
1609573320,31.1967
1609573380,31.185
1609573440,31.185
1609573500,31.1767
1609573560,31.165
1609573620,31.185
1609573680,31.1833
1609573740,31.1883
1609573800,31.1467
1609573860,31.115
1609573920,31.1217
1609573980,31.1067
1609574040,31.1067
1609574100,31.1067
1609574160,31.1
1609574220,31.1017
1609574280,31.1017
1609574340,31.1
1609574400,31.1
1609574460,31.1017
1609574520,31.1
1609574580,31.1
1609574640,31.1083
1609574700,31.1083
1609574760,31.1033
1609574820,31.1017
1609574880,31.1117
1609574940,31.11
1609575000,31.1217
1609575060,31.105
1609575120,31.1083
1609575180,31.1
1609575240,31.1
1609575300,31.1
1609575360,31.1017
1609575420,31.1017
1609575480,31.1
1609575540,31.1
1609575600,31.1
1609575660,31.1
1609575720,31.1
1609575780,31.1017
1609575840,31.1
1609575900,31.1
1609575960,31.1
1609576020,31.1
1609576080,31.1033
1609576140,31.1
1609576200,31.1017
1609576260,31.1
1609576320,31.1
1609576380,31.1
1609576440,31.1
1609576500,31.1
1609576560,31.1
1609576620,31.1
1609576680,31.0983
1609576740,31.0983
1609576800,31.1
1609576860,31.1
1609576920,31.095
1609576980,31.1
1609577040,31.1
1609577100,31.09
1609577160,31.0767
1609577220,31.0833
1609577280,31.095
1609577340,31.0967
1609577400,31.09
1609577460,31.095
1609577520,31.0967
1609577580,31.0933
1609577640,31.0967
1609577700,31.1
1609577760,31.0983
1609577820,31.0783
1609577880,31.095
1609577940,31.095
1609578000,31.0933
1609578060,31.085
1609578120,31.0467
1609578180,31.04
1609578240,31.0567
1609578300,31.0833
1609578360,31.0633
1609578420,31.025
1609578480,31.015
1609578540,31.0167
1609578600,31.0267
1609578660,31.0283
1609578720,31.0183
1609578780,31.01
1609578840,31.0217
1609578900,31.0517
1609578960,31.0733
1609579020,31.0767
1609579080,31.055
1609579140,31.045
1609579200,31.0317
1609579260,31.0367
1609579320,31.0167
1609579380,31.05
1609579440,31.0833
1609579500,31.075
1609579560,31.0783
1609579620,31.085
1609579680,31.06
1609579740,31.0517
1609579800,31.0183
1609579860,31.0067
1609579920,31.035
1609579980,31.0433
1609580040,31.025
1609580100,31.02
1609580160,31.0167
1609580220,31.01
1609580280,31.005
1609580340,31.01
1609580400,31.005
1609580460,31.0
1609580520,31.0
1609580580,31.0
1609580640,31.0
1609580700,31.0
1609580760,31.0
1609580820,31.0
1609580880,31.0
1609580940,31.0
1609581000,31.0
1609581060,31.0
1609581120,31.0
1609581180,31.0
1609581240,30.9983
1609581300,31.0
1609581360,30.9933
1609581420,30.985
1609581480,30.9867
1609581540,30.975
1609581600,30.93
1609581660,30.9117
1609581720,30.9017
1609581780,30.9017
1609581840,30.9017
1609581900,30.9
1609581960,30.9
1609582020,30.9
1609582080,30.8967
1609582140,30.895
1609582200,30.8933
1609582260,30.87
1609582320,30.8367
1609582380,30.8117
1609582440,30.8083
1609582500,30.8183
1609582560,30.8267
1609582620,30.8283
1609582680,30.815
1609582740,30.8117
1609582800,30.8067
1609582860,30.805
1609582920,30.8
1609582980,30.8
1609583040,30.8
1609583100,30.8
1609583160,30.8
1609583220,30.8033
1609583280,30.8
1609583340,30.8
1609583400,30.8017
1609583460,30.8017
1609583520,30.8083
1609583580,30.8033
1609583640,30.81
1609583700,30.8367
1609583760,30.8433
1609583820,30.8533
1609583880,30.87
1609583940,30.8683
1609584000,30.8783
1609584060,30.8833
1609584120,30.8867
1609584180,30.8983
1609584240,30.9
1609584300,30.9
1609584360,30.9
1609584420,30.9017
1609584480,30.905
1609584540,30.91
1609584600,30.9333
1609584660,30.965
1609584720,30.9767
1609584780,30.9933
1609584840,30.9933
1609584900,30.9983
1609584960,31.0
1609585020,31.0
1609585080,31.0
1609585140,31.0
1609585200,31.0
1609585260,31.0
1609585320,31.0
1609585380,31.0
1609585440,31.0
1609585500,31.0
1609585560,31.0
1609585620,31.0
1609585680,31.0
1609585740,31.0
1609585800,31.0
1609585860,31.0
1609585920,31.0
1609585980,31.0
1609586040,31.0033
1609586100,31.01
1609586160,31.0317
1609586220,31.0633
1609586280,31.0883
1609586340,31.0983
1609586400,31.1
1609586460,31.1017
1609586520,31.1033
1609586580,31.1
1609586640,31.11
1609586700,31.1317
1609586760,31.1633
1609586820,31.1683
1609586880,31.15
1609586940,31.1483
1609587000,31.1733
1609587060,31.1817
1609587120,31.16
1609587180,31.175
1609587240,31.145
1609587300,31.1517
1609587360,31.155
1609587420,31.1917
1609587480,31.1983
1609587540,31.1933
1609587600,31.1983
1609587660,31.1933
1609587720,31.2
1609587780,31.195
1609587840,31.2
1609587900,31.19
1609587960,31.1883
1609588020,31.185
1609588080,31.18
1609588140,31.185
1609588200,31.1933
1609588260,31.1917
1609588320,31.195
1609588380,31.2
1609588440,31.2
1609588500,31.2
1609588560,31.2
1609588620,31.205
1609588680,31.2133
1609588740,31.2033
1609588800,31.2033
1609588860,31.2283
1609588920,31.24
1609588980,31.2667
1609589040,31.2567
1609589100,31.2733
1609589160,31.27
1609589220,31.2683
1609589280,31.2617
1609589340,31.2667
1609589400,31.29
1609589460,31.2983
1609589520,31.3
1609589580,31.3
1609589640,31.3
1609589700,31.3
1609589760,31.2933
1609589820,31.3
1609589880,31.3
1609589940,31.3
1609590000,31.3
1609590060,31.2933
1609590120,31.2883
1609590180,31.2967
1609590240,31.3
1609590300,31.3
1609590360,31.3017
1609590420,31.3
1609590480,31.3067
1609590540,31.3017
1609590600,31.305
1609590660,31.3017
1609590720,31.3033
1609590780,31.3017
1609590840,31.3033
1609590900,31.3183
1609590960,31.3567
1609591020,31.3783
1609591080,31.365
1609591140,31.365
1609591200,31.3683
1609591260,31.375
1609591320,31.37
1609591380,31.375
1609591440,31.3783
1609591500,31.3383
1609591560,31.3033
1609591620,31.305
1609591680,31.325
1609591740,31.3183
1609591800,31.31
1609591860,31.3017
1609591920,31.3233
1609591980,31.33
1609592040,31.3283
1609592100,31.3083
1609592160,31.31
1609592220,31.3
1609592280,31.3
1609592340,31.3
1609592400,31.2983
1609592460,31.3
1609592520,31.29
1609592580,31.2717
1609592640,31.265
1609592700,31.235
1609592760,31.2017
1609592820,31.2067
1609592880,31.205
1609592940,31.2083
1609593000,31.2
1609593060,31.2
1609593120,31.2
1609593180,31.2
1609593240,31.2
1609593300,31.195
1609593360,31.1767
1609593420,31.175
1609593480,31.1783
1609593540,31.175
1609593600,31.1767
1609593660,31.1583
1609593720,31.1433
1609593780,31.105
1609593840,31.1
1609593900,31.1
1609593960,31.1
1609594020,31.1
1609594080,31.0867
1609594140,31.09
1609594200,31.0933
1609594260,31.0817
1609594320,31.0633
1609594380,31.055
1609594440,31.0767
1609594500,31.055
1609594560,31.0683
1609594620,31.0567
1609594680,31.0017
1609594740,31.0117
1609594800,31.005
1609594860,31.0033
1609594920,31.0
1609594980,31.0
1609595040,31.0
1609595100,31.0
1609595160,31.0
1609595220,31.0
1609595280,31.0
1609595340,31.0
1609595400,31.0017
1609595460,31.0017
1609595520,31.0017
1609595580,31.0
1609595640,31.0
1609595700,31.0
1609595760,31.0
1609595820,31.0
1609595880,31.0
1609595940,31.0
1609596000,31.0
1609596060,31.0
1609596120,31.0
1609596180,31.0
1609596240,31.0
1609596300,31.0
1609596360,31.0
1609596420,31.0
1609596480,31.0
1609596540,31.0
1609596600,31.0
1609596660,31.0
1609596720,31.0
1609596780,31.0
1609596840,30.9983
1609596900,30.9967
1609596960,31.0
1609597020,30.9983
1609597080,31.0
1609597140,31.0
1609597200,31.0
1609597260,31.0
1609597320,31.0
1609597380,31.0
1609597440,31.0
1609597500,31.0
1609597560,31.0
1609597620,31.0
1609597680,31.0
1609597740,31.0
1609597800,31.0
1609597860,31.0
1609597920,31.0
1609597980,31.0
1609598040,31.0
1609598100,31.0
1609598160,31.0
1609598220,31.0
1609598280,31.0
1609598340,31.0
1609598400,31.0
1609598460,31.0
1609598520,31.0
1609598580,31.0
1609598640,31.0
1609598700,31.0
1609598760,31.0
1609598820,31.0033
1609598880,31.0
1609598940,31.0
1609599000,31.0
1609599060,31.0
1609599120,31.0
1609599180,31.0
1609599240,31.0
1609599300,31.0
1609599360,31.0
1609599420,31.0
1609599480,31.0
1609599540,31.0
1609599600,31.0
1609599660,31.0
1609599720,31.0
1609599780,31.0
1609599840,31.0
1609599900,31.0
1609599960,31.0
1609600020,31.0
1609600080,31.0
1609600140,31.0
1609600200,31.0
1609600260,31.0
1609600320,31.0
1609600380,31.0
1609600440,31.0
1609600500,31.0
1609600560,31.0
1609600620,31.0
1609600680,31.0
1609600740,31.0
1609600800,31.0
1609600860,31.0
1609600920,31.0
1609600980,31.0
1609601040,31.0
1609601100,31.0
1609601160,31.0
1609601220,31.0
1609601280,31.0
1609601340,31.0
1609601400,31.0
1609601460,31.0
1609601520,31.0
1609601580,31.0
1609601640,31.0
1609601700,31.0
1609601760,31.0
1609601820,31.0
1609601880,31.0
1609601940,31.0
1609602000,31.0
1609602060,31.0
1609602120,31.0083
1609602180,31.02
1609602240,31.0167
1609602300,31.045
1609602360,31.0667
1609602420,31.0883
1609602480,31.0917
1609602540,31.1
1609602600,31.1
1609602660,31.1017
1609602720,31.105
1609602780,31.12
1609602840,31.1683
1609602900,31.1733
1609602960,31.1717
1609603020,18.2
1609603080,18.2
1609603140,18.2033
1609603200,18.2167
1609603260,18.23
1609603320,18.2567
1609603380,18.2683
1609603440,18.2667
1609603500,18.2867
1609603560,18.3
1609603620,18.2983
1609603680,18.3
1609603740,18.3017
1609603800,18.3033
1609603860,18.3167
1609603920,18.305
1609603980,18.3233
1609604040,18.315
1609604100,18.34
1609604160,18.3817
1609604220,18.3967
1609604280,18.4
1609604340,18.4
1609604400,18.4
1609604460,18.4
1609604520,18.4
1609604580,18.4
1609604640,18.4
1609604700,18.4
1609604760,18.4
1609604820,18.4033
1609604880,18.45
1609604940,21.455
1609605000,34.28
1609605060,39.5233
1609605120,39.49
1609605180,38.545
1609605240,38.0017
1609605300,37.7483
1609605360,37.6983
1609605420,37.5833
1609605480,37.5
1609605540,37.2317
1609605600,36.06
1609605660,35.0917
1609605720,34.19
1609605780,33.3683
1609605840,32.64
1609605900,31.988300000000002
1609605960,31.396700000000003
1609606020,30.880000000000003
1609606080,30.386699999999998
1609606140,29.955
1609606200,29.53
1609606260,29.146700000000003
1609606320,28.8033
1609606380,28.465000000000003
1609606440,28.136699999999998
1609606500,27.840000000000003
1609606560,27.5467
1609606620,27.2783
1609606680,27.0533
1609606740,26.786700000000003
1609606800,26.57
1609606860,26.331699999999998
1609606920,26.1633
1609606980,25.9617
1609607040,25.783299999999997
1609607100,25.604999999999997
1609607160,25.401699999999998
1609607220,25.2783
1609607280,25.1117
1609607340,24.941699999999997
1609607400,24.85
1609607460,24.6817
1609607520,24.534999999999997
1609607580,24.466700000000003
1609607640,24.323300000000003
1609607700,24.174999999999997
1609607760,24.0417
1609607820,23.99
1609607880,23.87
1609607940,23.7483
1609608000,23.6333
1609608060,23.5967
1609608120,23.5117
1609608180,23.4133
1609608240,23.305
1609608300,23.21
1609608360,23.2
1609608420,23.13
1609608480,23.0483
1609608540,22.9717
1609608600,22.8883
1609608660,22.8017
1609608720,22.7383
1609608780,22.7
1609608840,22.6983
1609608900,22.62
1609608960,22.58
1609609020,22.5
1609609080,22.4367
1609609140,22.3883
1609609200,22.31
1609609260,22.3
1609609320,22.3
1609609380,22.2883
1609609440,22.2017
1609609500,22.1683
1609609560,22.1033
1609609620,22.075
1609609680,22.0
1609609740,21.9817
1609609800,21.915
1609609860,21.9
1609609920,21.9
1609609980,21.9
1609610040,21.8767
1609610100,21.805
1609610160,21.8
1609610220,21.7767
1609610280,21.7067
1609610340,21.6983
1609610400,21.6567
1609610460,21.6067
1609610520,21.6
1609610580,21.595
1609610640,21.5283
1609610700,21.5
1609610760,21.5
1609610820,21.4983
1609610880,21.4633
1609610940,21.4267
1609611000,21.4
1609611060,21.4
1609611120,21.4
1609611180,21.4
1609611240,21.4
1609611300,21.4
1609611360,21.3967
1609611420,21.3967
1609611480,21.36
1609611540,21.3117
1609611600,21.3017
1609611660,21.3
1609611720,21.3
1609611780,21.2967
1609611840,21.2733
1609611900,21.2283
1609611960,21.2083
1609612020,21.2
1609612080,21.2
1609612140,21.1917
1609612200,21.1867
1609612260,21.1667
1609612320,21.1567
1609612380,21.1283
1609612440,21.1067
1609612500,21.1033
1609612560,21.1
1609612620,21.1
1609612680,21.1017
1609612740,21.1017
1609612800,21.1
1609612860,21.1
1609612920,21.0983
1609612980,21.1
1609613040,21.1
1609613100,21.0983
1609613160,21.0983
1609613220,21.1
1609613280,21.0967
1609613340,21.0983
1609613400,21.1
1609613460,21.0983
1609613520,21.1
1609613580,21.0733
1609613640,21.0417
1609613700,21.0433
1609613760,21.0733
1609613820,21.0733
1609613880,21.09
1609613940,21.0717
1609614000,21.0867
1609614060,21.1
1609614120,21.1
1609614180,21.1
1609614240,21.1
1609614300,21.1
1609614360,21.1
1609614420,21.105
1609614480,21.105
1609614540,21.105
1609614600,21.1017
1609614660,21.1067
1609614720,21.1083
1609614780,21.11
1609614840,21.1217
1609614900,21.115
1609614960,21.1317
1609615020,21.1217
1609615080,21.135
1609615140,21.1333
1609615200,21.1333
1609615260,21.1283
1609615320,21.1117
1609615380,21.1083
1609615440,21.1033
1609615500,21.115
1609615560,21.1233
1609615620,21.11
1609615680,21.125
1609615740,21.11
1609615800,21.1033
1609615860,21.1
1609615920,21.1
1609615980,21.1
1609616040,21.0983
1609616100,21.095
1609616160,21.095
1609616220,21.0817
1609616280,21.0867
1609616340,21.0867
1609616400,21.0983
1609616460,21.09
1609616520,21.065
1609616580,21.0367
1609616640,21.055
1609616700,21.0433
1609616760,21.05
1609616820,21.0233
1609616880,21.0033
1609616940,21.0
1609617000,21.0033
1609617060,21.0033
1609617120,21.005
1609617180,21.0067
1609617240,21.0
1609617300,21.0033
1609617360,21.0017
1609617420,21.0
1609617480,21.0
1609617540,21.0
1609617600,21.0
1609617660,21.0
1609617720,21.0
1609617780,21.0
1609617840,21.0
1609617900,21.0
1609617960,21.0
1609618020,21.0
1609618080,21.0
1609618140,21.0
1609618200,21.0
1609618260,21.0
1609618320,21.0
1609618380,21.0
1609618440,21.0
1609618500,21.0
1609618560,21.0
1609618620,21.0
1609618680,21.0
1609618740,21.0
1609618800,21.0
1609618860,21.0
1609618920,21.0
1609618980,21.0
1609619040,21.0
1609619100,21.0
1609619160,21.0
1609619220,21.0
1609619280,21.0
1609619340,21.0
1609619400,21.0
1609619460,20.9967
1609619520,20.9983
1609619580,20.9983
1609619640,20.9917
1609619700,20.985
1609619760,20.9983
1609619820,20.9933
1609619880,20.985
1609619940,20.9633
1609620000,20.94
1609620060,20.9433
1609620120,20.9233
1609620180,20.935
1609620240,20.92
1609620300,20.9067
1609620360,20.9
1609620420,20.9
1609620480,20.9
1609620540,20.9
1609620600,20.9
1609620660,20.9
1609620720,20.895
1609620780,20.8983
1609620840,20.895
1609620900,20.8867
1609620960,20.84
1609621020,20.825
1609621080,20.8117
1609621140,20.8083
1609621200,20.8017
1609621260,20.8
1609621320,20.8
1609621380,20.8
1609621440,20.8
1609621500,20.8
1609621560,20.7967
1609621620,20.775
1609621680,20.7567
1609621740,20.715
1609621800,20.7033
1609621860,20.7
1609621920,20.7
1609621980,20.6983
1609622040,20.6983
1609622100,20.6983
1609622160,20.6883
1609622220,20.67
1609622280,20.6483
1609622340,20.6233
1609622400,20.6117
1609622460,20.615
1609622520,20.6017
1609622580,20.6033
1609622640,20.6
1609622700,20.6
1609622760,20.6
1609622820,20.6
1609622880,20.6
1609622940,20.6
1609623000,20.6
1609623060,20.6
1609623120,20.6
1609623180,20.6
1609623240,20.6
1609623300,20.6
1609623360,20.6
1609623420,20.6
1609623480,20.6
1609623540,20.6
1609623600,20.6
1609623660,20.6
1609623720,20.6
1609623780,20.5967
1609623840,20.6
1609623900,20.595
1609623960,20.5867
1609624020,20.5833
1609624080,20.5433
1609624140,20.5417
1609624200,20.52
1609624260,20.515
1609624320,20.5067
1609624380,20.5033
1609624440,20.5
1609624500,20.5
1609624560,20.5
1609624620,20.5
1609624680,20.4983
1609624740,20.49
1609624800,20.475
1609624860,20.4667
1609624920,20.4633
1609624980,20.4583
1609625040,20.4167
1609625100,20.4183
1609625160,20.4183
1609625220,20.4167
1609625280,20.4067
1609625340,20.4067
1609625400,20.405
1609625460,20.4
1609625520,20.4
1609625580,20.3983
1609625640,20.4
1609625700,20.3967
1609625760,20.3783
1609625820,20.38
1609625880,20.3583
1609625940,20.3233
1609626000,20.31
1609626060,20.3017
1609626120,20.3017
1609626180,20.3033
1609626240,20.3033
1609626300,20.3017
1609626360,20.3
1609626420,20.3
1609626480,20.2967
1609626540,20.2883
1609626600,20.29
1609626660,20.2433
1609626720,20.205
1609626780,20.2
1609626840,20.2
1609626900,20.2
1609626960,20.2
1609627020,20.2
1609627080,20.185
1609627140,20.175
1609627200,20.1217
1609627260,20.1
1609627320,20.1
1609627380,20.1
1609627440,20.1
1609627500,20.1
1609627560,20.1
1609627620,20.1
1609627680,20.1
1609627740,20.1
1609627800,20.1
1609627860,20.1
1609627920,20.1
1609627980,20.1
1609628040,20.1
1609628100,20.1
1609628160,20.1
1609628220,20.1
1609628280,20.1
1609628340,20.1
1609628400,20.1
1609628460,20.1
1609628520,20.1
1609628580,20.1
1609628640,20.1
1609628700,20.1
1609628760,20.1
1609628820,20.1
1609628880,20.1
1609628940,20.1
1609629000,20.1
1609629060,20.1
1609629120,20.1
1609629180,20.1
1609629240,20.1
1609629300,20.1
1609629360,20.1
1609629420,20.1
1609629480,20.1
1609629540,20.1
1609629600,20.1
1609629660,20.1
1609629720,20.1
1609629780,20.1067
1609629840,20.1117
1609629900,20.1633
1609629960,20.1833
1609630020,20.195
1609630080,20.1983
1609630140,20.2
1609630200,20.2
1609630260,20.2
1609630320,20.2033
1609630380,20.2067
1609630440,20.2533
1609630500,20.2733
1609630560,20.29
1609630620,20.295
1609630680,20.2867
1609630740,20.2983
1609630800,20.3
1609630860,20.3
1609630920,20.3
1609630980,20.3017
1609631040,20.315
1609631100,20.3367
1609631160,20.36
1609631220,20.3683
1609631280,20.365
1609631340,20.3933
1609631400,20.3983
1609631460,20.4
1609631520,20.4
1609631580,20.4
1609631640,20.405
1609631700,20.4017
1609631760,20.4117
1609631820,20.42
1609631880,20.4367
1609631940,20.4433
1609632000,20.4717
1609632060,20.4767
1609632120,20.48
1609632180,20.4933
1609632240,20.5
1609632300,20.4983
1609632360,20.5
1609632420,20.5
1609632480,20.5
1609632540,20.5017
1609632600,20.5017
1609632660,20.5
1609632720,20.5117
1609632780,20.535
1609632840,20.5283
1609632900,20.5717
1609632960,20.5817
1609633020,20.585
1609633080,20.595
1609633140,20.5983
1609633200,20.6
1609633260,20.6
1609633320,20.6
1609633380,20.6
1609633440,20.6
1609633500,20.6
1609633560,20.6
1609633620,20.6
1609633680,20.6
1609633740,20.6
1609633800,20.6
1609633860,20.6017
1609633920,20.6
1609633980,20.6033
1609634040,20.6083
1609634100,20.6017
1609634160,20.615
1609634220,20.6233
1609634280,20.6133
1609634340,20.64
1609634400,20.6483
1609634460,20.6633
1609634520,20.6967
1609634580,20.695
1609634640,20.7
1609634700,20.7
1609634760,20.7
1609634820,20.7
1609634880,20.7
1609634940,20.7
1609635000,20.7
1609635060,20.7
1609635120,20.7
1609635180,20.6917
1609635240,20.68
1609635300,20.675
1609635360,20.6317
1609635420,20.6133
1609635480,20.6017
1609635540,20.6
1609635600,20.6
1609635660,20.6
1609635720,20.6
1609635780,20.6
1609635840,20.6
1609635900,20.6
1609635960,20.6
1609636020,20.6
1609636080,20.6
1609636140,20.5967
1609636200,20.595
1609636260,20.5817
1609636320,20.5533
1609636380,20.53
1609636440,20.5067
1609636500,20.5
1609636560,20.5
1609636620,20.5
1609636680,20.4983
1609636740,20.4983
1609636800,20.485
1609636860,20.4617
1609636920,20.4333
1609636980,20.4133
1609637040,20.41
1609637100,20.4
1609637160,20.4
1609637220,20.4
1609637280,20.4
1609637340,20.395
1609637400,20.395
1609637460,20.3967
1609637520,20.3933
1609637580,20.3767
1609637640,20.3717
1609637700,20.345
1609637760,20.325
1609637820,20.3117
1609637880,20.3033
1609637940,20.31
1609638000,20.3
1609638060,20.3
1609638120,20.3
1609638180,20.3
1609638240,20.3
1609638300,20.3
1609638360,20.2933
1609638420,20.2883
1609638480,20.2467
1609638540,20.2317
1609638600,20.2067
1609638660,20.2067
1609638720,20.2017
1609638780,20.2017
1609638840,20.2
1609638900,20.2
1609638960,20.1883
1609639020,20.1367
1609639080,20.13
1609639140,20.1133
1609639200,20.1033
1609639260,20.1
1609639320,20.1
1609639380,20.1
1609639440,20.1
1609639500,20.1
1609639560,20.1
1609639620,20.1
1609639680,20.1
1609639740,20.1
1609639800,20.0983
1609639860,20.0483
1609639920,20.015
1609639980,20.0
1609640040,20.0
1609640100,19.9933
1609640160,19.9717
1609640220,19.9483
1609640280,19.915
1609640340,19.9
1609640400,19.8983
1609640460,19.8717
1609640520,19.8033
1609640580,19.8
1609640640,19.8
1609640700,19.795
1609640760,19.7733
1609640820,19.7367
1609640880,19.7
1609640940,19.7
1609641000,19.7
1609641060,19.7
1609641120,19.7
1609641180,19.7
1609641240,19.7
1609641300,19.7
1609641360,19.6933
1609641420,19.65
1609641480,19.61
1609641540,19.6
1609641600,19.5983
1609641660,19.5567
1609641720,19.5117
1609641780,19.5
1609641840,19.4883
1609641900,19.48
1609641960,19.4283
1609642020,19.4017
1609642080,19.4
1609642140,19.3967
1609642200,19.3983
1609642260,19.3867
1609642320,19.3483
1609642380,19.3083
1609642440,19.3
1609642500,19.3
1609642560,19.3
1609642620,19.3
1609642680,19.3
1609642740,19.3
1609642800,19.3
1609642860,19.3
1609642920,19.3
1609642980,19.3
1609643040,19.3
1609643100,19.3
1609643160,19.3
1609643220,19.27
1609643280,19.2533
1609643340,19.215
1609643400,19.2
1609643460,19.2017
1609643520,19.2
1609643580,19.2
1609643640,19.1983
1609643700,19.2
1609643760,19.2
1609643820,19.2
1609643880,19.2
1609643940,19.1883
1609644000,19.1817
1609644060,19.1583
1609644120,19.1433
1609644180,19.14
1609644240,19.1133
1609644300,19.1017
1609644360,19.105
1609644420,19.105
1609644480,19.1283
1609644540,19.1383
1609644600,19.135
1609644660,19.1167
1609644720,19.11
1609644780,19.1
1609644840,19.1
1609644900,19.1
1609644960,19.1033
1609645020,19.105
1609645080,19.1017
1609645140,19.1083
1609645200,19.1033
1609645260,19.1017
1609645320,19.1
1609645380,19.1
1609645440,19.105
1609645500,19.1017
1609645560,19.105
1609645620,19.1083
1609645680,19.1017
1609645740,19.1
1609645800,19.1017
1609645860,19.105
1609645920,19.1
1609645980,19.1017
1609646040,19.11
1609646100,19.1067
1609646160,19.115
1609646220,19.105
1609646280,19.1017
1609646340,19.1267
1609646400,19.1317
1609646460,19.1333
1609646520,19.1533
1609646580,19.1633
1609646640,19.1583
1609646700,19.1383
1609646760,19.1633
1609646820,19.195
1609646880,19.1983
1609646940,19.1883
1609647000,19.1683
1609647060,19.1783
1609647120,19.175
1609647180,19.1933
1609647240,19.1933
1609647300,19.1917
1609647360,19.1783
1609647420,19.1783
1609647480,19.1967
1609647540,19.1967
1609647600,19.2
1609647660,19.2
1609647720,19.195
1609647780,19.1933
1609647840,19.2
1609647900,19.2
1609647960,19.2
1609648020,19.2
1609648080,19.2
1609648140,19.1983
1609648200,19.2
1609648260,19.2
1609648320,19.2
1609648380,19.2
1609648440,19.2
1609648500,19.2
1609648560,19.2
1609648620,19.2
1609648680,19.2
1609648740,19.2
1609648800,19.2
1609648860,19.2
1609648920,19.205
1609648980,19.2083
1609649040,19.2383
1609649100,19.255
1609649160,19.2667
1609649220,19.27
1609649280,19.2967
1609649340,19.2933
1609649400,19.2883
1609649460,19.2667
1609649520,19.2983
1609649580,19.2983
1609649640,19.2983
1609649700,19.3
1609649760,19.3
1609649820,19.3
1609649880,19.3
1609649940,19.3
1609650000,19.3
1609650060,19.3
1609650120,19.3
1609650180,19.3
1609650240,19.3
1609650300,19.3
1609650360,19.3
1609650420,19.3
1609650480,19.3
1609650540,19.3
1609650600,19.3
1609650660,19.3
1609650720,19.3
1609650780,19.3
1609650840,19.3
1609650900,19.3
1609650960,19.3
1609651020,19.3
1609651080,19.3
1609651140,19.3
1609651200,19.3
1609651260,19.3
1609651320,19.3
1609651380,19.3
1609651440,19.3
1609651500,19.3
1609651560,19.3
1609651620,19.3
1609651680,19.3
1609651740,19.3
1609651800,19.3
1609651860,19.3
1609651920,19.3
1609651980,19.3
1609652040,19.3
1609652100,19.3
1609652160,19.3
1609652220,19.3
1609652280,19.3
1609652340,19.3
1609652400,19.3
1609652460,19.3
1609652520,19.3
1609652580,19.3
1609652640,19.3
1609652700,19.3
1609652760,19.3
1609652820,19.3
1609652880,19.3
1609652940,19.3
1609653000,19.3
1609653060,19.3
1609653120,19.3
1609653180,19.3
1609653240,19.3
1609653300,19.3
1609653360,19.3
1609653420,19.3
1609653480,19.3
1609653540,19.3
1609653600,19.3
1609653660,19.3
1609653720,19.3
1609653780,19.3
1609653840,19.3
1609653900,19.3
1609653960,19.3
1609654020,19.3
1609654080,19.3
1609654140,19.3
1609654200,19.3
1609654260,19.3
1609654320,19.3
1609654380,19.3017
1609654440,19.31
1609654500,19.3067
1609654560,19.3083
1609654620,19.3117
1609654680,19.3183
1609654740,19.3267
1609654800,19.34
1609654860,19.355
1609654920,19.3783
1609654980,19.3817
1609655040,19.38
1609655100,19.39
1609655160,19.395
1609655220,19.4
1609655280,19.4
1609655340,19.3983
1609655400,19.3983
1609655460,19.4
1609655520,19.4
1609655580,19.4017
1609655640,19.4
1609655700,19.4
1609655760,19.4017
1609655820,19.4017
1609655880,19.4033
1609655940,19.4033
1609656000,19.42
1609656060,19.4167
1609656120,19.425
1609656180,19.4483
1609656240,19.4267
1609656300,19.4483
1609656360,19.4517
1609656420,19.4717
1609656480,19.48
1609656540,19.4867
1609656600,19.49
1609656660,19.4983
1609656720,19.4983
1609656780,19.4967
1609656840,19.4983
1609656900,19.4983
1609656960,19.4983
1609657020,19.4983
1609657080,19.5
1609657140,19.4967
1609657200,19.4983
1609657260,19.4983
1609657320,19.4983
1609657380,19.4983
1609657440,19.4983
1609657500,19.4967
1609657560,19.4967
1609657620,19.5
1609657680,19.4983
1609657740,19.4983
1609657800,19.4983
1609657860,19.4983
1609657920,19.495
1609657980,19.4883
1609658040,19.48
1609658100,19.495
1609658160,19.4933
1609658220,19.4883
1609658280,19.4883
1609658340,19.495
1609658400,19.4967
1609658460,19.4983
1609658520,19.4967
1609658580,19.4967
1609658640,19.5
1609658700,19.4933
1609658760,19.49
1609658820,19.495
1609658880,19.4967
1609658940,19.4983
1609659000,19.485
1609659060,19.49
1609659120,19.4883
1609659180,19.48
1609659240,19.485
1609659300,19.4917
1609659360,19.4767
1609659420,19.485
1609659480,19.4933
1609659540,19.4917
1609659600,19.4833
1609659660,19.48
1609659720,19.4817
1609659780,19.4617
1609659840,19.4767
1609659900,19.4833
1609659960,19.485
1609660020,19.48
1609660080,19.4883
1609660140,19.4933
1609660200,19.4867
1609660260,19.495
1609660320,19.4933
1609660380,19.4967
1609660440,19.4967
1609660500,19.4867
1609660560,19.4783
1609660620,19.4833
1609660680,19.4683
1609660740,19.4717
1609660800,19.495
1609660860,19.4917
1609660920,19.4883
1609660980,19.4883
1609661040,19.4883
1609661100,19.4867
1609661160,19.4967
1609661220,19.485
1609661280,19.48
1609661340,35.4667
1609661400,35.480000000000004
1609661460,35.4683
1609661520,35.4667
1609661580,35.4417
1609661640,35.4433
1609661700,35.445
1609661760,35.4267
1609661820,35.4133
1609661880,35.4083
1609661940,35.4233
1609662000,35.4283
1609662060,35.4233
1609662120,35.4183
1609662180,35.42
1609662240,35.4167
1609662300,35.4033
1609662360,35.405
1609662420,35.4033
1609662480,35.401700000000005
1609662540,35.4
1609662600,35.4
1609662660,35.4
1609662720,35.4
1609662780,35.401700000000005
1609662840,35.4083
1609662900,35.4083
1609662960,35.4
1609663020,35.401700000000005
1609663080,35.4
1609663140,35.4033
1609663200,35.401700000000005
1609663260,35.4033
1609663320,35.401700000000005
1609663380,35.401700000000005
1609663440,35.4
1609663500,35.4
1609663560,35.4
1609663620,35.4
1609663680,35.4
1609663740,35.4
1609663800,35.4033
1609663860,35.4
1609663920,35.4
1609663980,35.4
1609664040,35.4
1609664100,35.4
1609664160,35.4
1609664220,35.4
1609664280,35.4
1609664340,35.3983
1609664400,35.4
1609664460,35.396699999999996
1609664520,35.3917
1609664580,35.3917
1609664640,35.3983
1609664700,35.396699999999996
1609664760,35.393299999999996
1609664820,35.39
1609664880,35.385000000000005
1609664940,35.375
1609665000,35.3767
1609665060,35.3733
1609665120,35.371700000000004
1609665180,35.386700000000005
1609665240,35.3917
1609665300,35.394999999999996
1609665360,35.39
1609665420,35.39
1609665480,35.3917
1609665540,35.378299999999996
1609665600,35.363299999999995
1609665660,35.3667
1609665720,35.355000000000004
1609665780,35.368300000000005
1609665840,35.364999999999995
1609665900,35.3433
1609665960,35.3333
1609666020,35.3617
1609666080,35.34
1609666140,35.33
1609666200,35.3117
1609666260,35.315
1609666320,35.3067
1609666380,35.3
1609666440,35.3
1609666500,35.3017
1609666560,35.3
1609666620,35.3
1609666680,35.3
1609666740,35.3
1609666800,35.3
1609666860,35.3
1609666920,35.3
1609666980,35.3
1609667040,35.3
1609667100,35.3
1609667160,35.3
1609667220,35.3
1609667280,35.3
1609667340,35.3
1609667400,35.3
1609667460,35.3
1609667520,35.3
1609667580,35.3
1609667640,35.3
1609667700,35.3
1609667760,35.3
1609667820,35.3
1609667880,35.3
1609667940,35.3
1609668000,35.3
1609668060,35.3
1609668120,35.3
1609668180,35.2967
1609668240,35.2983
1609668300,35.2983
1609668360,35.2983
1609668420,35.3
1609668480,35.295
1609668540,35.286699999999996
1609668600,35.276700000000005
1609668660,35.239999999999995
1609668720,35.275
1609668780,35.260000000000005
1609668840,35.2417
1609668900,35.246700000000004
1609668960,35.25
1609669020,35.230000000000004
1609669080,35.2067
1609669140,35.205
1609669200,35.2
1609669260,35.2
1609669320,35.2
1609669380,35.2
1609669440,35.2
1609669500,35.2
1609669560,35.2
1609669620,35.2
1609669680,35.2
1609669740,35.2
1609669800,35.2
1609669860,35.2
1609669920,35.2
1609669980,35.1967
1609670040,35.1967
1609670100,35.2
1609670160,35.195
1609670220,35.165
1609670280,35.1783
1609670340,35.18
1609670400,35.1567
1609670460,35.16
1609670520,35.146699999999996
1609670580,35.1583
1609670640,35.1783
1609670700,35.1683
1609670760,35.1783
1609670820,35.16
1609670880,35.1683
1609670940,35.1533
1609671000,35.146699999999996
1609671060,35.113299999999995
1609671120,35.1083
1609671180,35.1233
1609671240,35.1267
1609671300,35.1483
1609671360,35.125
1609671420,35.1383
1609671480,35.128299999999996
1609671540,35.103300000000004
1609671600,35.1017
1609671660,35.1
1609671720,35.1
1609671780,35.1
1609671840,35.1
1609671900,35.1
1609671960,35.1
1609672020,35.1
1609672080,35.098299999999995
1609672140,35.1
1609672200,35.0933
1609672260,35.0933
1609672320,35.0933
1609672380,35.075
1609672440,35.088300000000004
1609672500,35.075
1609672560,35.0383
1609672620,35.025
1609672680,35.004999999999995
1609672740,35.011700000000005
1609672800,35.0133
1609672860,35.004999999999995
1609672920,35.004999999999995
1609672980,35.003299999999996
1609673040,35.004999999999995
1609673100,35.003299999999996
1609673160,35.003299999999996
1609673220,35.0
1609673280,35.0017
1609673340,35.003299999999996
1609673400,35.0
1609673460,35.0
1609673520,35.0
1609673580,35.0
1609673640,35.0
1609673700,34.9983
1609673760,35.0
1609673820,35.0
1609673880,35.0
1609673940,35.0
1609674000,35.0
1609674060,35.0
1609674120,35.0
1609674180,35.0017
1609674240,35.003299999999996
1609674300,35.0
1609674360,35.0017
1609674420,35.015
1609674480,35.035
1609674540,35.035
1609674600,35.0867
1609674660,35.098299999999995
1609674720,35.1
1609674780,35.1
1609674840,35.113299999999995
1609674900,35.136700000000005
1609674960,35.1567
1609675020,35.19
1609675080,35.2
1609675140,35.2
1609675200,35.2
1609675260,35.2033
1609675320,35.238299999999995
1609675380,35.276700000000005
1609675440,35.2967
1609675500,35.3
1609675560,35.3
1609675620,35.3
1609675680,35.3
1609675740,35.3
1609675800,35.3
1609675860,35.3
1609675920,35.3
1609675980,35.3
1609676040,35.3
1609676100,35.3083
1609676160,35.32
1609676220,35.34
1609676280,35.3833
1609676340,35.396699999999996
1609676400,35.4
1609676460,35.4
1609676520,35.4
1609676580,35.42
1609676640,35.45
1609676700,35.485
1609676760,35.4983
1609676820,35.5
1609676880,35.5
1609676940,35.5017
1609677000,35.5
1609677060,35.515
1609677120,35.521699999999996
1609677180,35.565
1609677240,35.59
1609677300,35.598299999999995
1609677360,35.6
1609677420,35.6
1609677480,35.6
1609677540,35.606700000000004
1609677600,35.646699999999996
1609677660,35.6883
1609677720,35.7
1609677780,35.7
1609677840,35.7
1609677900,35.7
1609677960,35.7
1609678020,35.7
1609678080,35.7
1609678140,35.7017
1609678200,35.705
1609678260,35.72
1609678320,35.7633
1609678380,35.7933
1609678440,35.8
1609678500,35.8
1609678560,35.8
1609678620,35.8017
1609678680,35.8067
1609678740,35.8233
1609678800,35.85
1609678860,35.886700000000005
1609678920,35.8983
1609678980,35.8983
1609679040,35.9
1609679100,35.901700000000005
1609679160,35.91
1609679220,35.92
1609679280,35.915
1609679340,35.9317
1609679400,35.9533
1609679460,35.9433
1609679520,35.925
1609679580,35.9267
1609679640,35.9083
1609679700,35.9033
1609679760,35.905
1609679820,35.9
1609679880,35.9
1609679940,35.9
1609680000,35.894999999999996
1609680060,35.896699999999996
1609680120,35.8617
1609680180,35.870000000000005
1609680240,35.8217
1609680300,35.8067
1609680360,35.8017
1609680420,35.8
1609680480,35.8
1609680540,35.7967
1609680600,35.760000000000005
1609680660,35.728300000000004
1609680720,35.7033
1609680780,35.7
1609680840,35.7
1609680900,35.7
1609680960,35.7
1609681020,35.7
1609681080,35.7
1609681140,35.7
1609681200,35.7
1609681260,35.6967
1609681320,35.6817
1609681380,35.6683
1609681440,35.636700000000005
1609681500,35.605000000000004
1609681560,35.6
1609681620,35.598299999999995
1609681680,35.5933
1609681740,35.545
1609681800,35.525
1609681860,35.5017
1609681920,35.5
1609681980,35.485
1609682040,35.478300000000004
1609682100,35.4283
1609682160,35.401700000000005
1609682220,35.4
1609682280,35.4
1609682340,35.39
1609682400,35.3467
1609682460,35.305
1609682520,35.3033
1609682580,35.3017
1609682640,35.3
1609682700,35.3
1609682760,35.3
1609682820,35.3
1609682880,35.3
1609682940,35.3
1609683000,35.3
1609683060,35.3
1609683120,35.3
1609683180,35.3
1609683240,35.3
1609683300,35.2933
1609683360,35.275
1609683420,35.253299999999996
1609683480,35.223299999999995
1609683540,35.2267
1609683600,35.2217
1609683660,35.2
1609683720,35.2017
1609683780,35.2
1609683840,35.2
1609683900,35.2
1609683960,35.2
1609684020,35.1983
1609684080,35.1983
1609684140,35.2
1609684200,35.1933
1609684260,35.1267
1609684320,35.131699999999995
1609684380,35.128299999999996
1609684440,35.143299999999996
1609684500,35.121700000000004
1609684560,35.1233
1609684620,35.114999999999995
1609684680,35.106700000000004
1609684740,35.1083
1609684800,35.1017
1609684860,35.1
1609684920,35.1017
1609684980,35.1
1609685040,35.1
1609685100,35.1
1609685160,35.1
1609685220,35.1
1609685280,35.1
1609685340,35.1
1609685400,35.1
1609685460,35.1
1609685520,35.1
1609685580,35.0967
1609685640,35.1
1609685700,35.0917
1609685760,35.1
1609685820,35.098299999999995
1609685880,35.088300000000004
1609685940,35.09
1609686000,35.0733
1609686060,35.07
1609686120,35.065
1609686180,35.0333
1609686240,35.05
1609686300,35.0667
1609686360,35.07
1609686420,35.0683
1609686480,35.0583
1609686540,35.0583
1609686600,35.0567
1609686660,35.0767
1609686720,35.0683
1609686780,35.0533
1609686840,35.0467
1609686900,35.0467
1609686960,35.03
1609687020,35.0233
1609687080,35.0167
1609687140,35.0167
1609687200,35.010000000000005
1609687260,35.003299999999996
1609687320,35.0083
1609687380,35.010000000000005
1609687440,35.0
1609687500,35.0
1609687560,35.0
1609687620,35.0
1609687680,35.0017
1609687740,35.0017
1609687800,35.0017
1609687860,35.0317
1609687920,36.378299999999996
1609687980,47.4233
1609688040,53.5817
1609688100,54.965
1609688160,54.8367
1609688220,54.4983
1609688280,54.3067
1609688340,54.3
1609688400,54.2717
1609688460,53.425
1609688520,52.23
1609688580,51.2517
1609688640,50.3333
1609688700,49.4783
1609688760,48.7217
1609688820,48.0317
1609688880,47.4233
1609688940,46.875
1609689000,46.3567
1609689060,45.8783
1609689120,45.425
1609689180,45.0217
1609689240,44.6583
1609689300,44.285
1609689360,43.9133
1609689420,43.5983
1609689480,43.3
1609689540,43.0417
1609689600,42.7333
1609689660,42.505
1609689720,42.235
1609689780,42.015
1609689840,41.7983
1609689900,41.605
1609689960,41.3633
1609690020,41.2283
1609690080,41.0083
1609690140,40.87
1609690200,40.7117
1609690260,40.5283
1609690320,40.4267
1609690380,40.25
1609690440,40.085
1609690500,39.995000000000005
1609690560,39.8667
1609690620,39.723299999999995
1609690680,39.605000000000004
1609690740,39.5483
1609690800,39.415
1609690860,39.2983
1609690920,39.2
1609690980,39.1717
1609691040,39.065
1609691100,38.96
1609691160,38.8583
1609691220,38.769999999999996
1609691280,38.7
1609691340,38.6983
1609691400,38.628299999999996
1609691460,38.56
1609691520,38.495000000000005
1609691580,38.43
1609691640,38.370000000000005
1609691700,38.3017
1609691760,38.3
1609691820,38.295
1609691880,38.235
1609691940,38.1883
1609692000,38.1083
1609692060,38.095
1609692120,38.018299999999996
1609692180,37.993300000000005
1609692240,37.96
1609692300,37.915
1609692360,37.9
1609692420,37.9
1609692480,37.9
1609692540,37.894999999999996
1609692600,37.855000000000004
1609692660,37.8033
1609692720,37.8
1609692780,37.7933
1609692840,37.723299999999995
1609692900,37.705
1609692960,37.6883
1609693020,37.6117
1609693080,37.6017
1609693140,37.6
1609693200,37.59
1609693260,37.5683
1609693320,37.5167
1609693380,37.503299999999996
1609693440,37.4983
1609693500,37.4983
1609693560,37.485
1609693620,37.4417
1609693680,37.4367
1609693740,37.4283
1609693800,37.4067
1609693860,37.41
1609693920,37.4133
1609693980,37.4
1609694040,37.401700000000005
1609694100,37.4
1609694160,37.4
1609694220,37.4
1609694280,37.4
1609694340,37.4
1609694400,37.4
1609694460,37.4
1609694520,37.4
1609694580,37.4
1609694640,37.3883
1609694700,37.353300000000004
1609694760,37.34
1609694820,37.368300000000005
1609694880,37.39
1609694940,37.371700000000004
1609695000,37.31
1609695060,37.3
1609695120,37.325
1609695180,37.3133
1609695240,37.3033
1609695300,37.305
1609695360,37.3
1609695420,37.3
1609695480,37.3
1609695540,37.3
1609695600,37.3
1609695660,37.3
1609695720,37.3
1609695780,37.3
1609695840,37.3
1609695900,37.3
1609695960,37.3
1609696020,37.3
1609696080,37.3
1609696140,37.3
1609696200,37.3
1609696260,37.3
1609696320,37.3
1609696380,37.2983
1609696440,37.2933
1609696500,37.2833
1609696560,37.28
1609696620,37.3
1609696680,37.29
1609696740,37.285
1609696800,37.275
1609696860,37.2883
1609696920,37.29
1609696980,37.276700000000005
1609697040,37.2483
1609697100,37.2083
1609697160,37.2033
1609697220,37.2017
1609697280,37.205
1609697340,37.2483
1609697400,37.2167
1609697460,37.2067
1609697520,37.2083
1609697580,37.230000000000004
1609697640,37.25
1609697700,37.260000000000005
1609697760,37.275
1609697820,37.2633
1609697880,37.2783
1609697940,37.29
1609698000,37.295
1609698060,37.2917
1609698120,37.2983
1609698180,37.2917
1609698240,37.295
1609698300,37.2983
1609698360,37.2933
1609698420,37.29
1609698480,37.2933
1609698540,37.29
1609698600,37.2667
1609698660,37.25
1609698720,37.25
1609698780,37.254999999999995
1609698840,37.243300000000005
1609698900,37.239999999999995
1609698960,37.260000000000005
1609699020,37.2817
1609699080,37.254999999999995
1609699140,37.2667
1609699200,37.2817
1609699260,37.265
1609699320,37.2217
1609699380,37.2167
1609699440,37.2067
1609699500,37.225
1609699560,37.2167
1609699620,37.2183
1609699680,37.253299999999996
1609699740,37.254999999999995
1609699800,37.2417
1609699860,37.2483
1609699920,37.268299999999996
1609699980,37.2667
1609700040,37.2483
1609700100,37.260000000000005
1609700160,37.2633
1609700220,37.246700000000004
1609700280,37.230000000000004
1609700340,37.2417
1609700400,37.271699999999996
1609700460,37.261700000000005
1609700520,37.245000000000005
1609700580,37.215
1609700640,37.2033
1609700700,37.2033
1609700760,37.2167
1609700820,37.2483
1609700880,37.2417
1609700940,37.228300000000004
1609701000,37.228300000000004
1609701060,37.205
1609701120,37.2
1609701180,37.2
1609701240,37.2
1609701300,37.2
1609701360,37.2
1609701420,37.2
1609701480,37.2
1609701540,37.2
1609701600,37.2
1609701660,37.1967
1609701720,37.1733
1609701780,37.146699999999996
1609701840,37.113299999999995
1609701900,37.1017
1609701960,37.1017
1609702020,37.1
1609702080,37.0917
1609702140,37.0817
1609702200,37.06
1609702260,37.010000000000005
1609702320,37.0
1609702380,37.0
1609702440,37.0
1609702500,37.0
1609702560,37.0
1609702620,37.0
1609702680,37.0
1609702740,37.0
1609702800,37.0
1609702860,37.0
1609702920,37.0
1609702980,37.0
1609703040,36.9833
1609703100,36.95
1609703160,36.9067
1609703220,36.9083
1609703280,36.9033
1609703340,36.9
1609703400,36.8983
1609703460,36.868300000000005
1609703520,36.8183
1609703580,36.805
1609703640,36.8017
1609703700,36.8
1609703760,36.8
1609703820,36.795
1609703880,36.7883
1609703940,36.75
1609704000,36.7167
1609704060,36.7017
1609704120,36.7
1609704180,36.7
1609704240,36.6967
1609704300,36.661699999999996
1609704360,36.614999999999995
1609704420,36.6017
1609704480,36.6
1609704540,36.6
1609704600,36.6
1609704660,36.6
1609704720,36.6
1609704780,36.6
1609704840,36.6
1609704900,36.6
1609704960,36.5967
1609705020,36.5433
1609705080,36.504999999999995
1609705140,36.5017
1609705200,36.5
1609705260,36.4983
1609705320,36.4983
1609705380,36.488299999999995
1609705440,36.4517
1609705500,36.455
1609705560,36.4517
1609705620,36.411699999999996
1609705680,36.401700000000005
1609705740,36.4
1609705800,36.4
1609705860,36.4
1609705920,36.394999999999996
1609705980,36.385000000000005
1609706040,36.3367
1609706100,36.3167
1609706160,36.305
1609706220,36.3033
1609706280,36.3
1609706340,36.3
1609706400,36.3
1609706460,36.2933
1609706520,36.2917
1609706580,36.28
1609706640,36.260000000000005
1609706700,36.265
1609706760,36.2583
1609706820,36.2633
1609706880,36.261700000000005
1609706940,36.223299999999995
1609707000,36.21
1609707060,36.2083
1609707120,36.2
1609707180,36.2
1609707240,36.2
1609707300,36.2
1609707360,36.2
1609707420,36.1983
1609707480,36.2
1609707540,36.195
1609707600,36.1933
1609707660,36.195
1609707720,36.185
1609707780,36.1733
1609707840,36.175
1609707900,36.1667
1609707960,36.1583
1609708020,36.136700000000005
1609708080,36.1
1609708140,36.11
1609708200,36.1017
1609708260,36.1017
1609708320,36.1017
1609708380,36.1
1609708440,36.1
1609708500,36.1
1609708560,36.1
1609708620,36.1
1609708680,36.1
1609708740,36.1
1609708800,36.1
1609708860,36.1
1609708920,36.1
1609708980,36.1
1609709040,36.1
1609709100,36.1
1609709160,36.1
1609709220,36.1
1609709280,36.1
1609709340,36.1
1609709400,36.1
1609709460,36.1
1609709520,36.1
1609709580,36.1
1609709640,36.1
1609709700,36.1
1609709760,36.1
1609709820,36.1
1609709880,36.1
1609709940,36.1
1609710000,36.1
1609710060,36.1
1609710120,36.1
1609710180,36.1
1609710240,36.1
1609710300,36.1
1609710360,36.1
1609710420,36.1
1609710480,36.1
1609710540,36.1
1609710600,36.1
1609710660,36.1
1609710720,36.1
1609710780,36.0967
1609710840,36.0917
1609710900,36.0967
1609710960,36.095
1609711020,36.0933
1609711080,36.0967
1609711140,36.098299999999995
1609711200,36.0917
1609711260,36.098299999999995
1609711320,36.085
1609711380,36.0733
1609711440,36.0583
1609711500,36.03
1609711560,36.0333
1609711620,36.0167
1609711680,36.004999999999995
1609711740,36.006699999999995
1609711800,36.006699999999995
1609711860,36.004999999999995
1609711920,36.004999999999995
1609711980,36.0
1609712040,36.0
1609712100,36.0017
1609712160,36.0
1609712220,36.0
1609712280,36.0
1609712340,36.0
1609712400,36.0
1609712460,36.0
1609712520,35.9833
1609712580,35.978300000000004
1609712640,35.9667
1609712700,35.955
1609712760,35.9583
1609712820,35.9383
1609712880,35.935
1609712940,35.9383
1609713000,35.9083
1609713060,35.91
1609713120,35.92
1609713180,35.9167
1609713240,35.905
1609713300,35.905
1609713360,35.9217
1609713420,35.905
1609713480,35.91
1609713540,35.901700000000005
1609713600,35.9
1609713660,35.9
1609713720,35.9
1609713780,35.9
1609713840,35.894999999999996
1609713900,35.886700000000005
1609713960,35.894999999999996
1609714020,35.894999999999996
1609714080,35.9
1609714140,35.8983
1609714200,35.8983
1609714260,35.9
1609714320,35.8983
1609714380,35.8983
1609714440,35.896699999999996
1609714500,35.893299999999996
1609714560,35.896699999999996
1609714620,35.885000000000005
1609714680,35.8983
1609714740,35.8833
1609714800,35.875
1609714860,35.86
1609714920,35.875
1609714980,35.8767
1609715040,35.8583
1609715100,35.868300000000005
1609715160,35.8733
1609715220,35.8583
1609715280,35.8317
1609715340,35.8067
1609715400,35.8
1609715460,35.8017
1609715520,35.8
1609715580,35.8
1609715640,35.8
1609715700,35.8017
1609715760,35.8
1609715820,35.8
1609715880,35.7967
1609715940,35.8
1609716000,35.8
1609716060,35.8
1609716120,35.8
1609716180,35.8
1609716240,35.8
1609716300,35.8
1609716360,35.8
1609716420,35.795
1609716480,35.7983
1609716540,35.7983
1609716600,35.7983
1609716660,35.7917
1609716720,35.7933
1609716780,35.8
1609716840,35.8
1609716900,35.8
1609716960,24.8
1609717020,24.8
1609717080,24.8
1609717140,24.8
1609717200,24.8
1609717260,24.8
1609717320,24.7967
1609717380,24.8
1609717440,24.8
1609717500,24.8
1609717560,24.8
1609717620,24.8
1609717680,24.8
1609717740,24.8
1609717800,24.8033
1609717860,24.8
1609717920,24.8
1609717980,24.8117
1609718040,24.8067
1609718100,24.81
1609718160,24.815
1609718220,24.805
1609718280,24.8217
1609718340,24.8333
1609718400,24.86
1609718460,24.8783
1609718520,24.8783
1609718580,24.87
1609718640,24.8783
1609718700,24.8967
1609718760,24.8983
1609718820,24.8967
1609718880,24.8933
1609718940,24.8867
1609719000,24.8667
1609719060,24.83
1609719120,24.8233
1609719180,24.8017
1609719240,24.8083
1609719300,24.815
1609719360,24.815
1609719420,24.8033
1609719480,24.8
1609719540,24.8
1609719600,24.805
1609719660,24.8017
1609719720,24.8
1609719780,24.8017
1609719840,24.8
1609719900,24.8
1609719960,24.8
1609720020,24.8
1609720080,24.8017
1609720140,24.8
1609720200,24.8
1609720260,24.8
1609720320,24.8
1609720380,24.8
1609720440,24.8
1609720500,24.8017
1609720560,24.8033
1609720620,24.8067
1609720680,24.8233
1609720740,24.8183
1609720800,24.8117
1609720860,24.8
1609720920,24.8033
1609720980,24.8033
1609721040,24.82
1609721100,24.82
1609721160,24.825
1609721220,24.8433
1609721280,24.8367
1609721340,24.83
1609721400,24.8083
1609721460,24.8033
1609721520,24.805
1609721580,24.805
1609721640,24.8117
1609721700,24.8233
1609721760,24.82
1609721820,24.8217
1609721880,24.8117
1609721940,24.8183
1609722000,24.825
1609722060,24.8217
1609722120,24.84
1609722180,24.8517
1609722240,24.8717
1609722300,24.87
1609722360,24.89
1609722420,24.8933
1609722480,24.8783
1609722540,24.885
1609722600,24.88
1609722660,24.8933
1609722720,24.9
1609722780,24.8983
1609722840,24.9
1609722900,24.9
1609722960,24.8983
1609723020,24.9
1609723080,24.9
1609723140,24.8983
1609723200,24.9
1609723260,24.9
1609723320,24.9017
1609723380,24.9
1609723440,24.91
1609723500,24.9067
1609723560,24.905
1609723620,24.9267
1609723680,24.9183
1609723740,24.9367
1609723800,24.92
1609723860,24.9367
1609723920,24.93
1609723980,24.9133
1609724040,24.9383
1609724100,24.955
1609724160,24.96
1609724220,24.98
1609724280,24.9767
1609724340,24.9867
1609724400,24.9867
1609724460,24.9867
1609724520,24.99
1609724580,24.9867
1609724640,24.9817
1609724700,24.9817
1609724760,24.9933
1609724820,24.9983
1609724880,24.9967
1609724940,25.0
1609725000,24.9983
1609725060,25.0
1609725120,25.0
1609725180,25.0033
1609725240,25.0067
1609725300,25.0017
1609725360,25.0
1609725420,25.0
1609725480,25.0
1609725540,25.0
1609725600,25.0017
1609725660,25.0
1609725720,25.0
1609725780,25.0017
1609725840,25.0
1609725900,25.005
1609725960,25.0
1609726020,25.0
1609726080,25.0
1609726140,25.0
1609726200,24.9917
1609726260,24.9883
1609726320,24.9733
1609726380,24.96
1609726440,24.9317
1609726500,24.9283
1609726560,24.91
1609726620,24.9
1609726680,24.9033
1609726740,24.9017
1609726800,24.9
1609726860,24.9
1609726920,24.895
1609726980,24.89
1609727040,24.8833
1609727100,24.875
1609727160,24.8483
1609727220,24.82
1609727280,24.8
1609727340,24.8
1609727400,24.8
1609727460,24.8
1609727520,24.7983
1609727580,24.795
1609727640,24.7767
1609727700,24.7517
1609727760,24.7233
1609727820,24.7
1609727880,24.7
1609727940,24.7
1609728000,24.7
1609728060,24.7
1609728120,24.7
1609728180,24.7
1609728240,24.7
1609728300,24.7
1609728360,24.7
1609728420,24.7
1609728480,24.7
1609728540,24.7
1609728600,24.6983
1609728660,24.6983
1609728720,24.695
1609728780,24.6983
1609728840,24.6933
1609728900,24.6883
1609728960,24.6633
1609729020,24.655
1609729080,24.6617
1609729140,24.6283
1609729200,24.6033
1609729260,24.6083
1609729320,24.6033
1609729380,24.6033
1609729440,24.6
1609729500,24.6
1609729560,24.6
1609729620,24.6
1609729680,24.6
1609729740,24.6
1609729800,24.6
1609729860,24.5983
1609729920,24.5883
1609729980,24.5883
1609730040,24.57
1609730100,24.56
1609730160,24.54
1609730220,24.57
1609730280,24.5567
1609730340,24.5167
1609730400,24.515
1609730460,24.5033
1609730520,24.5
1609730580,24.51
1609730640,24.515
1609730700,24.5033
1609730760,24.515
1609730820,24.5183
1609730880,24.54
1609730940,24.5117
1609731000,24.5017
1609731060,24.5033
1609731120,24.5017
1609731180,24.5067
1609731240,24.515
1609731300,24.515
1609731360,24.5083
1609731420,24.5067
1609731480,24.5183
1609731540,24.5233
1609731600,24.5233
1609731660,24.5083
1609731720,24.5
1609731780,24.5
1609731840,24.5
1609731900,24.4983
1609731960,24.5
1609732020,24.495
1609732080,24.4983
1609732140,24.4983
1609732200,24.5
1609732260,24.4983
1609732320,24.4917
1609732380,24.46
1609732440,24.465
1609732500,24.4367
1609732560,24.435
1609732620,24.42
1609732680,24.4367
1609732740,24.4367
1609732800,24.4183
1609732860,24.4067
1609732920,24.405
1609732980,24.4033
1609733040,24.4083
1609733100,24.41
1609733160,24.4083
1609733220,24.4033
1609733280,24.4
1609733340,24.4
1609733400,24.4
1609733460,24.3983
1609733520,24.4
1609733580,24.4
1609733640,24.3983
1609733700,24.395
1609733760,24.395
1609733820,24.3983
1609733880,24.3967
1609733940,24.3833
1609734000,24.3733
1609734060,24.385
1609734120,24.3883
1609734180,24.3567
1609734240,24.3533
1609734300,24.355
1609734360,24.3483
1609734420,24.325
1609734480,24.31
1609734540,24.325
1609734600,24.3267
1609734660,24.3283
1609734720,24.325
1609734780,24.3133
1609734840,24.3033
1609734900,24.305
1609734960,24.3067
1609735020,24.3
1609735080,24.3
1609735140,24.3083
1609735200,24.31
1609735260,24.31
1609735320,24.3133
1609735380,24.3067
1609735440,24.3017
1609735500,24.3
1609735560,24.3017
1609735620,24.3
1609735680,24.3
1609735740,24.3
1609735800,24.3
1609735860,24.3
1609735920,24.3
1609735980,24.3
1609736040,24.3
1609736100,24.3
1609736160,24.3
1609736220,24.3
1609736280,24.3
1609736340,24.3
1609736400,24.3
1609736460,24.3
1609736520,24.3
1609736580,24.3
1609736640,24.3
1609736700,24.3
1609736760,24.3
1609736820,24.3
1609736880,24.3
1609736940,24.3
1609737000,24.3
1609737060,24.3
1609737120,24.3
1609737180,24.3
1609737240,24.3
1609737300,24.3
1609737360,24.3
1609737420,24.3
1609737480,24.3
1609737540,24.3
1609737600,24.3
1609737660,24.3
1609737720,24.3
1609737780,24.3
1609737840,24.3
1609737900,24.2983
1609737960,24.3
1609738020,24.3
1609738080,24.3
1609738140,24.3
1609738200,24.3
1609738260,24.3
1609738320,24.3
1609738380,24.3
1609738440,24.3
1609738500,24.3
1609738560,24.3
1609738620,24.2983
1609738680,24.3
1609738740,24.2983
1609738800,24.2967
1609738860,24.3
1609738920,24.3
1609738980,24.2983
1609739040,24.285
1609739100,24.2817
1609739160,24.2933
1609739220,24.2967
1609739280,24.2933
1609739340,24.2983
1609739400,24.2983
1609739460,24.3
1609739520,24.3
1609739580,24.3
1609739640,24.295
1609739700,24.2967
1609739760,24.3
1609739820,24.3
1609739880,24.295
1609739940,24.2817
1609740000,24.2867
1609740060,24.2983
1609740120,24.2983
1609740180,24.3
1609740240,24.2967
1609740300,24.295
1609740360,24.3
1609740420,24.275
1609740480,24.26
1609740540,24.27
1609740600,24.2433
1609740660,24.2133
1609740720,24.2183
1609740780,24.2067
1609740840,24.205
1609740900,24.2
1609740960,24.2
1609741020,24.21
1609741080,24.235
1609741140,24.2317
1609741200,24.255
1609741260,24.265
1609741320,24.28
1609741380,24.2967
1609741440,24.2883
1609741500,24.2767
1609741560,24.2383
1609741620,24.24
1609741680,24.28
1609741740,24.285
1609741800,24.2717
1609741860,24.2833
1609741920,24.27
1609741980,24.2733
1609742040,24.2917
1609742100,24.2817
1609742160,24.2667
1609742220,24.2383
1609742280,24.2583
1609742340,24.2533
1609742400,24.245
1609742460,24.2767
1609742520,24.2783
1609742580,24.2817
1609742640,24.265
1609742700,24.2733
1609742760,24.2333
1609742820,24.2517
1609742880,24.2383
1609742940,24.2517
1609743000,24.2617
1609743060,24.2233
1609743120,24.2
1609743180,24.2
1609743240,24.2
1609743300,24.2083
1609743360,24.2017
1609743420,24.2
1609743480,24.2033
1609743540,24.2017
1609743600,24.2083
1609743660,24.2117
1609743720,24.2117
1609743780,24.2067
1609743840,24.2033
1609743900,24.2033
1609743960,24.2033
1609744020,24.2017
1609744080,24.2033
1609744140,24.2
1609744200,24.2017
1609744260,24.2
1609744320,24.2017
1609744380,24.2
1609744440,24.2
1609744500,24.2
1609744560,24.2017
1609744620,24.2
1609744680,24.2
1609744740,24.2
1609744800,24.2
1609744860,24.2
1609744920,24.2
1609744980,24.2
1609745040,24.1933
1609745100,24.1783
1609745160,24.1817
1609745220,24.1567
1609745280,24.1417
1609745340,24.1367
1609745400,24.1217
1609745460,24.1233
1609745520,24.1317
1609745580,24.12
1609745640,24.11
1609745700,24.1233
1609745760,24.1
1609745820,24.1017
1609745880,24.1
1609745940,24.1
1609746000,24.1
1609746060,24.1
1609746120,24.1
1609746180,24.1
1609746240,24.1
1609746300,24.1
1609746360,24.1
1609746420,24.1
1609746480,24.1
1609746540,24.1
1609746600,24.1
1609746660,24.0967
1609746720,24.0983
1609746780,24.0933
1609746840,24.095
1609746900,24.09
1609746960,24.0833
1609747020,24.0833
1609747080,24.0817
1609747140,24.0583
1609747200,24.0683
1609747260,24.065
1609747320,24.0567
1609747380,24.0383
1609747440,24.025
1609747500,24.02
1609747560,24.03
1609747620,24.0367
1609747680,24.0533
1609747740,24.0567
1609747800,24.0533
1609747860,24.035
1609747920,24.015
1609747980,24.0017
1609748040,24.0
1609748100,24.0
1609748160,24.0017
1609748220,24.0
1609748280,24.0
1609748340,24.0
1609748400,24.0
1609748460,24.0
1609748520,24.0
1609748580,24.0017
1609748640,24.0
1609748700,24.0
1609748760,24.0
1609748820,24.0
1609748880,24.0
1609748940,24.0
1609749000,23.9983
1609749060,23.985
1609749120,23.9917
1609749180,23.995
1609749240,23.995
1609749300,23.9883
1609749360,23.9767
1609749420,23.9683
1609749480,23.9667
1609749540,23.96
1609749600,23.945
1609749660,23.9433
1609749720,23.9517
1609749780,23.9383
1609749840,23.9217
1609749900,23.9133
1609749960,23.9067
1609750020,23.9183
1609750080,23.915
1609750140,23.9033
1609750200,23.9
1609750260,23.9033
1609750320,23.9017
1609750380,23.9
1609750440,23.9
1609750500,23.9
1609750560,23.9
1609750620,23.9
1609750680,23.8983
1609750740,23.8983
1609750800,23.9
1609750860,23.8983
1609750920,23.8967
1609750980,23.895
1609751040,23.8983
1609751100,23.9
1609751160,23.8967
1609751220,23.8933
1609751280,23.895
1609751340,23.8967
1609751400,23.8883
1609751460,23.8817
1609751520,23.8733
1609751580,23.8833
1609751640,23.8767
1609751700,23.8817
1609751760,23.8467
1609751820,23.8267
1609751880,23.835
1609751940,23.82
1609752000,23.815
1609752060,23.8117
1609752120,23.8083
1609752180,23.8
1609752240,23.8033
1609752300,23.8
1609752360,23.8017
1609752420,23.8
1609752480,23.8
1609752540,23.8
1609752600,23.8
1609752660,23.8
1609752720,23.8
1609752780,23.8
1609752840,23.8
1609752900,23.8
1609752960,23.8
1609753020,23.8
1609753080,23.8
1609753140,23.8
1609753200,23.8
1609753260,23.8
1609753320,23.8
1609753380,23.8
1609753440,23.8
1609753500,23.8
1609753560,23.8
1609753620,23.8
1609753680,23.8
1609753740,16.8
1609753800,16.8
1609753860,16.8
1609753920,16.8
1609753980,16.8
1609754040,16.8
1609754100,16.8
1609754160,16.8
1609754220,16.8
1609754280,16.8
1609754340,16.8
1609754400,16.8
1609754460,16.8
1609754520,16.8
1609754580,16.8
1609754640,16.8
1609754700,16.8
1609754760,16.8
1609754820,16.8
1609754880,16.7983
1609754940,16.8
1609755000,16.7933
1609755060,16.7983
1609755120,16.7933
1609755180,16.7833
1609755240,16.7867
1609755300,16.7483
1609755360,16.7517
1609755420,16.7367
1609755480,16.7033
1609755540,16.7033
1609755600,16.7017
1609755660,16.7017
1609755720,16.7
1609755780,16.7
1609755840,16.7
1609755900,16.7
1609755960,16.7
1609756020,16.7
1609756080,16.6967
1609756140,16.6983
1609756200,16.6967
1609756260,16.7
1609756320,16.7
1609756380,16.695
1609756440,16.69
1609756500,16.6933
1609756560,16.695
1609756620,16.6883
1609756680,16.69
1609756740,16.6583
1609756800,16.6817
1609756860,16.68
1609756920,16.6683
1609756980,16.6683
1609757040,16.65
1609757100,16.6333
1609757160,16.665
1609757220,16.6733
1609757280,16.66
1609757340,16.6483
1609757400,16.635
1609757460,16.6433
1609757520,16.6317
1609757580,16.62
1609757640,16.6117
1609757700,16.6133
1609757760,16.6033
1609757820,16.6
1609757880,16.6017
1609757940,16.6
1609758000,16.6
1609758060,16.6033
1609758120,16.6
1609758180,16.6
1609758240,16.6
1609758300,16.6
1609758360,16.6
1609758420,16.6
1609758480,16.6
1609758540,16.6
1609758600,16.6
1609758660,16.6
1609758720,16.6
1609758780,16.5933
1609758840,16.6
1609758900,16.6
1609758960,16.5933
1609759020,16.6
1609759080,16.6
1609759140,16.6
1609759200,16.5983
1609759260,16.6
1609759320,16.6
1609759380,16.6
1609759440,16.5983
1609759500,16.5983
1609759560,16.5983
1609759620,16.6
1609759680,16.5917
1609759740,16.5917
1609759800,16.6
1609759860,16.6
1609759920,16.6
1609759980,16.6
1609760040,16.6
1609760100,16.6
1609760160,16.6
1609760220,16.6067
1609760280,16.6
1609760340,16.6
1609760400,16.605
1609760460,16.6033
1609760520,16.61
1609760580,16.63
1609760640,16.6533
1609760700,16.64
1609760760,16.6733
1609760820,16.6783
1609760880,16.6817
1609760940,16.6967
1609761000,16.7
1609761060,16.6983
1609761120,16.7
1609761180,16.7
1609761240,16.7
1609761300,16.7
1609761360,16.6983
1609761420,16.7
1609761480,16.7
1609761540,16.7
1609761600,16.7
1609761660,16.7
1609761720,16.705
1609761780,16.7067
1609761840,16.7183
1609761900,16.7183
1609761960,16.76
1609762020,16.7833
1609762080,16.8
1609762140,16.795
1609762200,16.7867
1609762260,16.7967
1609762320,16.7933
1609762380,16.7983
1609762440,16.8
1609762500,16.8
1609762560,16.8
1609762620,16.8
1609762680,16.8
1609762740,16.8
1609762800,16.8
1609762860,16.8
1609762920,16.8
1609762980,16.8
1609763040,16.8
1609763100,16.8
1609763160,16.8
1609763220,16.8
1609763280,16.8
1609763340,16.8
1609763400,16.8
1609763460,16.8
1609763520,16.8
1609763580,16.8
1609763640,16.8
1609763700,16.8
1609763760,16.8
1609763820,16.8
1609763880,16.8
1609763940,16.8067
1609764000,16.815
1609764060,16.8317
1609764120,16.8683
1609764180,16.885
1609764240,16.895
1609764300,16.9
1609764360,16.9017
1609764420,16.9167
1609764480,16.965
1609764540,16.9883
1609764600,16.985
1609764660,16.9933
1609764720,16.9767
1609764780,16.99
1609764840,16.9983
1609764900,16.995
1609764960,16.9933
1609765020,16.995
1609765080,16.9967
1609765140,16.9983
1609765200,16.985
1609765260,16.9733
1609765320,16.9833
1609765380,16.9867
1609765440,16.98
1609765500,16.9633
1609765560,16.945
1609765620,16.9317
1609765680,16.9367
1609765740,16.9067
1609765800,16.9017
1609765860,16.9017
1609765920,16.9
1609765980,16.9
1609766040,16.8983
1609766100,16.8917
1609766160,16.8917
1609766220,16.8817
1609766280,16.86
1609766340,16.8517
1609766400,16.845
1609766460,16.8183
1609766520,16.8033
1609766580,16.8033
1609766640,16.8
1609766700,16.8
1609766760,16.8
1609766820,16.8
1609766880,16.8
1609766940,16.8
1609767000,16.8
1609767060,16.8
1609767120,16.8
1609767180,16.8
1609767240,16.8
1609767300,16.8
1609767360,16.8
1609767420,16.8
1609767480,16.8
1609767540,16.8
1609767600,16.8
1609767660,16.8
1609767720,16.8
1609767780,16.8
1609767840,16.8
1609767900,16.8
1609767960,16.8
1609768020,16.8
1609768080,16.7983
1609768140,16.795
1609768200,16.7967
1609768260,16.795
1609768320,16.7867
1609768380,16.7683
1609768440,16.7567
1609768500,16.7517
1609768560,16.7333
1609768620,16.725
1609768680,16.73
1609768740,16.7417
1609768800,16.7333
1609768860,16.7033
1609768920,16.705
1609768980,16.7017
1609769040,16.7033
1609769100,16.7
1609769160,16.7067
1609769220,16.7033
1609769280,16.7017
1609769340,16.7017
1609769400,16.7
1609769460,16.7
1609769520,16.7
1609769580,16.7
1609769640,16.7
1609769700,16.7017
1609769760,16.7
1609769820,16.7
1609769880,16.6983
1609769940,16.7
1609770000,16.6983
1609770060,16.7
1609770120,16.6983
1609770180,16.6983
1609770240,16.6917
1609770300,16.6817
1609770360,16.6633
1609770420,16.695
1609770480,16.68
1609770540,16.68
1609770600,16.6733
1609770660,16.6767
1609770720,16.6917
1609770780,16.69
1609770840,16.6967
1609770900,16.6933
1609770960,16.68
1609771020,16.69
1609771080,16.6883
1609771140,16.68
1609771200,16.69
1609771260,16.69
1609771320,16.6883
1609771380,16.6817
1609771440,16.6617
1609771500,16.6533
1609771560,16.6333
1609771620,16.6217
1609771680,16.6383
1609771740,16.6483
1609771800,16.645
1609771860,16.6383
1609771920,16.6217
1609771980,16.625
1609772040,16.6117
1609772100,16.6083
1609772160,16.6133
1609772220,16.61
1609772280,16.6367
1609772340,16.6233
1609772400,16.6117
1609772460,16.6117
1609772520,16.6133
1609772580,16.6083
1609772640,16.6017
1609772700,16.605
1609772760,16.6067
1609772820,16.6
1609772880,16.6
1609772940,16.6
1609773000,16.6
1609773060,16.6
1609773120,16.6083
1609773180,16.6067
1609773240,16.6
1609773300,16.6
1609773360,16.6
1609773420,16.6
1609773480,16.6
1609773540,16.6
1609773600,16.6
1609773660,16.6
1609773720,16.6
1609773780,16.6
1609773840,16.6
1609773900,16.6
1609773960,16.6
1609774020,16.6017
1609774080,16.6
1609774140,16.6
1609774200,16.6
1609774260,16.6
1609774320,16.6
1609774380,16.6
1609774440,16.6
1609774500,16.6
1609774560,16.6
1609774620,16.6
1609774680,16.5983
1609774740,16.6
1609774800,16.6
1609774860,16.6
1609774920,16.595
1609774980,16.5917
1609775040,16.58
1609775100,16.575
1609775160,16.5633
1609775220,16.5617
1609775280,16.5617
1609775340,16.5767
1609775400,16.5567
1609775460,16.5283
1609775520,16.5267
1609775580,16.5083
1609775640,16.5167
1609775700,16.5217
1609775760,16.5117
1609775820,16.5033
1609775880,16.5017
1609775940,16.4983
1609776000,16.5
1609776060,16.4967
1609776120,16.4983
1609776180,16.5
1609776240,16.5
1609776300,16.5
1609776360,16.5
1609776420,16.4967
1609776480,16.4983
1609776540,16.5
1609776600,16.5
1609776660,16.5
1609776720,16.5
1609776780,16.5
1609776840,16.5
1609776900,16.5
1609776960,16.4983
1609777020,16.4983
1609777080,16.4967
1609777140,16.4983
1609777200,16.5
1609777260,16.4983
1609777320,16.5
1609777380,16.4983
1609777440,16.4983
1609777500,16.4967
1609777560,16.4967
1609777620,16.4967
1609777680,16.5
1609777740,16.5
1609777800,16.5
1609777860,16.5
1609777920,16.5
1609777980,16.5
1609778040,16.5
1609778100,16.5017
1609778160,16.5
1609778220,16.4917
1609778280,16.4933
1609778340,16.4967
1609778400,16.4967
1609778460,16.4967
1609778520,16.4967
1609778580,16.4983
1609778640,16.495
1609778700,16.5
1609778760,16.495
1609778820,16.495
1609778880,16.4983
1609778940,16.4983
1609779000,16.495
1609779060,16.4917
1609779120,16.4917
1609779180,16.4983
1609779240,16.4917
1609779300,16.495
1609779360,16.4883
1609779420,16.48
1609779480,16.485
1609779540,16.4967
1609779600,16.49
1609779660,16.495
1609779720,16.4983
1609779780,16.4983
1609779840,16.4983
1609779900,16.4983
1609779960,16.5
1609780020,16.4983
1609780080,16.5
1609780140,16.4983
1609780200,16.5
1609780260,16.4983
1609780320,16.4983
1609780380,16.5
1609780440,16.4983
1609780500,16.4983
1609780560,16.5
1609780620,16.5
1609780680,16.5
1609780740,16.4983
1609780800,16.5
1609780860,16.5
1609780920,16.5
1609780980,16.5
1609781040,16.5
1609781100,16.5
1609781160,16.5
1609781220,16.5
1609781280,16.5
1609781340,16.5017
1609781400,16.4983
1609781460,16.5
1609781520,16.5017
1609781580,16.5
1609781640,16.5
1609781700,16.5
1609781760,16.5
1609781820,16.5
1609781880,16.5
1609781940,16.5017
1609782000,16.5
1609782060,16.4883
1609782120,16.4583
1609782180,16.4767
1609782240,16.495
1609782300,16.5
1609782360,16.5
1609782420,16.5
1609782480,16.5
1609782540,16.5
1609782600,16.4983
1609782660,16.5
1609782720,16.4983
1609782780,16.5
1609782840,16.5
1609782900,16.5
1609782960,16.4983
1609783020,16.5
1609783080,16.5
1609783140,16.5
1609783200,16.5
1609783260,16.5
1609783320,16.5
1609783380,16.5
1609783440,16.5
1609783500,16.5
1609783560,16.5
1609783620,16.5
1609783680,16.5
1609783740,16.5
1609783800,16.4983
1609783860,16.5
1609783920,16.5
1609783980,16.5
1609784040,16.5
1609784100,16.5
1609784160,16.5
1609784220,16.5
1609784280,16.5
1609784340,16.5
1609784400,16.5
1609784460,16.5017
1609784520,16.5
1609784580,16.5
1609784640,16.5
1609784700,16.5
1609784760,16.495
1609784820,20.5
1609784880,20.4983
1609784940,20.4983
1609785000,20.5
1609785060,20.5
1609785120,20.4983
1609785180,20.5
1609785240,20.4933
1609785300,20.49
1609785360,20.4933
1609785420,20.49
1609785480,20.4883
1609785540,20.5
1609785600,20.5
1609785660,20.4983
1609785720,20.4933
1609785780,20.4867
1609785840,20.4967
1609785900,20.4983
1609785960,20.5
1609786020,20.4967
1609786080,20.4817
1609786140,20.4833
1609786200,20.4917
1609786260,20.4867
1609786320,20.4983
1609786380,20.5
1609786440,20.4933
1609786500,20.49
1609786560,20.485
1609786620,20.49
1609786680,20.5
1609786740,20.5
1609786800,20.4983
1609786860,20.495
1609786920,20.4983
1609786980,20.4983
1609787040,20.5
1609787100,20.5
1609787160,20.5
1609787220,20.495
1609787280,20.4933
1609787340,20.495
1609787400,20.5
1609787460,20.5
1609787520,20.4983
1609787580,20.495
1609787640,20.5
1609787700,20.495
1609787760,20.4933
1609787820,20.5
1609787880,20.5
1609787940,20.5
1609788000,20.4983
1609788060,20.4967
1609788120,20.4983
1609788180,20.4983
1609788240,20.495
1609788300,20.4983
1609788360,20.4983
1609788420,20.5
1609788480,20.4967
1609788540,20.4983
1609788600,20.495
1609788660,20.4883
1609788720,20.4867
1609788780,20.4967
1609788840,20.5
1609788900,20.4967
1609788960,20.4933
1609789020,20.47
1609789080,20.4483
1609789140,20.475
1609789200,20.4817
1609789260,20.4833
1609789320,20.4917
1609789380,20.47
1609789440,20.4367
1609789500,20.4317
1609789560,20.415
1609789620,20.4067
1609789680,20.4083
1609789740,20.4
1609789800,20.4
1609789860,20.4
1609789920,20.4
1609789980,20.4
1609790040,20.4
1609790100,20.4
1609790160,20.4
1609790220,20.4
1609790280,20.4
1609790340,20.4
1609790400,20.4
1609790460,20.4
1609790520,20.4
1609790580,20.4
1609790640,20.4
1609790700,20.4
1609790760,20.4
1609790820,20.4
1609790880,20.4
1609790940,20.4
1609791000,20.4
1609791060,20.4
1609791120,20.4
1609791180,20.4
1609791240,20.4
1609791300,20.4
1609791360,20.4
1609791420,20.4
1609791480,20.4
1609791540,20.4
1609791600,20.4
1609791660,20.4
1609791720,20.4
1609791780,20.4
1609791840,20.4
1609791900,20.4
1609791960,20.4
1609792020,20.4
1609792080,20.4
1609792140,20.4
1609792200,20.4
1609792260,20.4
1609792320,20.4
1609792380,20.4
1609792440,20.4
1609792500,20.4
1609792560,20.4
1609792620,20.4
1609792680,20.4
1609792740,20.3883
1609792800,20.3817
1609792860,20.3617
1609792920,20.36
1609792980,20.3767
1609793040,20.375
1609793100,20.3883
1609793160,20.3717
1609793220,20.3533
1609793280,20.3633
1609793340,20.385
1609793400,20.395
1609793460,20.3917
1609793520,20.36
1609793580,20.385
1609793640,20.37
1609793700,20.325
1609793760,20.3183
1609793820,20.335
1609793880,20.325
1609793940,20.3017
1609794000,20.3
1609794060,20.3067
1609794120,20.3117
1609794180,20.3117
1609794240,20.3117
1609794300,20.3333
1609794360,20.3217
1609794420,20.3283
1609794480,20.315
1609794540,20.3167
1609794600,20.315
1609794660,20.3133
1609794720,20.3017
1609794780,20.3
1609794840,20.3
1609794900,20.3017
1609794960,20.3017
1609795020,20.315
1609795080,20.3117
1609795140,20.3117
1609795200,20.3033
1609795260,20.3
1609795320,20.3
1609795380,20.3
1609795440,20.3033
1609795500,20.3017
1609795560,20.3
1609795620,20.2983
1609795680,20.3
1609795740,20.3
1609795800,20.3
1609795860,20.3
1609795920,20.3
1609795980,20.3
1609796040,20.3
1609796100,20.3
1609796160,20.3
1609796220,20.3
1609796280,20.3017
1609796340,20.3033
1609796400,20.3017
1609796460,20.3
1609796520,20.3
1609796580,20.3
1609796640,20.3
1609796700,20.3
1609796760,20.3
1609796820,20.2967
1609796880,20.2867
1609796940,20.2817
1609797000,20.2967
1609797060,20.295
1609797120,20.295
1609797180,20.2817
1609797240,20.2983
1609797300,20.2983
1609797360,20.2983
1609797420,20.2983
1609797480,20.3
1609797540,20.28
1609797600,20.2583
1609797660,20.29
1609797720,20.285
1609797780,20.2633
1609797840,20.2483
1609797900,20.2783
1609797960,20.2833
1609798020,20.28
1609798080,20.2667
1609798140,20.2717
1609798200,20.2867
1609798260,20.2917
1609798320,20.28
1609798380,20.2817
1609798440,20.28
1609798500,20.2917
1609798560,20.3
1609798620,20.2783
1609798680,20.29
1609798740,20.2667
1609798800,20.2517
1609798860,20.265
1609798920,20.2417
1609798980,20.22
1609799040,20.2367
1609799100,20.2217
1609799160,20.2333
1609799220,20.24
1609799280,20.2267
1609799340,20.2517
1609799400,20.2183
1609799460,20.225
1609799520,20.2067
1609799580,20.2017
1609799640,20.2
1609799700,20.2033
1609799760,20.2
1609799820,20.2
1609799880,20.2
1609799940,20.2
1609800000,20.1983
1609800060,20.1967
1609800120,20.2
1609800180,20.1967
1609800240,20.1917
1609800300,20.1717
1609800360,20.1683
1609800420,20.17
1609800480,20.1633
1609800540,20.1567
1609800600,20.1783
1609800660,20.1767
1609800720,20.145
1609800780,20.155
1609800840,20.1717
1609800900,20.1567
1609800960,20.165
1609801020,20.1517
1609801080,20.1717
1609801140,20.1767
1609801200,20.165
1609801260,20.1533
1609801320,20.1483
1609801380,20.1217
1609801440,20.1433
1609801500,20.1617
1609801560,20.1667
1609801620,20.1483
1609801680,20.1517
1609801740,20.13
1609801800,20.13
1609801860,20.1517
1609801920,20.1483
1609801980,20.145
1609802040,20.1667
1609802100,20.1683
1609802160,20.19
1609802220,20.185
1609802280,20.1733
1609802340,20.165
1609802400,20.1483
1609802460,20.1333
1609802520,20.1433
1609802580,20.1417
1609802640,20.1417
1609802700,20.1517
1609802760,20.13
1609802820,20.12
1609802880,20.1033
1609802940,20.1017
1609803000,20.1333
1609803060,20.1033
1609803120,20.1067
1609803180,20.1
1609803240,20.1
1609803300,20.1
1609803360,20.1
1609803420,20.1
1609803480,20.1
1609803540,20.1017
1609803600,20.1
1609803660,20.1
1609803720,20.1
1609803780,20.0983
1609803840,20.1
1609803900,20.1
1609803960,20.1
1609804020,20.0983
1609804080,20.0933
1609804140,20.1
1609804200,20.0983
1609804260,20.1
1609804320,20.0983
1609804380,20.1
1609804440,20.0983
1609804500,20.1
1609804560,20.1
1609804620,20.0983
1609804680,20.1
1609804740,20.1
1609804800,20.1
1609804860,20.1
1609804920,20.0983
1609804980,20.0983
1609805040,20.1
1609805100,20.1
1609805160,20.0983
1609805220,20.1
1609805280,20.1
1609805340,20.1
1609805400,20.1
1609805460,20.105
1609805520,20.1
1609805580,20.105
1609805640,20.1
1609805700,20.1
1609805760,20.1
1609805820,20.1
1609805880,20.0867
1609805940,20.065
1609806000,20.0833
1609806060,20.0883
1609806120,20.0817
1609806180,20.0867
1609806240,20.075
1609806300,20.0283
1609806360,20.0117
1609806420,20.0233
1609806480,20.0467
1609806540,20.0683
1609806600,20.0667
1609806660,20.065
1609806720,20.0867
1609806780,20.07
1609806840,20.03
1609806900,20.0167
1609806960,20.045
1609807020,20.0533
1609807080,20.035
1609807140,20.0233
1609807200,20.0283
1609807260,20.025
1609807320,20.005
1609807380,20.0033
1609807440,20.005
1609807500,20.005
1609807560,20.0067
1609807620,20.0067
1609807680,20.0083
1609807740,20.0033
1609807800,20.0
1609807860,20.0017
1609807920,20.0017
1609807980,20.0
1609808040,20.0
1609808100,20.0
1609808160,20.0
1609808220,20.0
1609808280,20.0
1609808340,20.0
1609808400,20.0
1609808460,20.0
1609808520,20.0
1609808580,20.0
1609808640,20.0
1609808700,20.0
1609808760,20.0
1609808820,20.0
1609808880,20.0
1609808940,20.0
1609809000,20.0
1609809060,20.0
1609809120,20.0
1609809180,20.0
1609809240,20.0
1609809300,20.0
1609809360,20.0
1609809420,20.0
1609809480,20.0
1609809540,20.0
1609809600,20.0
1609809660,20.0
1609809720,20.0
1609809780,20.0
1609809840,20.0
1609809900,20.0
1609809960,20.0
1609810020,20.0
1609810080,20.0
1609810140,20.0
1609810200,20.0
1609810260,20.0
1609810320,20.0
1609810380,20.0
1609810440,20.0
1609810500,20.0
1609810560,20.0
1609810620,20.0
1609810680,20.0
1609810740,20.0
1609810800,20.0
1609810860,20.0
1609810920,20.0
1609810980,20.0
1609811040,20.0
1609811100,20.0
1609811160,20.0
1609811220,20.0
1609811280,20.0
1609811340,20.0
1609811400,20.0
1609811460,20.0
1609811520,20.0
1609811580,19.9983
1609811640,19.9983
1609811700,19.9983
1609811760,20.0
1609811820,20.0
1609811880,20.0
1609811940,19.9917
1609812000,19.98
1609812060,19.995
1609812120,19.9967
1609812180,19.9883
1609812240,19.92
1609812300,19.93
1609812360,19.9133
1609812420,19.925
1609812480,19.9533
1609812540,19.96
1609812600,19.97
1609812660,19.97
1609812720,19.925
1609812780,19.925
1609812840,19.9633
1609812900,19.9567
1609812960,19.9683
1609813020,19.9683
1609813080,19.9767
1609813140,19.99
1609813200,19.9783
1609813260,19.945
1609813320,19.9233
1609813380,19.9533
1609813440,19.9933
1609813500,19.9933
1609813560,19.9717
1609813620,19.9633
1609813680,19.95
1609813740,19.9283
1609813800,19.92
1609813860,19.92
1609813920,19.9233
1609813980,19.9017
1609814040,19.9033
1609814100,19.8983
1609814160,19.9
1609814220,19.9
1609814280,19.8917
1609814340,19.8967
1609814400,19.8767
1609814460,19.8883
1609814520,19.8767
1609814580,19.8067
1609814640,19.8
1609814700,19.8
1609814760,19.8033
1609814820,19.8283
1609814880,19.8183
1609814940,19.8317
1609815000,19.815
1609815060,19.8283
1609815120,19.8067
1609815180,19.82
1609815240,19.8017
1609815300,19.8
1609815360,19.8
1609815420,19.8
1609815480,19.8017
1609815540,19.8033
1609815600,19.8033
1609815660,19.83
1609815720,19.835
1609815780,19.8317
1609815840,19.8433
1609815900,19.8633
1609815960,19.8633
1609816020,19.8433
1609816080,19.81
1609816140,19.8
1609816200,19.8
1609816260,19.7983
1609816320,19.8
1609816380,19.8
1609816440,25.8033
1609816500,25.8
1609816560,25.8
1609816620,25.8
1609816680,25.8
1609816740,25.8
1609816800,25.7967
1609816860,25.7983
1609816920,25.7983
1609816980,25.77
1609817040,25.7883
1609817100,25.765
1609817160,25.7567
1609817220,25.7933
1609817280,25.795
1609817340,25.7917
1609817400,25.7867
1609817460,25.8
1609817520,25.7983
1609817580,25.7867
1609817640,25.79
1609817700,25.79
1609817760,25.75
1609817820,25.7383
1609817880,25.755
1609817940,25.7333
1609818000,25.715
1609818060,25.72
1609818120,25.7267
1609818180,25.705
1609818240,25.7083
1609818300,25.71
1609818360,25.7517
1609818420,25.725
1609818480,25.7033
1609818540,25.7
1609818600,25.7017
1609818660,25.7033
1609818720,25.7283
1609818780,25.7217
1609818840,25.7083
1609818900,25.7
1609818960,25.7
1609819020,25.7
1609819080,25.7
1609819140,25.7
1609819200,25.7
1609819260,25.7
1609819320,25.7
1609819380,25.695
1609819440,25.6917
1609819500,25.6817
1609819560,25.6433
1609819620,25.625
1609819680,25.6467
1609819740,25.6783
1609819800,25.6717
1609819860,25.66
1609819920,25.69
1609819980,25.695
1609820040,25.6933
1609820100,25.6983
1609820160,25.6933
1609820220,25.6783
1609820280,25.66
1609820340,25.655
1609820400,25.6483
1609820460,25.685
1609820520,25.655
1609820580,25.6817
1609820640,25.6533
1609820700,25.6217
1609820760,25.615
1609820820,25.605
1609820880,25.6167
1609820940,25.6267
1609821000,25.605
1609821060,25.6067
1609821120,25.605
1609821180,25.615
1609821240,25.605
1609821300,25.6083
1609821360,25.6017
1609821420,25.6033
1609821480,25.6017
1609821540,25.6
1609821600,25.6083
1609821660,25.6067
1609821720,25.605
1609821780,25.6067
1609821840,25.6167
1609821900,25.625
1609821960,25.6167
1609822020,25.6033
1609822080,25.6067
1609822140,25.6
1609822200,25.6
1609822260,25.6
1609822320,25.6
1609822380,25.5983
1609822440,25.59
1609822500,25.59
1609822560,25.5917
1609822620,25.6
1609822680,25.6
1609822740,25.6
1609822800,25.6
1609822860,25.6
1609822920,25.6
1609822980,25.6
1609823040,25.6
1609823100,25.6
1609823160,25.59
1609823220,25.595
1609823280,25.595
1609823340,25.595
1609823400,25.5767
1609823460,25.56
1609823520,25.51
1609823580,25.5017
1609823640,25.5133
1609823700,25.5233
1609823760,25.5167
1609823820,25.5233
1609823880,25.5267
1609823940,25.52
1609824000,25.5717
1609824060,25.5683
1609824120,25.525
1609824180,25.5567
1609824240,25.5533
1609824300,25.545
1609824360,25.5517
1609824420,25.5617
1609824480,25.5883
1609824540,25.5967
1609824600,25.57
1609824660,25.5633
1609824720,25.5767
1609824780,25.565
1609824840,25.5817
1609824900,25.5883
1609824960,25.5867
1609825020,25.5683
1609825080,25.5817
1609825140,25.5383
1609825200,25.5467
1609825260,25.5517
1609825320,25.5633
1609825380,25.56
1609825440,25.58
1609825500,25.5483
1609825560,25.5317
1609825620,25.5433
1609825680,25.5067
1609825740,25.505
1609825800,25.5217
1609825860,25.5083
1609825920,25.5317
1609825980,25.5033
1609826040,25.51
1609826100,25.52
1609826160,25.535
1609826220,25.5283
1609826280,25.5217
1609826340,25.5767
1609826400,25.525
1609826460,25.5117
1609826520,25.5317
1609826580,25.5633
1609826640,25.565
1609826700,25.5617
1609826760,25.58
1609826820,25.5383
1609826880,25.52
1609826940,25.525
1609827000,25.5267
1609827060,25.5317
1609827120,25.53
1609827180,25.5083
1609827240,25.525
1609827300,25.5233
1609827360,25.5133
1609827420,25.5017
1609827480,25.5
1609827540,25.5
1609827600,25.5
1609827660,25.5
1609827720,25.5
1609827780,25.5
1609827840,25.5
1609827900,25.5
1609827960,25.5
1609828020,25.5033
1609828080,25.5017
1609828140,25.5017
1609828200,25.5067
1609828260,25.505
1609828320,25.5017
1609828380,25.5
1609828440,25.5
1609828500,25.5
1609828560,25.5
1609828620,25.5
1609828680,25.5
1609828740,25.5
1609828800,25.5
1609828860,25.5
1609828920,25.5
1609828980,25.5
1609829040,25.5033
1609829100,25.5
1609829160,25.5
1609829220,25.5
1609829280,25.5
1609829340,25.5
1609829400,25.5
1609829460,25.5
1609829520,25.5
1609829580,25.5
1609829640,25.5
1609829700,25.5
1609829760,25.5
1609829820,25.5
1609829880,25.5
1609829940,25.5
1609830000,25.5
1609830060,25.5
1609830120,25.5
1609830180,25.5
1609830240,25.5
1609830300,25.5
1609830360,25.5
1609830420,25.5
1609830480,25.5
1609830540,25.5
1609830600,25.5
1609830660,25.5
1609830720,25.5
1609830780,25.5
1609830840,25.5
1609830900,25.5
1609830960,25.5
1609831020,25.5
1609831080,25.5
1609831140,25.5
1609831200,25.5
1609831260,25.5
1609831320,25.5
1609831380,25.5
1609831440,25.5
1609831500,25.5
1609831560,25.5
1609831620,25.5
1609831680,25.5
1609831740,25.5
1609831800,25.5
1609831860,25.5
1609831920,25.5
1609831980,25.5
1609832040,25.5
1609832100,25.5
1609832160,25.5
1609832220,25.5
1609832280,25.5
1609832340,25.5
1609832400,25.5
1609832460,25.5
1609832520,25.5
1609832580,25.5
1609832640,25.5
1609832700,25.5
1609832760,25.5
1609832820,25.5
1609832880,25.5
1609832940,25.5
1609833000,25.5
1609833060,25.5
1609833120,25.5
1609833180,25.4867
1609833240,25.4533
1609833300,25.4417
1609833360,25.4567
1609833420,25.4533
1609833480,25.4783
1609833540,25.495
1609833600,25.4983
1609833660,25.5
1609833720,25.4983
1609833780,25.4933
1609833840,25.49
1609833900,25.4717
1609833960,25.4117
1609834020,25.4033
1609834080,25.405
1609834140,25.4017
1609834200,25.4
1609834260,25.4017
1609834320,25.4033
1609834380,25.4017
1609834440,25.4
1609834500,25.4
1609834560,25.4
1609834620,25.4
1609834680,25.4
1609834740,25.4
1609834800,25.4
1609834860,25.4
1609834920,25.4
1609834980,25.4
1609835040,25.4
1609835100,25.4
1609835160,25.4
1609835220,25.4017
1609835280,25.4
1609835340,25.4
1609835400,25.3983
1609835460,25.3967
1609835520,25.3967
1609835580,25.3917
1609835640,25.3883
1609835700,25.4
1609835760,25.39
1609835820,25.3817
1609835880,25.385
1609835940,25.3933
1609836000,25.4
1609836060,25.4
1609836120,25.3983
1609836180,25.3917
1609836240,25.3817
1609836300,25.365
1609836360,25.3733
1609836420,25.32
1609836480,25.315
1609836540,25.3367
1609836600,25.3333
1609836660,25.3133
1609836720,25.3
1609836780,25.3
1609836840,25.3
1609836900,25.3
1609836960,25.3
1609837020,25.3
1609837080,25.3
1609837140,25.3
1609837200,25.2933
1609837260,25.275
1609837320,25.2933
1609837380,25.2783
1609837440,25.29
1609837500,25.29
1609837560,25.2483
1609837620,25.2033
1609837680,25.2017
1609837740,25.2333
1609837800,25.2667
1609837860,25.275
1609837920,25.2767
1609837980,25.2517
1609838040,25.2567
1609838100,25.27
1609838160,25.2167
1609838220,25.205
1609838280,25.2033
1609838340,25.2317
1609838400,25.2433
1609838460,25.2333
1609838520,25.24
1609838580,25.23
1609838640,25.215
1609838700,25.2
1609838760,25.2
1609838820,25.21
1609838880,25.21
1609838940,25.21
1609839000,25.2083
1609839060,25.2017
1609839120,25.1967
1609839180,25.1983
1609839240,25.2
1609839300,25.2
1609839360,25.1983
1609839420,25.1883
1609839480,25.1733
1609839540,25.1733
1609839600,25.1733
1609839660,25.1483
1609839720,25.11
1609839780,25.1217
1609839840,25.14
1609839900,25.1117
1609839960,25.1083
1609840020,25.1017
1609840080,25.1033
1609840140,25.1033
1609840200,25.1
1609840260,25.1
1609840320,25.1
1609840380,25.1
1609840440,25.1
1609840500,25.1
1609840560,25.1
1609840620,25.1
1609840680,25.1
1609840740,25.1
1609840800,25.1
1609840860,25.1
1609840920,25.1
1609840980,25.1
1609841040,25.1
1609841100,25.1
1609841160,25.1
1609841220,25.1
1609841280,25.1
1609841340,25.1
1609841400,25.1
1609841460,25.1
1609841520,25.1
1609841580,25.1
1609841640,25.1
1609841700,25.1
1609841760,25.1
1609841820,25.0967
1609841880,25.075
1609841940,25.0917
1609842000,25.1
1609842060,25.0983
1609842120,25.095
1609842180,25.0617
1609842240,25.0383
1609842300,25.0283
1609842360,25.0167
1609842420,25.0267
1609842480,25.0167
1609842540,25.02
1609842600,25.0167
1609842660,25.075
1609842720,25.07
1609842780,25.0867
1609842840,25.0817
1609842900,25.0583
1609842960,25.0133
1609843020,25.0
1609843080,25.0
1609843140,25.0
1609843200,24.9883
1609843260,24.945
1609843320,24.97
1609843380,24.99
1609843440,24.9867
1609843500,24.9733
1609843560,24.97
1609843620,24.9667
1609843680,24.9667
1609843740,24.94
1609843800,24.9283
1609843860,24.935
1609843920,24.94
1609843980,24.93
1609844040,24.9133
1609844100,24.9
1609844160,24.9
1609844220,24.9017
1609844280,24.9
1609844340,24.9183
1609844400,24.9067
1609844460,24.9033
1609844520,24.9
1609844580,24.9
1609844640,24.9
1609844700,24.9
1609844760,24.9
1609844820,24.9
1609844880,24.9
1609844940,24.9
1609845000,33.9
1609845060,33.9
1609845120,33.896699999999996
1609845180,33.9
1609845240,33.9033
1609845300,33.91
1609845360,33.901700000000005
1609845420,33.9
1609845480,33.9
1609845540,33.9
1609845600,33.9
1609845660,33.9
1609845720,33.9
1609845780,33.9
1609845840,33.9
1609845900,33.9
1609845960,33.8983
1609846020,33.9
1609846080,33.9
1609846140,33.901700000000005
1609846200,33.9
1609846260,33.9
1609846320,33.9
1609846380,33.9
1609846440,33.9
1609846500,33.9
1609846560,33.9
1609846620,33.8983
1609846680,33.8467
1609846740,33.815
1609846800,33.8433
1609846860,33.8117
1609846920,33.825
1609846980,33.8367
1609847040,33.8083
1609847100,33.805
1609847160,33.8
1609847220,33.8033
1609847280,33.8033
1609847340,33.8133
1609847400,33.8117
1609847460,33.8
1609847520,33.8
1609847580,33.8
1609847640,33.8133
1609847700,33.8233
1609847760,33.8433
1609847820,33.8433
1609847880,33.8617
1609847940,33.8417
1609848000,33.8283
1609848060,33.8067
1609848120,33.8
1609848180,33.8033
1609848240,33.8033
1609848300,33.8167
1609848360,33.8167
1609848420,33.805
1609848480,33.8133
1609848540,33.85
1609848600,33.8583
1609848660,33.848299999999995
1609848720,33.8133
1609848780,33.8033
1609848840,33.8
1609848900,33.8
1609848960,33.8017
1609849020,33.8067
1609849080,33.8067
1609849140,33.82
1609849200,33.8433
1609849260,33.8117
1609849320,33.8
1609849380,33.82
1609849440,33.8233
1609849500,33.864999999999995
1609849560,33.8667
1609849620,33.885000000000005
1609849680,33.856700000000004
1609849740,33.8167
1609849800,33.856700000000004
1609849860,33.8217
1609849920,33.8117
1609849980,33.8117
1609850040,33.8033
1609850100,33.8
1609850160,33.8
1609850220,33.7783
1609850280,33.745000000000005
1609850340,33.7583
1609850400,33.7217
1609850460,33.71
1609850520,33.760000000000005
1609850580,33.7883
1609850640,33.8
1609850700,33.7833
1609850760,33.7983
1609850820,33.8
1609850880,33.8
1609850940,33.8
1609851000,33.7983
1609851060,33.795
1609851120,33.8
1609851180,33.8
1609851240,33.7983
1609851300,33.7983
1609851360,33.8
1609851420,33.8
1609851480,33.7933
1609851540,33.771699999999996
1609851600,33.7633
1609851660,33.7917
1609851720,33.8
1609851780,33.7983
1609851840,33.8
1609851900,33.7967
1609851960,33.7417
1609852020,33.7083
1609852080,33.6933
1609852140,33.661699999999996
1609852200,33.6833
1609852260,33.6933
1609852320,33.695
1609852380,33.68
1609852440,33.6633
1609852500,33.6833
1609852560,33.6883
1609852620,33.621700000000004
1609852680,33.618300000000005
1609852740,33.665
1609852800,33.6767
1609852860,33.6683
1609852920,33.6917
1609852980,33.7
1609853040,33.6967
1609853100,33.6867
1609853160,33.69
1609853220,33.643299999999996
1609853280,33.636700000000005
1609853340,33.6383
1609853400,33.6167
1609853460,33.6117
1609853520,33.614999999999995
1609853580,33.655
1609853640,33.6867
1609853700,33.6883
1609853760,33.6533
1609853820,33.635000000000005
1609853880,33.614999999999995
1609853940,33.6
1609854000,33.6
1609854060,33.6
1609854120,33.613299999999995
1609854180,33.620000000000005
1609854240,33.6083
1609854300,33.6
1609854360,33.6
1609854420,33.6
1609854480,33.6
1609854540,33.6
1609854600,33.6
1609854660,33.6
1609854720,33.6
1609854780,33.6
1609854840,33.6
1609854900,33.6
1609854960,33.6
1609855020,33.6
1609855080,33.6
1609855140,33.6
1609855200,33.6
1609855260,33.6
1609855320,33.6
1609855380,33.6
1609855440,33.6
1609855500,33.6
1609855560,33.6
1609855620,33.6
1609855680,33.6
1609855740,33.6
1609855800,33.6
1609855860,33.6
1609855920,33.6
1609855980,33.6
1609856040,33.6
1609856100,33.6
1609856160,33.6
1609856220,33.5933
1609856280,33.565
1609856340,33.5583
1609856400,33.6
1609856460,33.58
1609856520,33.5483
1609856580,33.5733
1609856640,33.5817
1609856700,33.5933
1609856760,33.6
1609856820,33.6
1609856880,33.6
1609856940,33.6
1609857000,33.5967
1609857060,33.5867
1609857120,33.5667
1609857180,33.535
1609857240,33.5433
1609857300,33.575
1609857360,33.5683
1609857420,33.5417
1609857480,33.5
1609857540,33.503299999999996
1609857600,33.53
1609857660,33.5167
1609857720,33.521699999999996
1609857780,33.55
1609857840,33.5817
1609857900,33.588300000000004
1609857960,33.57
1609858020,33.5817
1609858080,33.5767
1609858140,33.5767
1609858200,33.5933
1609858260,33.59
1609858320,33.5867
1609858380,33.5917
1609858440,33.6
1609858500,33.595
1609858560,33.5383
1609858620,33.5083
1609858680,33.5017
1609858740,33.504999999999995
1609858800,33.5433
1609858860,33.53
1609858920,33.510000000000005
1609858980,33.5083
1609859040,33.503299999999996
1609859100,33.506699999999995
1609859160,33.5017
1609859220,33.5017
1609859280,33.5
1609859340,33.5
1609859400,33.5
1609859460,33.4983
1609859520,33.5
1609859580,33.5
1609859640,33.5
1609859700,33.4983
1609859760,33.493300000000005
1609859820,33.493300000000005
1609859880,33.495000000000005
1609859940,33.4867
1609860000,33.496700000000004
1609860060,33.47
1609860120,33.4917
1609860180,33.4983
1609860240,33.496700000000004
1609860300,33.495000000000005
1609860360,33.473299999999995
1609860420,33.4583
1609860480,33.480000000000004
1609860540,33.496700000000004
1609860600,33.4917
1609860660,33.46
1609860720,33.46
1609860780,33.485
1609860840,33.4683
1609860900,33.4417
1609860960,33.4533
1609861020,33.4433
1609861080,33.44
1609861140,33.411699999999996
1609861200,33.4083
1609861260,33.4133
1609861320,33.4133
1609861380,33.4167
1609861440,33.4
1609861500,33.4
1609861560,33.4067
1609861620,33.405
1609861680,33.4
1609861740,33.401700000000005
1609861800,33.405
1609861860,33.4
1609861920,33.411699999999996
1609861980,33.411699999999996
1609862040,33.42
1609862100,33.4483
1609862160,33.475
1609862220,33.481700000000004
1609862280,33.473299999999995
1609862340,33.4617
1609862400,33.475
1609862460,33.481700000000004
1609862520,33.4833
1609862580,33.473299999999995
1609862640,33.4617
1609862700,33.4433
1609862760,33.4517
1609862820,33.4533
1609862880,33.4717
1609862940,33.4583
1609863000,33.4383
1609863060,33.44
1609863120,33.4283
1609863180,33.401700000000005
1609863240,33.4083
1609863300,33.405
1609863360,33.405
1609863420,33.405
1609863480,33.401700000000005
1609863540,33.4
1609863600,33.4
1609863660,33.401700000000005
1609863720,33.4
1609863780,33.401700000000005
1609863840,33.4
1609863900,33.401700000000005
1609863960,33.4
1609864020,33.3983
1609864080,33.4
1609864140,33.4
1609864200,33.4
1609864260,33.4
1609864320,33.4
1609864380,33.4
1609864440,33.4
1609864500,33.4
1609864560,33.393299999999996
1609864620,33.3833
1609864680,33.3917
1609864740,33.39
1609864800,33.4
1609864860,33.394999999999996
1609864920,33.393299999999996
1609864980,33.34
1609865040,33.3367
1609865100,33.371700000000004
1609865160,33.394999999999996
1609865220,33.3917
1609865280,33.381699999999995
1609865340,33.378299999999996
1609865400,33.375
1609865460,33.364999999999995
1609865520,33.371700000000004
1609865580,33.39
1609865640,33.379999999999995
1609865700,33.393299999999996
1609865760,33.394999999999996
1609865820,33.393299999999996
1609865880,33.3583
1609865940,33.3117
1609866000,33.3017
1609866060,33.3067
1609866120,33.305
1609866180,33.305
1609866240,33.3267
1609866300,33.3233
1609866360,33.31
1609866420,33.3033
1609866480,33.3
1609866540,33.3
1609866600,33.3
1609866660,33.3
1609866720,33.3017
1609866780,33.305
1609866840,33.3083
1609866900,33.3
1609866960,33.3
1609867020,33.3033
1609867080,33.3
1609867140,33.3
1609867200,33.3033
1609867260,33.3
1609867320,33.3
1609867380,33.3
1609867440,33.3
1609867500,33.3
1609867560,33.3
1609867620,33.3
1609867680,33.3
1609867740,33.3
1609867800,33.3017
1609867860,33.3017
1609867920,33.3
1609867980,33.3
1609868040,33.3
1609868100,33.31
1609868160,33.3133
1609868220,33.3017
1609868280,33.3017
1609868340,33.3
1609868400,33.3
1609868460,33.3
1609868520,33.3
1609868580,33.3
1609868640,33.3017
1609868700,33.3017
1609868760,33.3
1609868820,33.3
1609868880,33.3
1609868940,33.3
1609869000,33.3
1609869060,33.3
1609869120,33.3
1609869180,33.3
1609869240,33.3
1609869300,33.3
1609869360,33.3
1609869420,33.2967
1609869480,33.3
1609869540,33.286699999999996
1609869600,33.29
1609869660,33.269999999999996
1609869720,33.2417
1609869780,33.235
1609869840,33.261700000000005
1609869900,33.269999999999996
1609869960,33.275
1609870020,33.260000000000005
1609870080,33.260000000000005
1609870140,33.246700000000004
1609870200,33.2367
1609870260,33.2333
1609870320,33.228300000000004
1609870380,33.271699999999996
1609870440,33.260000000000005
1609870500,33.239999999999995
1609870560,33.215
1609870620,33.2217
1609870680,33.2333
1609870740,33.2417
1609870800,33.2583
1609870860,33.2633
1609870920,33.261700000000005
1609870980,33.225
1609871040,33.2267
1609871100,33.225
1609871160,33.205
1609871220,33.205
1609871280,33.205
1609871340,33.2
1609871400,33.2
1609871460,33.2
1609871520,33.2
1609871580,33.205
1609871640,33.2167
1609871700,33.2117
1609871760,33.205
1609871820,33.205
1609871880,33.2117
1609871940,33.2
1609872000,33.2017
1609872060,33.2
1609872120,33.2033
1609872180,33.2
1609872240,33.2017
1609872300,33.230000000000004
1609872360,33.21
1609872420,33.2017
1609872480,33.2033
1609872540,33.2017
1609872600,33.2
1609872660,33.2
1609872720,33.2
1609872780,33.2
1609872840,33.2
1609872900,33.2
1609872960,33.2
1609873020,33.2
1609873080,33.2
1609873140,33.2
1609873200,33.2
1609873260,33.2
1609873320,33.2
1609873380,33.2
1609873440,33.2
1609873500,33.2
1609873560,33.2
1609873620,33.2
1609873680,33.2
1609873740,33.2
1609873800,33.2
1609873860,33.2
1609873920,33.2
1609873980,33.2
1609874040,33.2
1609874100,33.2
1609874160,33.2
1609874220,33.2
1609874280,33.2
1609874340,33.2
1609874400,33.2
1609874460,14.2
1609874520,14.2
1609874580,14.2
1609874640,14.2
1609874700,14.2
1609874760,14.2
1609874820,14.2
1609874880,14.2
1609874940,14.2
1609875000,14.2
1609875060,14.2
1609875120,14.2
1609875180,14.2
1609875240,14.2
1609875300,14.2
1609875360,14.2
1609875420,14.2
1609875480,14.2
1609875540,14.2
1609875600,14.2
1609875660,14.2
1609875720,14.2
1609875780,14.2
1609875840,14.2
1609875900,14.2
1609875960,14.2
1609876020,14.2
1609876080,14.2
1609876140,14.2
1609876200,14.1983
1609876260,14.2
1609876320,14.2
1609876380,14.2
1609876440,14.2
1609876500,14.2
1609876560,14.2
1609876620,14.2
1609876680,14.2
1609876740,14.2
1609876800,14.2
1609876860,14.2
1609876920,14.1983
1609876980,14.195
1609877040,14.1767
1609877100,14.1583
1609877160,14.165
1609877220,14.170000000000002
1609877280,14.155000000000001
1609877340,14.168299999999999
1609877400,14.170000000000002
1609877460,14.171700000000001
1609877520,14.166699999999999
1609877580,14.1833
1609877640,14.1967
1609877700,14.2
1609877760,14.2
1609877820,14.2
1609877880,14.2
1609877940,14.2
1609878000,14.2
1609878060,14.2
1609878120,14.2133
1609878180,14.2317
1609878240,14.265
1609878300,14.2867
1609878360,14.3
1609878420,14.3
1609878480,14.3
1609878540,14.3083
1609878600,14.3217
1609878660,14.375
1609878720,14.3917
1609878780,14.3967
1609878840,14.399999999999999
1609878900,14.401700000000002
1609878960,14.4133
1609879020,14.440000000000001
1609879080,14.476700000000001
1609879140,14.5
1609879200,14.5
1609879260,14.5
1609879320,14.5
1609879380,14.5
1609879440,14.5167
1609879500,14.523299999999999
1609879560,14.576699999999999
1609879620,14.598299999999998
1609879680,14.600000000000001
1609879740,14.600000000000001
1609879800,14.600000000000001
1609879860,14.600000000000001
1609879920,14.600000000000001
1609879980,14.600000000000001
1609880040,14.600000000000001
1609880100,28.6
1609880160,28.6
1609880220,28.6
1609880280,28.6
1609880340,28.6
1609880400,28.6
1609880460,28.6
1609880520,28.6
1609880580,28.6
1609880640,28.6
1609880700,28.6
1609880760,28.6
1609880820,28.6
1609880880,28.6
1609880940,28.6
1609881000,28.6
1609881060,28.6
1609881120,28.6
1609881180,28.6
1609881240,28.6
1609881300,28.6
1609881360,28.6
1609881420,28.6
1609881480,28.6
1609881540,28.6
1609881600,28.6
1609881660,28.6
1609881720,28.6
1609881780,28.6
1609881840,28.6
1609881900,28.6
1609881960,28.6
1609882020,28.6
1609882080,28.6
1609882140,28.6
1609882200,28.6
1609882260,28.6
1609882320,28.6
1609882380,28.6
1609882440,28.6
1609882500,28.6
1609882560,28.6017
1609882620,28.6
1609882680,28.6
1609882740,28.6067
1609882800,28.6067
1609882860,28.6067
1609882920,28.6067
1609882980,28.6
1609883040,28.6117
1609883100,28.605
1609883160,28.6133
1609883220,28.6083
1609883280,28.6033
1609883340,28.6067
1609883400,28.6067
1609883460,28.6
1609883520,28.6
1609883580,28.6
1609883640,28.6
1609883700,28.6033
1609883760,28.6017
1609883820,28.6
1609883880,28.6
1609883940,28.6017
1609884000,28.6
1609884060,28.6
1609884120,28.6
1609884180,28.6
1609884240,28.6
1609884300,28.6
1609884360,28.6
1609884420,28.6
1609884480,28.6
1609884540,28.6
1609884600,28.6
1609884660,28.6
1609884720,28.6
1609884780,28.6
1609884840,28.6
1609884900,28.6
1609884960,28.6
1609885020,28.6
1609885080,28.6
1609885140,28.6
1609885200,28.6
1609885260,28.6
1609885320,28.6
1609885380,28.6
1609885440,28.6
1609885500,28.6
1609885560,28.6
1609885620,28.6
1609885680,28.6
1609885740,28.6
1609885800,28.6
1609885860,28.6
1609885920,28.6
1609885980,28.6
1609886040,28.6
1609886100,28.6
1609886160,28.6
1609886220,28.6
1609886280,28.6
1609886340,28.5983
1609886400,28.5967
1609886460,28.595
1609886520,28.5867
1609886580,28.59
1609886640,28.5933
1609886700,28.5567
1609886760,28.5467
1609886820,28.5517
1609886880,28.5333
1609886940,28.5033
1609887000,28.5083
1609887060,28.5
1609887120,28.5
1609887180,28.4983
1609887240,28.4967
1609887300,28.5
1609887360,28.5
1609887420,28.4917
1609887480,28.4367
1609887540,28.415
1609887600,28.4167
1609887660,28.425
1609887720,28.4317
1609887780,28.4483
1609887840,28.4533
1609887900,28.4733
1609887960,28.475
1609888020,28.4717
1609888080,28.46
1609888140,28.4117
1609888200,28.42
1609888260,28.42
1609888320,28.415
1609888380,28.42
1609888440,28.4117
1609888500,28.4033
1609888560,28.4
1609888620,28.4
1609888680,28.4017
1609888740,28.4
1609888800,28.4
1609888860,28.4
1609888920,28.4
1609888980,28.4
1609889040,28.4017
1609889100,28.4
1609889160,28.4
1609889220,28.3967
1609889280,28.4
1609889340,28.3983
1609889400,28.4
1609889460,28.3983
1609889520,28.3867
1609889580,28.365
1609889640,28.3633
1609889700,28.3783
1609889760,28.38
1609889820,28.3783
1609889880,28.3867
1609889940,28.3917
1609890000,28.3933
1609890060,28.3833
1609890120,28.37
1609890180,28.3717
1609890240,28.3867
1609890300,28.4
1609890360,28.3983
1609890420,28.4
1609890480,28.4
1609890540,28.4
1609890600,28.4017
1609890660,28.4
1609890720,28.4083
1609890780,28.4333
1609890840,28.47
1609890900,28.4917
1609890960,28.5
1609891020,28.5
1609891080,28.5
1609891140,28.51
1609891200,28.5517
1609891260,28.5933
1609891320,28.6
1609891380,28.6
1609891440,28.6
1609891500,28.6
1609891560,28.6
1609891620,28.6017
1609891680,28.6133
1609891740,28.6567
1609891800,28.7
1609891860,28.7017
1609891920,28.7183
1609891980,28.7733
1609892040,28.8
1609892100,28.8
1609892160,28.8
1609892220,28.815
1609892280,28.875
1609892340,28.9
1609892400,28.9
1609892460,28.9
1609892520,28.9333
1609892580,28.9933
1609892640,29.0
1609892700,29.0183
1609892760,29.0617
1609892820,29.0933
1609892880,29.1
1609892940,29.1
1609893000,29.1
1609893060,29.1
1609893120,29.1
1609893180,29.1
1609893240,29.13
1609893300,29.1767
1609893360,29.2
1609893420,29.2
1609893480,29.2033
1609893540,29.235
1609893600,29.275
1609893660,29.29
1609893720,29.3
1609893780,29.3
1609893840,29.3017
1609893900,29.3
1609893960,29.3
1609894020,29.3083
1609894080,29.3117
1609894140,29.3
1609894200,29.3017
1609894260,29.3
1609894320,29.3
1609894380,29.2983
1609894440,29.2983
1609894500,29.2883
1609894560,29.245
1609894620,29.2217
1609894680,29.2
1609894740,29.1983
1609894800,29.175
1609894860,29.1383
1609894920,29.1117
1609894980,29.1033
1609895040,29.1
1609895100,29.1
1609895160,29.1
1609895220,29.1
1609895280,29.1
1609895340,29.1
1609895400,29.1
1609895460,29.1
1609895520,29.1
1609895580,29.065
1609895640,29.0167
1609895700,29.0
1609895760,28.9967
1609895820,28.955
1609895880,28.9033
1609895940,28.9017
1609896000,28.9
1609896060,28.8883
1609896120,28.8517
1609896180,28.815
1609896240,28.8017
1609896300,28.7983
1609896360,28.7983
1609896420,28.76
1609896480,28.71
1609896540,28.7
1609896600,28.7
1609896660,28.68
1609896720,28.6383
1609896780,28.615
1609896840,28.6017
1609896900,28.6
1609896960,28.6
1609897020,28.6
1609897080,28.6
1609897140,28.6
1609897200,28.6
1609897260,28.6
1609897320,28.6
1609897380,28.6
1609897440,28.6
1609897500,28.6
1609897560,28.6
1609897620,28.6
1609897680,28.6
1609897740,28.6
1609897800,28.6
1609897860,28.6
1609897920,28.6
1609897980,28.6
1609898040,28.6
1609898100,28.6
1609898160,28.6
1609898220,28.6
1609898280,28.6
1609898340,28.6
1609898400,28.6
1609898460,28.6
1609898520,28.6
1609898580,28.6
1609898640,28.6
1609898700,28.6
1609898760,28.6
1609898820,28.6
1609898880,28.6
1609898940,28.6
1609899000,28.5983
1609899060,28.5967
1609899120,28.575
1609899180,28.57
1609899240,28.5517
1609899300,28.5133
1609899360,28.5083
1609899420,28.505
1609899480,28.5033
1609899540,28.5067
1609899600,28.51
1609899660,28.5317
1609899720,28.525
1609899780,28.5067
1609899840,28.5117
1609899900,28.5133
1609899960,28.5067
1609900020,28.5
1609900080,28.5
1609900140,28.5
1609900200,28.5017
1609900260,28.5167
1609900320,28.515
1609900380,28.5333
1609900440,28.5283
1609900500,28.575
1609900560,28.585
1609900620,28.5833
1609900680,28.5667
1609900740,28.5583
1609900800,28.5617
1609900860,28.5533
1609900920,28.5683
1609900980,28.5483
1609901040,28.5583
1609901100,28.55
1609901160,28.5283
1609901220,28.5317
1609901280,28.5483
1609901340,28.535
1609901400,28.5583
1609901460,28.5733
1609901520,28.5633
1609901580,28.5317
1609901640,28.54
1609901700,28.535
1609901760,28.5267
1609901820,28.53
1609901880,28.5083
1609901940,28.5017
1609902000,28.5067
1609902060,28.5283
1609902120,28.515
1609902180,28.5067
1609902240,28.5133
1609902300,28.52
1609902360,28.5233
1609902420,28.525
1609902480,28.57
1609902540,28.57
1609902600,28.5583
1609902660,28.5717
1609902720,28.5667
1609902780,28.5683
1609902840,28.5683
1609902900,28.5617
1609902960,28.5767
1609903020,28.5767
1609903080,28.5317
1609903140,28.515
1609903200,28.5217
1609903260,28.5183
1609903320,28.5167
1609903380,28.5267
1609903440,28.5333
1609903500,28.5367
1609903560,28.5433
1609903620,28.55
1609903680,28.57
1609903740,28.57
1609903800,28.5333
1609903860,28.5133
1609903920,28.5233
1609903980,28.545
1609904040,28.53
1609904100,28.535
1609904160,28.55
1609904220,28.5433
1609904280,28.56
1609904340,28.5867
1609904400,28.5933
1609904460,28.5967
1609904520,28.6
1609904580,28.6
1609904640,28.6
1609904700,28.6
1609904760,28.6
1609904820,28.6
1609904880,28.6
1609904940,28.6
1609905000,28.6
1609905060,28.6
1609905120,28.6
1609905180,28.6
1609905240,28.6
1609905300,28.6
1609905360,28.6
1609905420,28.6
1609905480,28.6
1609905540,28.6
1609905600,28.6
1609905660,28.6
1609905720,28.6
1609905780,28.6
1609905840,28.6
1609905900,28.6
1609905960,28.62
1609906020,28.6417
1609906080,28.6383
1609906140,28.6517
1609906200,28.6833
1609906260,28.6983
1609906320,28.7
1609906380,28.7
1609906440,28.7
1609906500,28.7
1609906560,28.7017
1609906620,28.7117
1609906680,28.7267
1609906740,28.7133
1609906800,28.745
1609906860,28.765
1609906920,28.7783
1609906980,28.7933
1609907040,28.7933
1609907100,28.795
1609907160,28.79
1609907220,28.7867
1609907280,28.7933
1609907340,28.785
1609907400,28.7983
1609907460,28.7983
1609907520,28.8
1609907580,28.8
1609907640,28.8
1609907700,28.8
1609907760,28.8
1609907820,28.7967
1609907880,28.7883
1609907940,28.7917
1609908000,28.79
1609908060,28.8
1609908120,28.8
1609908180,28.8
1609908240,28.7983
1609908300,28.7967
1609908360,28.7983
1609908420,28.7983
1609908480,28.8
1609908540,28.7983
1609908600,28.7967
1609908660,28.7967
1609908720,28.7983
1609908780,28.8
1609908840,28.7917
1609908900,28.8
1609908960,28.7967
1609909020,28.7983
1609909080,28.7983
1609909140,28.8
1609909200,28.8
1609909260,28.8
1609909320,28.8
1609909380,28.8
1609909440,28.8
1609909500,28.8
1609909560,28.8
1609909620,28.8
1609909680,28.8
1609909740,28.8
1609909800,28.8
1609909860,28.8017
1609909920,28.8083
1609909980,28.8133
1609910040,28.8183
1609910100,28.8217
1609910160,28.8267
1609910220,28.82
1609910280,28.825
1609910340,28.855
1609910400,28.8517
1609910460,28.8433
1609910520,28.8433
1609910580,28.8567
1609910640,28.8617
1609910700,28.8683
1609910760,28.88
1609910820,28.8833
1609910880,28.87
1609910940,28.8883
1609911000,28.885
1609911060,28.89
1609911120,28.8983
1609911180,28.9
1609911240,28.9
1609911300,28.9
1609911360,28.9017
1609911420,28.9033
1609911480,28.9117
1609911540,28.92
1609911600,28.9433
1609911660,28.9483
1609911720,28.9817
1609911780,28.99
1609911840,28.9983
1609911900,28.9983
1609911960,28.9983
1609912020,29.0
1609912080,29.0
1609912140,29.0
1609912200,29.0
1609912260,29.0
1609912320,29.0
1609912380,29.005
1609912440,29.0133
1609912500,29.0117
1609912560,29.025
1609912620,29.0533
1609912680,32.0683
1609912740,32.0683
1609912800,32.0717
1609912860,32.0917
1609912920,32.0783
1609912980,32.0667
1609913040,32.0767
1609913100,32.085
1609913160,32.0817
1609913220,32.0967
1609913280,32.1
1609913340,32.098299999999995
1609913400,32.1
1609913460,32.1
1609913520,32.1
1609913580,32.1
1609913640,32.1
1609913700,32.1
1609913760,32.1
1609913820,32.1
1609913880,32.1
1609913940,32.1
1609914000,32.1
1609914060,32.1
1609914120,32.1
1609914180,32.1
1609914240,32.1
1609914300,32.1
1609914360,32.1
1609914420,32.1
1609914480,32.1
1609914540,32.1
1609914600,32.1
1609914660,32.1
1609914720,32.1
1609914780,32.1
1609914840,32.1
1609914900,32.1
1609914960,32.1
1609915020,32.1
1609915080,32.1
1609915140,32.1
1609915200,32.1
1609915260,32.1
1609915320,32.1
1609915380,32.1
1609915440,32.1
1609915500,32.1
1609915560,32.1017
1609915620,32.105000000000004
1609915680,32.11
1609915740,32.128299999999996
1609915800,32.143299999999996
1609915860,32.1567
1609915920,32.1767
1609915980,32.1933
1609916040,32.1983
1609916100,32.1967
1609916160,32.2
1609916220,32.2
1609916280,32.2
1609916340,32.2033
1609916400,32.2017
1609916460,32.2017
1609916520,32.2067
1609916580,32.2167
1609916640,32.205
1609916700,32.2117
1609916760,32.223299999999995
1609916820,32.25
1609916880,32.2517
1609916940,32.268299999999996
1609917000,32.28
1609917060,32.28
1609917120,32.2983
1609917180,32.2967
1609917240,32.3
1609917300,32.2983
1609917360,32.3
1609917420,32.3
1609917480,32.3
1609917540,32.3
1609917600,32.3
1609917660,32.3
1609917720,32.3
1609917780,32.3
1609917840,32.3
1609917900,32.3
1609917960,32.3
1609918020,32.3
1609918080,32.3
1609918140,32.3017
1609918200,32.3
1609918260,32.3
1609918320,32.3033
1609918380,32.3
1609918440,32.3033
1609918500,32.3033
1609918560,32.3
1609918620,32.305
1609918680,32.305
1609918740,32.3083
1609918800,32.3183
1609918860,32.325
1609918920,32.3217
1609918980,32.3183
1609919040,32.315
1609919100,32.33
1609919160,32.3333
1609919220,32.3583
1609919280,32.375
1609919340,32.3767
1609919400,32.39
1609919460,32.396699999999996
1609919520,32.3983
1609919580,32.4
1609919640,32.3983
1609919700,32.4
1609919760,32.4
1609919820,32.396699999999996
1609919880,32.3983
1609919940,32.4
1609920000,32.394999999999996
1609920060,32.3983
1609920120,32.39
1609920180,32.3883
1609920240,32.385000000000005
1609920300,32.396699999999996
1609920360,32.3917
1609920420,32.3917
1609920480,32.386700000000005
1609920540,32.386700000000005
1609920600,32.381699999999995
1609920660,32.3883
1609920720,32.3917
1609920780,32.375
1609920840,32.3517
1609920900,32.345
1609920960,32.3267
1609921020,32.3083
1609921080,32.3017
1609921140,32.3
1609921200,32.3017
1609921260,32.3
1609921320,32.3
1609921380,32.3
1609921440,32.3017
1609921500,32.3017
1609921560,32.3
1609921620,32.3
1609921680,32.3
1609921740,32.3
1609921800,32.3
1609921860,32.3
1609921920,32.3
1609921980,32.3
1609922040,32.3
1609922100,32.3
1609922160,32.3
1609922220,32.3017
1609922280,32.3
1609922340,32.3
1609922400,32.3
1609922460,32.3
1609922520,32.2983
1609922580,32.3
1609922640,32.3
1609922700,32.3
1609922760,32.3
1609922820,32.3
1609922880,32.3
1609922940,32.3
1609923000,32.3
1609923060,32.3
1609923120,32.3
1609923180,32.3
1609923240,32.3
1609923300,32.3
1609923360,32.3
1609923420,32.3
1609923480,32.3
1609923540,32.3
1609923600,32.3
1609923660,32.2967
1609923720,32.2967
1609923780,32.295
1609923840,32.2933
1609923900,32.2983
1609923960,32.295
1609924020,32.295
1609924080,32.2983
1609924140,32.2883
1609924200,32.29
1609924260,32.2883
1609924320,32.2883
1609924380,32.275
1609924440,32.271699999999996
1609924500,32.271699999999996
1609924560,32.246700000000004
1609924620,32.2333
1609924680,32.245000000000005
1609924740,32.239999999999995
1609924800,32.2483
1609924860,32.2633
1609924920,32.2333
1609924980,32.2067
1609925040,32.2
1609925100,32.230000000000004
1609925160,32.2583
1609925220,32.261700000000005
1609925280,32.2667
1609925340,32.271699999999996
1609925400,32.286699999999996
1609925460,32.2983
1609925520,32.2883
1609925580,32.2967
1609925640,32.295
1609925700,32.285
1609925760,32.2967
1609925820,32.2783
1609925880,32.275
1609925940,32.2917
1609926000,32.2917
1609926060,32.2917
1609926120,32.285
1609926180,32.295
1609926240,32.2917
1609926300,32.2967
1609926360,32.2883
1609926420,32.2883
1609926480,32.2883
1609926540,32.2833
1609926600,32.2833
1609926660,32.2883
1609926720,32.286699999999996
1609926780,32.285
1609926840,32.28
1609926900,32.28
1609926960,32.2667
1609927020,32.2733
1609927080,32.271699999999996
1609927140,32.276700000000005
1609927200,32.276700000000005
1609927260,32.2833
1609927320,32.2817
1609927380,32.276700000000005
1609927440,32.2883
1609927500,32.285
1609927560,32.2917
1609927620,32.2967
1609927680,32.3
1609927740,32.2983
1609927800,32.3
1609927860,32.3
1609927920,32.3
1609927980,32.3
1609928040,32.305
1609928100,32.3133
1609928160,32.32
1609928220,32.3233
1609928280,32.3467
1609928340,32.3167
1609928400,32.3083
1609928460,32.305
1609928520,32.31
1609928580,32.3267
1609928640,32.3133
1609928700,32.34
1609928760,32.353300000000004
1609928820,32.3467
1609928880,32.3833
1609928940,32.375
1609929000,32.368300000000005
1609929060,32.355000000000004
1609929120,32.3767
1609929180,32.353300000000004
1609929240,32.3367
1609929300,32.32
1609929360,32.3333
1609929420,32.3283
1609929480,32.3267
1609929540,32.3167
1609929600,32.353300000000004
1609929660,32.35
1609929720,32.3617
1609929780,32.364999999999995
1609929840,32.3767
1609929900,32.3667
1609929960,32.3767
1609930020,32.385000000000005
1609930080,32.379999999999995
1609930140,32.3917
1609930200,32.3883
1609930260,32.378299999999996
1609930320,32.370000000000005
1609930380,32.379999999999995
1609930440,32.393299999999996
1609930500,32.396699999999996
1609930560,32.396699999999996
1609930620,32.396699999999996
1609930680,32.394999999999996
1609930740,32.4
1609930800,32.393299999999996
1609930860,32.396699999999996
1609930920,32.3983
1609930980,32.4
1609931040,32.4
1609931100,32.4
1609931160,32.4
1609931220,32.4
1609931280,32.4
1609931340,32.4
1609931400,32.4
1609931460,32.4
1609931520,32.4
1609931580,32.4
1609931640,32.4
1609931700,32.4
1609931760,32.4
1609931820,32.4
1609931880,32.4
1609931940,32.4
1609932000,32.4
1609932060,32.4
1609932120,32.4
1609932180,32.4
1609932240,32.401700000000005
1609932300,32.4
1609932360,32.401700000000005
1609932420,32.4
1609932480,32.4
1609932540,32.4
1609932600,32.4
1609932660,32.4
1609932720,32.4
1609932780,32.401700000000005
1609932840,32.4
1609932900,32.4
1609932960,32.4033
1609933020,32.401700000000005
1609933080,32.4083
1609933140,32.4033
1609933200,32.4067
1609933260,32.405
1609933320,32.4
1609933380,32.401700000000005
1609933440,32.401700000000005
1609933500,32.405
1609933560,32.4133
1609933620,32.4083
1609933680,32.401700000000005
1609933740,32.4067
1609933800,32.405
1609933860,32.4033
1609933920,32.411699999999996
1609933980,32.4367
1609934040,32.4383
1609934100,32.425
1609934160,32.435
1609934220,32.42
1609934280,32.4567
1609934340,32.4567
1609934400,32.4467
1609934460,32.44
1609934520,32.4517
1609934580,32.4717
1609934640,32.488299999999995
1609934700,32.4867
1609934760,32.489999999999995
1609934820,32.4717
1609934880,32.4667
1609934940,32.455
1609935000,32.475
1609935060,32.445
1609935120,32.41
1609935180,32.4067
1609935240,32.4083
1609935300,32.4283
1609935360,32.43
1609935420,32.4167
1609935480,32.405
1609935540,32.4083
1609935600,32.405
1609935660,32.42
1609935720,32.4317
1609935780,32.435
1609935840,32.4533
1609935900,32.4617
1609935960,32.4417
1609936020,32.415
1609936080,32.411699999999996
1609936140,32.4067
1609936200,32.4133
1609936260,32.4217
1609936320,32.4083
1609936380,32.405
1609936440,32.41
1609936500,32.4167
1609936560,32.4033
1609936620,32.4083
1609936680,32.415
1609936740,32.4467
1609936800,32.45
1609936860,32.455
1609936920,32.445
1609936980,32.4583
1609937040,32.46
1609937100,32.4833
1609937160,32.489999999999995
1609937220,32.481700000000004
1609937280,32.4717
1609937340,32.4833
1609937400,32.4433
1609937460,32.4133
1609937520,32.4183
1609937580,32.4083
1609937640,32.405
1609937700,32.4133
1609937760,32.43
1609937820,32.4083
1609937880,32.405
1609937940,32.4
1609938000,32.4317
1609938060,32.411699999999996
1609938120,32.4217
1609938180,32.4433
1609938240,32.455
1609938300,32.4283
1609938360,32.405
1609938420,32.4067
1609938480,32.4067
1609938540,32.4
1609938600,32.4183
1609938660,32.4183
1609938720,32.4167
1609938780,32.411699999999996
1609938840,32.4533
1609938900,32.4717
1609938960,32.488299999999995
1609939020,32.4983
1609939080,32.5
1609939140,32.5
1609939200,32.4983
1609939260,32.4983
1609939320,32.4917
1609939380,32.4683
1609939440,32.465
1609939500,32.4467
1609939560,32.4217
1609939620,32.43
1609939680,32.4217
1609939740,32.4167
1609939800,32.4667
1609939860,32.496700000000004
1609939920,32.5
1609939980,32.496700000000004
1609940040,32.496700000000004
1609940100,32.4983
1609940160,32.5
1609940220,32.5
1609940280,32.478300000000004
1609940340,32.465
1609940400,32.488299999999995
1609940460,32.496700000000004
1609940520,32.495000000000005
1609940580,32.495000000000005
1609940640,32.5
1609940700,32.5
1609940760,32.5
1609940820,32.5
1609940880,32.5
1609940940,32.5
1609941000,32.5
1609941060,32.5
1609941120,32.5
1609941180,32.5
1609941240,32.5
1609941300,32.5
1609941360,32.5
1609941420,32.5
1609941480,32.5
1609941540,32.5
1609941600,32.5
1609941660,32.5
1609941720,32.5
1609941780,32.5
1609941840,32.5
1609941900,32.5
1609941960,32.5
1609942020,32.5
1609942080,32.5
1609942140,32.5
1609942200,32.5
1609942260,32.5
1609942320,32.5
1609942380,32.5
1609942440,32.5
1609942500,32.5
1609942560,32.5
1609942620,32.5
1609942680,32.5
1609942740,32.5
1609942800,32.5
1609942860,32.5
1609942920,32.5
1609942980,32.5
1609943040,32.5
1609943100,32.5
1609943160,32.5
1609943220,32.5
1609943280,32.5
1609943340,32.5
1609943400,32.5
1609943460,32.5
1609943520,32.5017
1609943580,32.5
1609943640,32.5
1609943700,32.5
1609943760,32.5
1609943820,32.503299999999996
1609943880,32.5083
1609943940,32.5
1609944000,32.5
1609944060,32.5
1609944120,32.5
1609944180,32.5
1609944240,32.5
1609944300,32.5083
1609944360,32.510000000000005
1609944420,32.503299999999996
1609944480,32.5017
1609944540,32.5017
1609944600,32.5017
1609944660,32.5017
1609944720,32.5
1609944780,32.503299999999996
1609944840,32.5
1609944900,32.5
1609944960,32.5
1609945020,32.5
1609945080,32.5
1609945140,32.5
1609945200,32.5
1609945260,32.5
1609945320,32.5017
1609945380,32.503299999999996
1609945440,32.504999999999995
1609945500,32.518299999999996
1609945560,32.5083
1609945620,32.5467
1609945680,32.5233
1609945740,32.5233
1609945800,32.521699999999996
1609945860,32.5283
1609945920,32.5617
1609945980,32.511700000000005
1609946040,32.506699999999995
1609946100,32.510000000000005
1609946160,32.5017
1609946220,32.5167
1609946280,32.525
1609946340,32.5167
1609946400,32.5383
1609946460,32.5933
1609946520,32.598299999999995
1609946580,32.6
1609946640,32.6
1609946700,32.6017
1609946760,32.6017
1609946820,32.6
1609946880,32.603300000000004
1609946940,32.6167
1609947000,32.6167
1609947060,32.61
1609947120,32.628299999999996
1609947180,32.61
1609947240,32.6
1609947300,32.606700000000004
1609947360,32.606700000000004
1609947420,32.6
1609947480,32.5933
1609947540,32.5717
1609947600,32.5617
1609947660,32.588300000000004
1609947720,34.2117
1609947780,46.77
1609947840,53.0683
1609947900,53.7067
1609947960,52.9183
1609948020,52.34
1609948080,52.28
1609948140,52.5067
1609948200,52.6433
1609948260,52.6417
1609948320,52.4767
1609948380,52.205
1609948440,51.9667
1609948500,51.72
1609948560,51.5917
1609948620,51.4483
1609948680,51.265
1609948740,51.125
1609948800,50.9767
1609948860,50.7133
1609948920,50.535
1609948980,50.385
1609949040,50.2967
1609949100,50.1833
1609949160,50.0833
1609949220,50.0
1609949280,50.0
1609949340,49.9183
1609949400,49.8417
1609949460,49.795
1609949520,49.715
1609949580,49.6067
1609949640,49.4767
1609949700,49.4
1609949760,49.3467
1609949820,49.2917
1609949880,49.2267
1609949940,49.1817
1609950000,49.0967
1609950060,49.0083
1609950120,48.9917
1609950180,48.9783
1609950240,48.985
1609950300,48.8967
1609950360,48.8417
1609950420,48.7517
1609950480,48.7033
1609950540,48.6533
1609950600,48.6483
1609950660,48.6333
1609950720,48.6
1609950780,48.6
1609950840,48.6
1609950900,48.6
1609950960,48.5883
1609951020,48.505
1609951080,48.4867
1609951140,48.4433
1609951200,48.4
1609951260,48.3983
1609951320,48.39
1609951380,48.375
1609951440,48.3383
1609951500,48.3
1609951560,48.3
1609951620,48.2883
1609951680,48.255
1609951740,48.205
1609951800,48.1983
1609951860,48.1983
1609951920,48.2017
1609951980,48.2083
1609952040,48.2233
1609952100,48.21
1609952160,48.215
1609952220,48.1967
1609952280,48.135
1609952340,48.14
1609952400,48.1133
1609952460,48.1167
1609952520,48.1133
1609952580,48.1917
1609952640,48.2
1609952700,48.1567
1609952760,48.1017
1609952820,48.1
1609952880,48.1
1609952940,48.1
1609953000,48.1
1609953060,48.1
1609953120,48.1017
1609953180,48.17
1609953240,48.1967
1609953300,48.165
1609953360,48.1867
1609953420,48.1217
1609953480,48.105
1609953540,48.1
1609953600,48.1
1609953660,48.1
1609953720,48.1
1609953780,48.1433
1609953840,48.2
1609953900,48.2
1609953960,48.1917
1609954020,48.1633
1609954080,48.195
1609954140,48.2
1609954200,48.2267
1609954260,48.27
1609954320,48.225
1609954380,48.2017
1609954440,48.2017
1609954500,48.2
1609954560,48.2017
1609954620,48.22
1609954680,48.2583
1609954740,48.3
1609954800,48.2983
1609954860,48.2967
1609954920,48.325
1609954980,48.3383
1609955040,48.3783
1609955100,48.395
1609955160,48.4
1609955220,48.3983
1609955280,48.3933
1609955340,48.3933
1609955400,48.385
1609955460,48.3983
1609955520,48.4
1609955580,48.4283
1609955640,48.4933
1609955700,48.5
1609955760,48.5033
1609955820,48.5067
1609955880,48.5217
1609955940,48.5183
1609956000,48.5
1609956060,48.545
1609956120,48.5633
1609956180,48.5917
1609956240,48.5817
1609956300,48.6
1609956360,48.6
1609956420,48.6
1609956480,48.6
1609956540,48.6
1609956600,48.6
1609956660,48.6
1609956720,48.6
1609956780,48.6067
1609956840,48.685
1609956900,48.7
1609956960,48.7067
1609957020,48.7017
1609957080,48.705
1609957140,48.7283
1609957200,48.755
1609957260,48.7983
1609957320,48.7883
1609957380,48.7817
1609957440,48.8
1609957500,48.8183
1609957560,48.8283
1609957620,48.8667
1609957680,48.8967
1609957740,48.8983
1609957800,48.9183
1609957860,48.9333
1609957920,48.9517
1609957980,48.955
1609958040,49.0
1609958100,49.0
1609958160,49.0
1609958220,49.0
1609958280,49.0
1609958340,49.0
1609958400,49.0
1609958460,49.0
1609958520,49.0
1609958580,49.025
1609958640,49.0867
1609958700,49.0983
1609958760,49.095
1609958820,49.0983
1609958880,49.1083
1609958940,49.1283
1609959000,49.11
1609959060,49.19
1609959120,49.2
1609959180,49.2017
1609959240,49.205
1609959300,49.225
1609959360,49.295
1609959420,49.3
1609959480,49.315
1609959540,49.3217
1609959600,49.3483
1609959660,49.3967
1609959720,49.4
1609959780,49.4
1609959840,49.4
1609959900,49.4
1609959960,49.4
1609960020,49.4
1609960080,49.4033
1609960140,49.41
1609960200,49.45
1609960260,49.4967
1609960320,49.4983
1609960380,49.5
1609960440,49.5
1609960500,49.5217
1609960560,49.58
1609960620,49.6
1609960680,49.6
1609960740,49.6017
1609960800,49.64
1609960860,49.695
1609960920,49.7
1609960980,49.705
1609961040,49.7683
1609961100,49.8
1609961160,49.7917
1609961220,49.7833
1609961280,49.8017
1609961340,49.84
1609961400,49.8283
1609961460,49.8217
1609961520,49.8833
1609961580,49.9
1609961640,49.9
1609961700,49.9
1609961760,49.9
1609961820,49.9
1609961880,49.9017
1609961940,49.91
1609962000,49.95
1609962060,49.95
1609962120,49.9767
1609962180,50.0033
1609962240,50.0317
1609962300,50.0817
1609962360,50.08
1609962420,50.0967
1609962480,50.1
1609962540,50.1
1609962600,50.1
1609962660,50.1017
1609962720,50.135
1609962780,50.1917
1609962840,50.185
1609962900,50.1983
1609962960,50.2
1609963020,50.2
1609963080,50.2083
1609963140,50.2217
1609963200,50.2717
1609963260,50.3
1609963320,50.3
1609963380,50.3
1609963440,50.3
1609963500,50.3
1609963560,50.3
1609963620,50.3017
1609963680,50.34
1609963740,50.35
1609963800,50.325
1609963860,50.3867
1609963920,50.4
1609963980,50.4017
1609964040,50.4283
1609964100,50.465
1609964160,50.495
1609964220,50.4983
1609964280,50.505
1609964340,50.585
1609964400,50.5917
1609964460,50.5783
1609964520,50.5867
1609964580,50.6
1609964640,50.6033
1609964700,50.6717
1609964760,50.6983
1609964820,50.7
1609964880,50.7
1609964940,50.7
1609965000,50.7
1609965060,50.7
1609965120,50.7
1609965180,50.7033
1609965240,50.7283
1609965300,50.7783
1609965360,50.7983
1609965420,50.8017
1609965480,50.815
1609965540,50.87
1609965600,50.8567
1609965660,50.8917
1609965720,50.9
1609965780,50.9
1609965840,50.925
1609965900,50.9833
1609965960,50.9767
1609966020,50.995
1609966080,51.0233
1609966140,51.0617
1609966200,51.0717
1609966260,51.03
1609966320,51.0867
1609966380,51.0983
1609966440,51.1
1609966500,51.1
1609966560,51.1
1609966620,51.1
1609966680,51.1
1609966740,51.1017
1609966800,51.1133
1609966860,51.1483
1609966920,51.1667
1609966980,51.19
1609967040,51.2033
1609967100,51.2317
1609967160,51.2317
1609967220,51.2333
1609967280,51.2917
1609967340,51.3
1609967400,51.3117
1609967460,51.3867
1609967520,51.395
1609967580,51.4
1609967640,51.4133
1609967700,51.415
1609967760,51.4867
1609967820,51.5
1609967880,51.5033
1609967940,51.51
1609968000,51.565
1609968060,51.5983
1609968120,51.6
1609968180,51.6
1609968240,51.6
1609968300,51.6
1609968360,51.6
1609968420,51.6
1609968480,51.6
1609968540,51.6017
1609968600,51.6333
1609968660,51.6767
1609968720,51.7
1609968780,51.7017
1609968840,51.745
1609968900,51.78
1609968960,51.7283
1609969020,51.7217
1609969080,51.7883
1609969140,51.8
1609969200,51.8
1609969260,51.845
1609969320,51.8933
1609969380,51.9
1609969440,51.9
1609969500,51.8983
1609969560,51.9017
1609969620,51.9117
1609969680,51.97
1609969740,51.9833
1609969800,51.9917
1609969860,52.0
1609969920,52.0
1609969980,52.0
1609970040,52.0
1609970100,52.0
1609970160,52.01
1609970220,52.0217
1609970280,52.0817
1609970340,52.095
1609970400,52.0983
1609970460,52.1
1609970520,52.1033
1609970580,52.14
1609970640,52.1667
1609970700,52.195
1609970760,52.2
1609970820,52.2
1609970880,52.2
1609970940,49.22
1609971000,49.265
1609971060,49.2667
1609971120,49.2867
1609971180,49.2983
1609971240,49.3033
1609971300,49.3233
1609971360,49.365
1609971420,49.3867
1609971480,49.3967
1609971540,49.395
1609971600,49.3983
1609971660,49.415
1609971720,49.4683
1609971780,49.5
1609971840,49.5
1609971900,49.5
1609971960,49.5
1609972020,49.5
1609972080,49.5
1609972140,49.5
1609972200,49.5
1609972260,49.5217
1609972320,49.5267
1609972380,49.5433
1609972440,49.5967
1609972500,49.6
1609972560,49.6
1609972620,49.6217
1609972680,49.6967
1609972740,49.7
1609972800,49.7
1609972860,49.7183
1609972920,49.7733
1609972980,49.79
1609973040,49.7983
1609973100,49.8017
1609973160,49.8083
1609973220,49.83
1609973280,49.84
1609973340,49.88
1609973400,49.9
1609973460,49.9
1609973520,49.9
1609973580,49.9
1609973640,49.9
1609973700,49.9
1609973760,49.9
1609973820,49.9
1609973880,49.905
1609973940,49.9283
1609974000,49.9517
1609974060,49.9883
1609974120,50.0
1609974180,50.0
1609974240,50.0017
1609974300,50.0233
1609974360,50.085
1609974420,50.0867
1609974480,50.0933
1609974540,50.1033
1609974600,50.13
1609974660,50.16
1609974720,50.1983
1609974780,50.1983
1609974840,50.2033
1609974900,50.2017
1609974960,50.2133
1609975020,50.2683
1609975080,50.2933
1609975140,50.3
1609975200,50.3
1609975260,50.3
1609975320,50.3
1609975380,50.3
1609975440,50.3
1609975500,50.3
1609975560,50.3
1609975620,50.3117
1609975680,50.3183
1609975740,50.355
1609975800,50.4
1609975860,50.4
1609975920,50.4233
1609975980,50.4683
1609976040,50.4883
1609976100,50.4933
1609976160,50.5017
1609976220,50.5
1609976280,50.5
1609976340,50.5333
1609976400,50.5567
1609976460,50.59
1609976520,50.6
1609976580,50.6
1609976640,50.6
1609976700,50.6083
1609976760,50.6683
1609976820,50.695
1609976880,50.7
1609976940,50.7033
1609977000,50.7117
1609977060,50.77
1609977120,50.7817
1609977180,50.7867
1609977240,50.7983
1609977300,50.8
1609977360,50.8
1609977420,50.8
1609977480,50.8
1609977540,50.8
1609977600,50.8
1609977660,50.8
1609977720,50.805
1609977780,50.8567
1609977840,50.8983
1609977900,50.8983
1609977960,50.905
1609978020,50.9033
1609978080,50.9
1609978140,50.9267
1609978200,50.9817
1609978260,50.9867
1609978320,50.9983
1609978380,51.0
1609978440,51.0017
1609978500,51.0033
1609978560,51.0283
1609978620,51.0917
1609978680,51.1
1609978740,51.1017
1609978800,51.1033
1609978860,51.1283
1609978920,51.1667
1609978980,51.1933
1609979040,51.2
1609979100,51.2
1609979160,51.2
1609979220,51.2
1609979280,51.2
1609979340,51.2
1609979400,51.2
1609979460,51.2
1609979520,51.2
1609979580,51.2117
1609979640,51.2717
1609979700,51.295
1609979760,51.3017
1609979820,51.3017
1609979880,51.305
1609979940,51.31
1609980000,51.3117
1609980060,51.385
1609980120,51.4
1609980180,51.4017
1609980240,51.465
1609980300,51.4933
1609980360,51.4933
1609980420,51.4983
1609980480,51.4983
1609980540,51.5
1609980600,51.5033
1609980660,51.5017
1609980720,51.5
1609980780,51.535
1609980840,51.59
1609980900,51.6
1609980960,51.6
1609981020,51.6
1609981080,51.6
1609981140,51.6
1609981200,51.6
1609981260,51.6067
1609981320,51.6517
1609981380,51.6617
1609981440,51.6567
1609981500,51.6883
1609981560,51.7
1609981620,51.7
1609981680,51.73
1609981740,51.7283
1609981800,51.73
1609981860,51.775
1609981920,51.7967
1609981980,51.8
1609982040,51.8083
1609982100,51.865
1609982160,51.8983
1609982220,51.9
1609982280,51.9033
1609982340,51.9
1609982400,51.9
1609982460,51.96
1609982520,51.9983
1609982580,52.0
1609982640,52.0
1609982700,51.9983
1609982760,51.9917
1609982820,51.9983
1609982880,52.0017
1609982940,52.0167
1609983000,52.0867
1609983060,52.095
1609983120,52.0983
1609983180,52.1
1609983240,52.1
1609983300,52.1
1609983360,52.1
1609983420,52.1
1609983480,52.1
1609983540,52.1
1609983600,52.1
1609983660,52.1
1609983720,52.1233
1609983780,52.1617
1609983840,52.1917
1609983900,52.1967
1609983960,52.2
1609984020,52.2
1609984080,52.2017
1609984140,52.2083
1609984200,52.215
1609984260,52.2517
1609984320,52.2983
1609984380,52.3
1609984440,52.3017
1609984500,52.3267
1609984560,52.3483
1609984620,52.4
1609984680,52.3817
1609984740,52.3867
1609984800,52.4
1609984860,52.4
1609984920,52.4
1609984980,52.3983
1609985040,52.4
1609985100,52.4183
1609985160,52.4917
1609985220,52.5
1609985280,52.5
1609985340,52.5
1609985400,52.5
1609985460,52.5
1609985520,52.5
1609985580,52.5
1609985640,52.5
1609985700,52.5
1609985760,52.52
1609985820,52.5883
1609985880,52.5817
1609985940,52.555
1609986000,52.5267
1609986060,52.5567
1609986120,52.6
1609986180,52.6033
1609986240,52.6083
1609986300,52.6233
1609986360,52.6783
1609986420,52.6967
1609986480,52.7
1609986540,52.7
1609986600,52.7
1609986660,52.7
1609986720,52.7017
1609986780,52.705
1609986840,52.7817
1609986900,52.8
1609986960,52.8083
1609987020,52.8817
1609987080,52.895
1609987140,52.8867
1609987200,52.845
1609987260,52.8383
1609987320,52.8433
1609987380,52.8933
1609987440,52.9
1609987500,52.8983
1609987560,52.8783
1609987620,52.8483
1609987680,52.8617
1609987740,52.875
1609987800,52.8367
1609987860,52.84
1609987920,52.8117
1609987980,52.81
1609988040,52.835
1609988100,52.8883
1609988160,52.8983
1609988220,52.8967
1609988280,52.9
1609988340,52.8967
1609988400,52.8917
1609988460,52.88
1609988520,52.8767
1609988580,52.8167
1609988640,52.815
1609988700,52.8617
1609988760,52.8817
1609988820,52.8633
1609988880,52.8317
1609988940,52.8983
1609989000,52.9
1609989060,52.8983
1609989120,52.865
1609989180,52.8233
1609989240,52.8017
1609989300,52.8
1609989360,52.815
1609989420,52.835
1609989480,52.89
1609989540,52.8517
1609989600,52.8117
1609989660,52.8
1609989720,52.8183
1609989780,52.8433
1609989840,52.8417
1609989900,52.805
1609989960,52.805
1609990020,52.8067
1609990080,52.8
1609990140,52.8
1609990200,52.8017
1609990260,52.8067
1609990320,52.8033
1609990380,52.8117
1609990440,52.8217
1609990500,52.8367
1609990560,52.8167
1609990620,52.82
1609990680,52.8217
1609990740,52.8117
1609990800,52.825
1609990860,52.8217
1609990920,52.8467
1609990980,52.8983
1609991040,52.885
1609991100,52.85
1609991160,52.8183
1609991220,52.805
1609991280,52.8
1609991340,52.8083
1609991400,52.8267
1609991460,52.875
1609991520,52.8783
1609991580,52.8933
1609991640,52.89
1609991700,52.8767
1609991760,52.8933
1609991820,52.83
1609991880,52.8033
1609991940,52.8
1609992000,52.8
1609992060,52.8
1609992120,52.8
1609992180,52.8
1609992240,52.8
1609992300,52.8
1609992360,52.8
1609992420,52.7917
1609992480,52.785
1609992540,52.7833
1609992600,52.7983
1609992660,52.8
1609992720,52.7983
1609992780,52.8
1609992840,52.825
1609992900,52.8233
1609992960,52.805
1609993020,52.8
1609993080,52.8
1609993140,52.8
1609993200,52.8
1609993260,52.805
1609993320,52.8483
1609993380,52.8767
1609993440,52.8967
1609993500,52.89
1609993560,52.825
1609993620,52.82
1609993680,52.8083
1609993740,52.81
1609993800,52.8
1609993860,52.8
1609993920,52.8
1609993980,52.8
1609994040,52.8
1609994100,52.8017
1609994160,52.8
1609994220,52.81
1609994280,52.805
1609994340,52.8433
1609994400,52.89
1609994460,52.8967
1609994520,52.8833
1609994580,52.8483
1609994640,52.8067
1609994700,52.8
1609994760,52.7867
1609994820,52.795
1609994880,52.8067
1609994940,52.84
1609995000,52.8333
1609995060,52.8183
1609995120,52.8067
1609995180,52.8017
1609995240,52.8
1609995300,52.795
1609995360,52.7983
1609995420,52.8
1609995480,52.8183
1609995540,52.8183
1609995600,52.8117
1609995660,52.8133
1609995720,52.8317
1609995780,52.8733
1609995840,52.8483
1609995900,52.8667
1609995960,52.8983
1609996020,52.8933
1609996080,52.895
1609996140,52.855
1609996200,52.8067
1609996260,52.805
1609996320,52.8033
1609996380,52.8017
1609996440,52.8
1609996500,52.8183
1609996560,52.8183
1609996620,52.81
1609996680,52.8
1609996740,52.8017
1609996800,52.8517
1609996860,52.8217
1609996920,52.8033
1609996980,52.8
1609997040,52.8033
1609997100,52.805
1609997160,52.8
1609997220,52.8
1609997280,52.8017
1609997340,52.8183
1609997400,52.83
1609997460,52.8583
1609997520,52.8283
1609997580,52.8017
1609997640,52.8
1609997700,52.8
1609997760,52.8
1609997820,52.7983
1609997880,52.8
1609997940,52.8033
1609998000,52.8033
1609998060,52.8417
1609998120,52.875
1609998180,52.8233
1609998240,52.8067
1609998300,52.8167
1609998360,52.815
1609998420,52.8467
1609998480,52.8183
1609998540,52.81
1609998600,52.8033
1609998660,52.8
1609998720,52.8
1609998780,52.8
1609998840,52.8017
1609998900,52.7983
1609998960,52.8
1609999020,52.8
1609999080,52.7983
1609999140,52.8
1609999200,52.7983
1609999260,52.8
1609999320,52.7983
1609999380,52.7917
1609999440,52.7967
1609999500,52.7967
1609999560,52.8
1609999620,52.7967
1609999680,52.7933
1609999740,52.795
1609999800,52.8
1609999860,52.8067
1609999920,52.8167
1609999980,52.8017
1610000040,52.8033
1610000100,52.8033
1610000160,52.8033
1610000220,52.8233
1610000280,52.8017
1610000340,52.8017
1610000400,52.8
1610000460,52.8017
1610000520,52.8033
1610000580,52.8
1610000640,52.8
1610000700,52.8
1610000760,52.8
1610000820,52.8
1610000880,52.7983
1610000940,52.8
1610001000,52.8117
1610001060,52.8017
1610001120,52.8
1610001180,52.8
1610001240,52.805
1610001300,52.8533
1610001360,52.8983
1610001420,52.8567
1610001480,52.8417
1610001540,52.8017
1610001600,52.8
1610001660,52.8
1610001720,52.8017
1610001780,52.8
1610001840,52.8
1610001900,52.8
1610001960,52.8
1610002020,52.8
1610002080,52.8083
1610002140,52.8017
1610002200,52.8
1610002260,52.8
1610002320,52.79
1610002380,52.7817
1610002440,52.77
1610002500,52.7717
1610002560,52.8
1610002620,52.8
1610002680,52.7983
1610002740,52.765
1610002800,52.735
1610002860,52.7817
1610002920,52.7817
1610002980,52.775
1610003040,52.76
1610003100,52.7933
1610003160,52.7967
1610003220,52.7917
1610003280,52.7983
1610003340,52.7917
1610003400,52.7933
1610003460,52.7517
1610003520,52.7733
1610003580,52.7717
1610003640,52.7967
1610003700,52.8
1610003760,52.8
1610003820,52.8083
1610003880,52.8367
1610003940,52.8033
1610004000,52.805
1610004060,52.8
1610004120,52.8
1610004180,52.8
1610004240,52.8
1610004300,52.7983
1610004360,52.7967
1610004420,52.7983
1610004480,52.8017
1610004540,52.8067
1610004600,52.815
1610004660,52.86
1610004720,52.8917
1610004780,52.85
1610004840,52.8117
1610004900,52.8
1610004960,52.8
1610005020,52.805
1610005080,52.855
1610005140,52.8683
1610005200,52.8433
1610005260,52.83
1610005320,52.8083
1610005380,52.8
1610005440,52.7983
1610005500,52.7983
1610005560,52.7983
1610005620,52.8
1610005680,52.8
1610005740,52.8
1610005800,52.8
1610005860,52.8
1610005920,52.8017
1610005980,52.8033
1610006040,52.8
1610006100,52.8067
1610006160,52.8017
1610006220,52.8
1610006280,52.8017
1610006340,52.8333
1610006400,52.87
1610006460,52.875
1610006520,52.885
1610006580,52.8633
1610006640,52.8067
1610006700,52.8217
1610006760,52.835
1610006820,52.81
1610006880,52.8
1610006940,52.8033
1610007000,52.8067
1610007060,52.8
1610007120,52.8
1610007180,52.8
1610007240,52.8
1610007300,52.8
1610007360,52.8017
1610007420,52.7983
1610007480,52.8
1610007540,52.8017
1610007600,52.8017
1610007660,52.8
1610007720,52.8083
1610007780,52.8
1610007840,52.8
1610007900,52.8
1610007960,52.8
1610008020,52.8
1610008080,52.8
1610008140,52.7917
1610008200,52.7917
1610008260,52.7967
1610008320,52.7983
1610008380,52.8
1610008440,52.7917
1610008500,52.7883
1610008560,52.8
1610008620,52.8017
1610008680,52.8
1610008740,52.8
1610008800,52.8
1610008860,52.8
1610008920,52.7983
1610008980,52.7967
1610009040,52.7933
1610009100,52.7783
1610009160,52.7983
1610009220,52.8
1610009280,52.8
1610009340,52.8017
1610009400,52.8
1610009460,52.8
1610009520,52.7967
1610009580,52.7883
1610009640,52.7983
1610009700,52.8
1610009760,52.8033
1610009820,52.8017
1610009880,52.805
1610009940,52.815
1610010000,52.8067
1610010060,52.8317
1610010120,52.8117
1610010180,52.8017
1610010240,52.8083
1610010300,52.815
1610010360,52.85
1610010420,52.8483
1610010480,52.8133
1610010540,52.8
1610010600,52.8
1610010660,52.8
1610010720,52.8033
1610010780,52.8017
1610010840,52.8
1610010900,52.8
1610010960,52.8
1610011020,52.8
1610011080,52.8
1610011140,52.8
1610011200,52.8
1610011260,52.7983
1610011320,52.8
1610011380,52.8
1610011440,52.7983
1610011500,52.8
1610011560,52.8
1610011620,52.8017
1610011680,52.8
1610011740,52.81
1610011800,52.81
1610011860,52.8
1610011920,52.8
1610011980,52.8017
1610012040,52.8
1610012100,52.8033
1610012160,52.8017
1610012220,52.805
1610012280,52.8017
1610012340,52.8167
1610012400,52.81
1610012460,52.8017
1610012520,52.8
1610012580,52.8033
1610012640,52.8
1610012700,52.8033
1610012760,52.8
1610012820,52.8
1610012880,52.8
1610012940,52.7967
1610013000,52.7967
1610013060,52.7983
1610013120,52.8083
1610013180,52.8017
1610013240,52.8
1610013300,52.8033
1610013360,52.8017
1610013420,52.8167
1610013480,52.8033
1610013540,52.8167
1610013600,52.8217
1610013660,52.8483
1610013720,52.8867
1610013780,52.8667
1610013840,52.8483
1610013900,52.8667
1610013960,52.8367
1610014020,52.8
1610014080,52.8067
1610014140,52.8083
1610014200,52.8017
1610014260,52.805
1610014320,52.8017
1610014380,52.8
1610014440,52.8017
1610014500,52.8
1610014560,52.8017
1610014620,52.8017
1610014680,52.8167
1610014740,52.8067
1610014800,52.7983
1610014860,52.7933
1610014920,52.79
1610014980,52.8
1610015040,52.8
1610015100,52.8
1610015160,52.8
1610015220,52.8
1610015280,52.8017
1610015340,52.83
1610015400,52.89
1610015460,52.8683
1610015520,52.8333
1610015580,52.8183
1610015640,52.86
1610015700,52.83
1610015760,52.8483
1610015820,52.84
1610015880,52.8633
1610015940,52.8433
1610016000,52.815
1610016060,52.8033
1610016120,52.8033
1610016180,52.8
1610016240,52.8017
1610016300,52.805
1610016360,52.8
1610016420,52.805
1610016480,52.8
1610016540,52.8
1610016600,52.8
1610016660,52.8
1610016720,52.8017
1610016780,52.7983
1610016840,52.8
1610016900,52.7983
1610016960,52.8
1610017020,52.8
1610017080,52.805
1610017140,52.8017
1610017200,52.8033
1610017260,52.8
1610017320,52.8
1610017380,52.8067
1610017440,52.8217
1610017500,52.805
1610017560,52.8
1610017620,52.8
1610017680,52.8017
1610017740,52.81
1610017800,52.8333
1610017860,52.8267
1610017920,52.84
1610017980,52.8317
1610018040,52.8033
1610018100,52.8083
1610018160,52.82
1610018220,52.8
1610018280,52.8017
1610018340,52.8
1610018400,52.8017
1610018460,52.8
1610018520,52.7983
1610018580,52.8
1610018640,52.8033
1610018700,52.8033
1610018760,52.8017
1610018820,52.8
1610018880,52.7983
1610018940,52.8
1610019000,52.8
1610019060,52.7933
1610019120,52.7867
1610019180,52.7767
1610019240,52.7883
1610019300,52.7983
1610019360,52.8117
1610019420,52.8067
1610019480,52.8
1610019540,52.7667
1610019600,52.795
1610019660,52.7983
1610019720,52.795
1610019780,52.795
1610019840,52.7933
1610019900,52.7933
1610019960,52.7983
1610020020,52.8
1610020080,52.8
1610020140,52.7917
1610020200,52.7967
1610020260,52.7983
1610020320,52.7983
1610020380,52.7967
1610020440,52.8
1610020500,52.8
1610020560,52.795
1610020620,52.8
1610020680,52.8
1610020740,52.805
1610020800,52.8017
1610020860,52.8
1610020920,52.8017
1610020980,52.8
1610021040,52.8
1610021100,52.8
1610021160,52.8
1610021220,52.8
1610021280,52.8
1610021340,52.805
1610021400,52.8083
1610021460,52.8033
1610021520,52.8
1610021580,52.8
1610021640,52.8
1610021700,52.8083
1610021760,52.81
1610021820,52.8
1610021880,52.7983
1610021940,52.7967
1610022000,52.7983
1610022060,52.7983
1610022120,52.8
1610022180,52.8
1610022240,52.8
1610022300,52.8
1610022360,52.805
1610022420,52.805
1610022480,52.8183
1610022540,52.8133
1610022600,52.805
1610022660,52.8
1610022720,52.8083
1610022780,52.8367
1610022840,52.815
1610022900,52.8017
1610022960,52.8083
1610023020,52.8283
1610023080,52.835
1610023140,52.8333
1610023200,52.8067
1610023260,52.82
1610023320,52.8683
1610023380,52.8983
1610023440,52.85
1610023500,52.8033
1610023560,52.81
1610023620,52.835
1610023680,52.8217
1610023740,52.8533
1610023800,52.815
1610023860,52.8083
1610023920,52.8
1610023980,52.8033
1610024040,52.8
1610024100,52.8
1610024160,52.8
1610024220,52.8017
1610024280,52.8033
1610024340,52.8017
1610024400,52.8033
1610024460,52.8033
1610024520,52.8
1610024580,52.8
1610024640,52.8
1610024700,52.7967
1610024760,52.8
1610024820,52.8
1610024880,52.8
1610024940,52.7983
1610025000,52.8
1610025060,52.7983
1610025120,52.7883
1610025180,52.8
1610025240,52.8
1610025300,52.8
1610025360,52.8
1610025420,52.7933
1610025480,52.7867
1610025540,52.7983
1610025600,52.8017
1610025660,52.8167
1610025720,52.8117
1610025780,52.8283
1610025840,52.8
1610025900,52.8
1610025960,52.8
1610026020,52.8
1610026080,52.8
1610026140,52.8
1610026200,52.795
1610026260,52.7967
1610026320,52.8
1610026380,52.8
1610026440,52.8
1610026500,52.8
1610026560,52.8
1610026620,52.8
1610026680,52.7983
1610026740,52.8
1610026800,52.8
1610026860,52.8
1610026920,52.8
1610026980,52.8
1610027040,52.8
1610027100,52.8
1610027160,52.7967
1610027220,52.7967
1610027280,52.7983
1610027340,52.805
1610027400,52.8017
1610027460,52.805
1610027520,52.8067
1610027580,52.8
1610027640,52.8017
1610027700,52.8017
1610027760,52.8033
1610027820,52.8117
1610027880,52.805
1610027940,52.8
1610028000,52.8017
1610028060,52.815
1610028120,52.8067
1610028180,52.8583
1610028240,52.8567
1610028300,52.8233
1610028360,52.8083
1610028420,56.8283
1610028480,56.8133
1610028540,56.835
1610028600,56.8533
1610028660,56.8433
1610028720,56.805
1610028780,56.8
1610028840,56.805
1610028900,56.8417
1610028960,56.8217
1610029020,56.8033
1610029080,56.8
1610029140,56.805
1610029200,56.8117
1610029260,56.8583
1610029320,56.8383
1610029380,56.81
1610029440,56.8
1610029500,56.8017
1610029560,56.8367
1610029620,56.8167
1610029680,56.8
1610029740,56.8
1610029800,56.8
1610029860,56.8
1610029920,56.8
1610029980,56.8
1610030040,56.8117
1610030100,56.835
1610030160,56.8217
1610030220,56.845
1610030280,56.8517
1610030340,56.82
